Price,Close,High,Low,Open,Volume
Ticker,VVPR,VVPR,VVPR,VVPR,VVPR
Date,,,,,
2015-05-27,97.30000305175781,98.0,97.30000305175781,97.5,1030
2015-05-28,97.4000015258789,97.4000015258789,97.19999694824219,97.19999694824219,560
2015-05-29,97.4000015258789,97.4000015258789,97.4000015258789,97.4000015258789,600
2015-06-01,97.4000015258789,97.4000015258789,97.4000015258789,97.4000015258789,0
2015-06-02,97.80000305175781,97.80000305175781,97.5,97.5,14650
2015-06-03,97.80000305175781,97.80000305175781,97.80000305175781,97.80000305175781,0
2015-06-04,97.69999694824219,97.9000015258789,97.69999694824219,97.9000015258789,540
2015-06-05,97.69999694824219,97.69999694824219,97.69999694824219,97.69999694824219,0
2015-06-08,97.69999694824219,97.69999694824219,97.69999694824219,97.69999694824219,0
2015-06-09,97.69999694824219,97.69999694824219,97.69999694824219,97.69999694824219,0
2015-06-10,97.69999694824219,97.69999694824219,97.69999694824219,97.69999694824219,0
2015-06-11,97.5,98.0,97.5,98.0,40
2015-06-12,97.5,97.5,97.5,97.5,0
2015-06-15,97.5999984741211,100.0,97.5,98.0,12810
2015-06-16,97.69999694824219,97.69999694824219,97.5999984741211,97.5999984741211,6250
2015-06-17,97.9000015258789,97.9000015258789,97.9000015258789,97.9000015258789,1580
2015-06-18,97.9000015258789,97.9000015258789,97.9000015258789,97.9000015258789,0
2015-06-19,97.9000015258789,97.9000015258789,97.9000015258789,97.9000015258789,0
2015-06-22,97.69999694824219,97.69999694824219,97.69999694824219,97.69999694824219,280
2015-06-23,97.69999694824219,97.69999694824219,97.69999694824219,97.69999694824219,100
2015-06-24,97.69999694824219,97.69999694824219,97.69999694824219,97.69999694824219,0
2015-06-25,100.19999694824219,100.19999694824219,98.0,98.0,20
2015-06-26,100.19999694824219,100.19999694824219,100.19999694824219,100.19999694824219,0
2015-06-29,98.19999694824219,98.19999694824219,98.19999694824219,98.19999694824219,50
2015-06-30,98.30000305175781,98.30000305175781,98.30000305175781,98.30000305175781,20
2015-07-01,97.69999694824219,97.69999694824219,97.69999694824219,97.69999694824219,30
2015-07-02,97.69999694824219,97.69999694824219,97.69999694824219,97.69999694824219,0
2015-07-06,98.5,98.5,98.5,98.5,30
2015-07-07,98.5,98.5,98.5,98.5,0
2015-07-08,98.5,98.5,98.5,98.5,0
2015-07-09,98.5,98.5,98.5,98.5,0
2015-07-10,97.9000015258789,97.9000015258789,97.9000015258789,97.9000015258789,60
2015-07-13,97.9000015258789,97.9000015258789,97.9000015258789,97.9000015258789,0
2015-07-14,98.0,98.0,98.0,98.0,70
2015-07-15,98.0,98.0,98.0,98.0,0
2015-07-16,98.0,98.0,98.0,98.0,0
2015-07-17,98.0,98.0,98.0,98.0,0
2015-07-20,98.0,98.0,98.0,98.0,0
2015-07-21,98.0,98.0,98.0,98.0,0
2015-07-22,98.0,98.0,98.0,98.0,0
2015-07-23,98.0,98.0,98.0,98.0,0
2015-07-24,98.0,98.0,98.0,98.0,0
2015-07-27,98.0,98.0,98.0,98.0,0
2015-07-28,98.0,98.0,98.0,98.0,110
2015-07-29,98.5,98.5,98.0,98.0,3900
2015-07-30,98.30000305175781,103.0,98.19999694824219,98.19999694824219,1100
2015-07-31,98.0,99.5,98.0,98.19999694824219,1820
2015-08-03,98.0,98.69999694824219,98.0,98.5,2410
2015-08-04,98.30000305175781,98.30000305175781,98.0,98.19999694824219,140
2015-08-05,98.4000015258789,98.80000305175781,98.19999694824219,98.19999694824219,860
2015-08-06,98.4000015258789,98.4000015258789,98.4000015258789,98.4000015258789,0
2015-08-07,98.4000015258789,98.4000015258789,98.4000015258789,98.4000015258789,0
2015-08-10,98.5,99.0,98.0,98.80000305175781,1200
2015-08-11,98.5,98.5,98.5,98.5,0
2015-08-12,98.5,98.5,98.5,98.5,190
2015-08-13,98.5,98.5,98.5,98.5,0
2015-08-14,98.5,98.5,98.5,98.5,0
2015-08-17,98.5,98.5,98.5,98.5,0
2015-08-18,98.5,98.5,98.5,98.5,0
2015-08-19,98.5,98.5,98.5,98.5,0
2015-08-20,98.5,98.5,98.5,98.5,0
2015-08-21,98.5,98.5,98.5,98.5,0
2015-08-24,98.5,98.5,98.5,98.5,0
2015-08-25,98.5,98.5,98.5,98.5,0
2015-08-26,98.5,98.5,98.5,98.5,0
2015-08-27,98.5,98.5,98.5,98.5,0
2015-08-28,98.5,98.5,98.5,98.5,0
2015-08-31,98.5,98.5,98.5,98.5,0
2015-09-01,98.5,98.5,98.5,98.5,0
2015-09-02,98.5,98.5,98.5,98.5,0
2015-09-03,98.5,98.5,98.5,98.5,0
2015-09-04,98.5,98.5,98.5,98.5,0
2015-09-08,98.0999984741211,98.0999984741211,98.0999984741211,98.0999984741211,30
2015-09-09,98.30000305175781,98.30000305175781,98.30000305175781,98.30000305175781,70
2015-09-10,98.30000305175781,98.30000305175781,98.30000305175781,98.30000305175781,0
2015-09-11,98.30000305175781,98.30000305175781,98.30000305175781,98.30000305175781,0
2015-09-14,98.30000305175781,98.30000305175781,98.30000305175781,98.30000305175781,0
2015-09-15,98.30000305175781,98.30000305175781,98.30000305175781,98.30000305175781,0
2015-09-16,98.30000305175781,98.30000305175781,98.30000305175781,98.30000305175781,0
2015-09-17,98.30000305175781,98.30000305175781,98.30000305175781,98.30000305175781,0
2015-09-18,98.30000305175781,98.30000305175781,98.30000305175781,98.30000305175781,0
2015-09-21,98.30000305175781,98.30000305175781,98.30000305175781,98.30000305175781,0
2015-09-22,98.30000305175781,98.30000305175781,98.30000305175781,98.30000305175781,0
2015-09-23,98.0999984741211,98.0999984741211,98.0999984741211,98.0999984741211,170
2015-09-24,98.0999984741211,98.0999984741211,98.0999984741211,98.0999984741211,0
2015-09-25,98.0999984741211,98.0999984741211,98.0999984741211,98.0999984741211,0
2015-09-28,98.0999984741211,98.0999984741211,98.0999984741211,98.0999984741211,20
2015-09-29,98.0999984741211,98.0999984741211,98.0999984741211,98.0999984741211,0
2015-09-30,98.0999984741211,98.0999984741211,98.0999984741211,98.0999984741211,0
2015-10-01,98.0999984741211,98.0999984741211,98.0999984741211,98.0999984741211,0
2015-10-02,98.0999984741211,98.0999984741211,98.0999984741211,98.0999984741211,810
2015-10-05,98.0999984741211,98.0999984741211,98.0999984741211,98.0999984741211,110
2015-10-06,98.0999984741211,98.0999984741211,98.0999984741211,98.0999984741211,0
2015-10-07,98.0999984741211,98.0999984741211,98.0999984741211,98.0999984741211,0
2015-10-08,98.0999984741211,98.0999984741211,98.0999984741211,98.0999984741211,90
2015-10-09,98.0999984741211,98.0999984741211,98.0999984741211,98.0999984741211,0
2015-10-12,98.0999984741211,98.0999984741211,98.0999984741211,98.0999984741211,0
2015-10-13,98.0999984741211,98.0999984741211,98.0999984741211,98.0999984741211,2430
2015-10-14,99.0999984741211,99.0999984741211,99.0999984741211,99.0999984741211,20
2015-10-15,99.0999984741211,99.0999984741211,99.0999984741211,99.0999984741211,0
2015-10-16,99.0999984741211,99.0999984741211,99.0999984741211,99.0999984741211,0
2015-10-19,99.0999984741211,99.0999984741211,99.0999984741211,99.0999984741211,0
2015-10-20,99.0999984741211,99.0999984741211,99.0999984741211,99.0999984741211,0
2015-10-21,99.0999984741211,99.0999984741211,99.0999984741211,99.0999984741211,0
2015-10-22,99.0999984741211,99.0999984741211,99.0999984741211,99.0999984741211,0
2015-10-23,99.0999984741211,99.0999984741211,99.0999984741211,99.0999984741211,0
2015-10-26,99.0999984741211,99.0999984741211,99.0999984741211,99.0999984741211,0
2015-10-27,99.0999984741211,99.0999984741211,99.0999984741211,99.0999984741211,0
2015-10-28,98.5,99.19999694824219,98.5,99.19999694824219,70
2015-10-29,99.19999694824219,99.19999694824219,99.0999984741211,99.0999984741211,40
2015-10-30,99.19999694824219,99.19999694824219,99.19999694824219,99.19999694824219,0
2015-11-02,99.5999984741211,99.5999984741211,99.5999984741211,99.5999984741211,20
2015-11-03,99.5999984741211,99.5999984741211,99.5999984741211,99.5999984741211,0
2015-11-04,99.5999984741211,99.5999984741211,99.5999984741211,99.5999984741211,0
2015-11-05,99.5999984741211,99.5999984741211,99.5999984741211,99.5999984741211,0
2015-11-06,99.5999984741211,99.5999984741211,99.5999984741211,99.5999984741211,0
2015-11-09,99.5999984741211,99.5999984741211,99.5999984741211,99.5999984741211,0
2015-11-10,99.5999984741211,99.5999984741211,99.5999984741211,99.5999984741211,0
2015-11-11,99.5999984741211,99.5999984741211,99.5999984741211,99.5999984741211,0
2015-11-12,99.5999984741211,99.5999984741211,99.5999984741211,99.5999984741211,0
2015-11-13,98.80000305175781,98.80000305175781,98.80000305175781,98.80000305175781,600
2015-11-16,98.0999984741211,98.0999984741211,98.0999984741211,98.0999984741211,10
2015-11-17,98.0999984741211,98.0999984741211,98.0999984741211,98.0999984741211,0
2015-11-18,98.0999984741211,98.0999984741211,98.0999984741211,98.0999984741211,0
2015-11-19,98.0999984741211,98.0999984741211,98.0999984741211,98.0999984741211,0
2015-11-20,98.0999984741211,98.19999694824219,98.0999984741211,98.19999694824219,2000
2015-11-23,98.0999984741211,98.0999984741211,98.0999984741211,98.0999984741211,0
2015-11-24,98.0999984741211,98.0999984741211,98.0999984741211,98.0999984741211,0
2015-11-25,98.0,98.19999694824219,98.0,98.19999694824219,4010
2015-11-27,98.0,98.0,98.0,98.0,0
2015-11-30,98.0,98.0,98.0,98.0,0
2015-12-01,98.0,98.0,98.0,98.0,0
2015-12-02,98.0,98.0,98.0,98.0,0
2015-12-03,98.0,98.0,98.0,98.0,0
2015-12-04,98.5999984741211,98.69999694824219,98.5999984741211,98.69999694824219,300
2015-12-07,98.5999984741211,98.5999984741211,98.5999984741211,98.5999984741211,0
2015-12-08,98.5999984741211,98.5999984741211,98.5999984741211,98.5999984741211,0
2015-12-09,98.5999984741211,98.5999984741211,98.5999984741211,98.5999984741211,0
2015-12-10,98.5999984741211,98.5999984741211,98.5999984741211,98.5999984741211,0
2015-12-11,98.5999984741211,98.5999984741211,98.5999984741211,98.5999984741211,0
2015-12-14,98.5999984741211,98.5999984741211,98.5999984741211,98.5999984741211,0
2015-12-15,98.5999984741211,98.5999984741211,98.5999984741211,98.5999984741211,0
2015-12-16,98.5999984741211,98.5999984741211,98.5999984741211,98.5999984741211,0
2015-12-17,98.9000015258789,98.9000015258789,98.9000015258789,98.9000015258789,590
2015-12-18,98.9000015258789,98.9000015258789,98.9000015258789,98.9000015258789,0
2015-12-21,98.9000015258789,98.9000015258789,98.9000015258789,98.9000015258789,0
2015-12-22,98.9000015258789,98.9000015258789,98.9000015258789,98.9000015258789,0
2015-12-23,98.9000015258789,98.9000015258789,98.9000015258789,98.9000015258789,0
2015-12-24,98.9000015258789,98.9000015258789,98.9000015258789,98.9000015258789,0
2015-12-28,98.9000015258789,98.9000015258789,98.9000015258789,98.9000015258789,0
2015-12-29,98.9000015258789,98.9000015258789,98.9000015258789,98.9000015258789,0
2015-12-30,98.9000015258789,98.9000015258789,98.9000015258789,98.9000015258789,0
2015-12-31,98.19999694824219,98.19999694824219,98.19999694824219,98.19999694824219,320
2016-01-04,98.19999694824219,98.19999694824219,97.5,97.5,380
2016-01-05,98.19999694824219,98.19999694824219,98.19999694824219,98.19999694824219,0
2016-01-06,98.19999694824219,98.19999694824219,98.19999694824219,98.19999694824219,0
2016-01-07,98.19999694824219,98.19999694824219,98.19999694824219,98.19999694824219,0
2016-01-08,98.4000015258789,98.4000015258789,97.9000015258789,97.9000015258789,470
2016-01-11,97.69999694824219,97.69999694824219,97.69999694824219,97.69999694824219,10
2016-01-12,97.69999694824219,97.69999694824219,97.69999694824219,97.69999694824219,0
2016-01-13,97.69999694824219,97.69999694824219,97.69999694824219,97.69999694824219,0
2016-01-14,97.69999694824219,97.69999694824219,97.69999694824219,97.69999694824219,0
2016-01-15,97.69999694824219,97.69999694824219,97.69999694824219,97.69999694824219,0
2016-01-19,97.69999694824219,97.69999694824219,97.69999694824219,97.69999694824219,0
2016-01-20,97.69999694824219,97.69999694824219,97.69999694824219,97.69999694824219,0
2016-01-21,97.69999694824219,97.69999694824219,97.69999694824219,97.69999694824219,0
2016-01-22,97.69999694824219,97.69999694824219,97.69999694824219,97.69999694824219,0
2016-01-25,98.30000305175781,98.30000305175781,97.5999984741211,98.30000305175781,50
2016-01-26,98.30000305175781,98.30000305175781,98.30000305175781,98.30000305175781,0
2016-01-27,98.30000305175781,98.30000305175781,98.30000305175781,98.30000305175781,0
2016-01-28,98.19999694824219,98.19999694824219,98.19999694824219,98.19999694824219,20
2016-01-29,98.19999694824219,98.19999694824219,98.19999694824219,98.19999694824219,0
2016-02-01,98.19999694824219,98.19999694824219,98.19999694824219,98.19999694824219,0
2016-02-02,98.69999694824219,98.69999694824219,98.69999694824219,98.69999694824219,10
2016-02-03,98.69999694824219,98.69999694824219,98.69999694824219,98.69999694824219,0
2016-02-04,98.80000305175781,98.80000305175781,98.5,98.5,460
2016-02-05,98.80000305175781,98.80000305175781,98.80000305175781,98.80000305175781,0
2016-02-08,98.80000305175781,98.80000305175781,98.80000305175781,98.80000305175781,0
2016-02-09,98.80000305175781,98.80000305175781,98.80000305175781,98.80000305175781,0
2016-02-10,98.80000305175781,98.80000305175781,98.80000305175781,98.80000305175781,0
2016-02-11,98.80000305175781,98.80000305175781,98.80000305175781,98.80000305175781,0
2016-02-12,98.80000305175781,98.80000305175781,98.80000305175781,98.80000305175781,0
2016-02-16,98.80000305175781,98.80000305175781,98.80000305175781,98.80000305175781,0
2016-02-17,98.80000305175781,98.80000305175781,98.80000305175781,98.80000305175781,0
2016-02-18,98.80000305175781,98.80000305175781,98.80000305175781,98.80000305175781,0
2016-02-19,98.9000015258789,98.9000015258789,98.80000305175781,98.80000305175781,120
2016-02-22,98.9000015258789,98.9000015258789,98.9000015258789,98.9000015258789,0
2016-02-23,98.9000015258789,98.9000015258789,98.9000015258789,98.9000015258789,0
2016-02-24,98.9000015258789,98.9000015258789,98.9000015258789,98.9000015258789,0
2016-02-25,98.9000015258789,98.9000015258789,98.9000015258789,98.9000015258789,0
2016-02-26,98.9000015258789,98.9000015258789,98.9000015258789,98.9000015258789,0
2016-02-29,98.9000015258789,98.9000015258789,98.9000015258789,98.9000015258789,0
2016-03-01,98.9000015258789,98.9000015258789,98.9000015258789,98.9000015258789,0
2016-03-02,98.9000015258789,98.9000015258789,98.9000015258789,98.9000015258789,0
2016-03-03,99.19999694824219,99.19999694824219,99.19999694824219,99.19999694824219,1270
2016-03-04,99.19999694824219,99.19999694824219,99.19999694824219,99.19999694824219,0
2016-03-07,99.19999694824219,99.19999694824219,99.19999694824219,99.19999694824219,0
2016-03-08,99.19999694824219,99.19999694824219,99.19999694824219,99.19999694824219,0
2016-03-09,99.4000015258789,99.4000015258789,99.4000015258789,99.4000015258789,800
2016-03-10,99.4000015258789,99.4000015258789,99.4000015258789,99.4000015258789,0
2016-03-11,99.4000015258789,99.4000015258789,99.4000015258789,99.4000015258789,0
2016-03-14,99.4000015258789,99.4000015258789,99.4000015258789,99.4000015258789,0
2016-03-15,99.5,99.5,99.4000015258789,99.4000015258789,1090
2016-03-16,99.5,99.5,99.5,99.5,0
2016-03-17,99.5,99.5,99.5,99.5,0
2016-03-18,99.5,99.5,99.5,99.5,0
2016-03-21,99.9000015258789,99.9000015258789,99.9000015258789,99.9000015258789,100
2016-03-22,99.5,99.5,99.5,99.5,50
2016-03-23,99.5,99.5,99.5,99.5,0
2016-03-24,99.5,99.5,99.5,99.5,0
2016-03-28,99.5,99.5,99.5,99.5,0
2016-03-29,99.5,99.5,99.5,99.5,0
2016-03-30,99.5,99.5,99.5,99.5,0
2016-03-31,99.5,99.5,99.5,99.5,0
2016-04-01,99.5,99.5,99.5,99.5,0
2016-04-04,99.5,99.5,99.5,99.5,0
2016-04-05,99.5999984741211,99.5999984741211,99.5999984741211,99.5999984741211,20
2016-04-06,99.9000015258789,99.9000015258789,99.5999984741211,99.5999984741211,330
2016-04-07,99.80000305175781,100.19999694824219,99.80000305175781,100.0,280
2016-04-08,99.80000305175781,99.80000305175781,99.80000305175781,99.80000305175781,0
2016-04-11,99.80000305175781,99.80000305175781,99.80000305175781,99.80000305175781,0
2016-04-12,99.80000305175781,99.80000305175781,99.80000305175781,99.80000305175781,0
2016-04-13,99.80000305175781,99.80000305175781,99.80000305175781,99.80000305175781,0
2016-04-14,99.80000305175781,99.80000305175781,99.80000305175781,99.80000305175781,0
2016-04-15,99.80000305175781,99.80000305175781,99.80000305175781,99.80000305175781,0
2016-04-18,99.80000305175781,99.80000305175781,99.80000305175781,99.80000305175781,0
2016-04-19,99.80000305175781,99.80000305175781,99.80000305175781,99.80000305175781,0
2016-04-20,99.80000305175781,99.80000305175781,99.80000305175781,99.80000305175781,0
2016-04-21,99.80000305175781,99.80000305175781,99.80000305175781,99.80000305175781,0
2016-04-22,99.80000305175781,99.80000305175781,99.80000305175781,99.80000305175781,0
2016-04-25,99.80000305175781,99.80000305175781,99.80000305175781,99.80000305175781,0
2016-04-26,99.80000305175781,99.80000305175781,99.80000305175781,99.80000305175781,0
2016-04-27,99.80000305175781,99.80000305175781,99.80000305175781,99.80000305175781,0
2016-04-28,99.80000305175781,99.80000305175781,99.80000305175781,99.80000305175781,0
2016-04-29,99.80000305175781,99.80000305175781,99.80000305175781,99.80000305175781,0
2016-05-02,99.80000305175781,99.80000305175781,99.80000305175781,99.80000305175781,0
2016-05-03,100.0,100.0,99.80000305175781,99.80000305175781,920
2016-05-04,100.0,105.0,100.0,100.19999694824219,540
2016-05-05,100.0,100.30000305175781,100.0,100.30000305175781,150
2016-05-06,100.0,100.0,100.0,100.0,0
2016-05-09,100.0,100.0,100.0,100.0,0
2016-05-10,100.0,100.0,100.0,100.0,0
2016-05-11,100.0999984741211,100.0999984741211,100.0999984741211,100.0999984741211,650
2016-05-12,100.19999694824219,100.19999694824219,100.19999694824219,100.19999694824219,20
2016-05-13,100.19999694824219,100.19999694824219,100.19999694824219,100.19999694824219,0
2016-05-16,100.19999694824219,100.19999694824219,100.19999694824219,100.19999694824219,0
2016-05-17,100.19999694824219,100.19999694824219,100.19999694824219,100.19999694824219,0
2016-05-18,100.19999694824219,100.19999694824219,100.19999694824219,100.19999694824219,0
2016-05-19,100.19999694824219,100.19999694824219,100.19999694824219,100.19999694824219,0
2016-05-20,100.19999694824219,100.19999694824219,100.19999694824219,100.19999694824219,0
2016-05-23,100.19999694824219,100.19999694824219,100.19999694824219,100.19999694824219,0
2016-05-24,100.19999694824219,100.19999694824219,100.19999694824219,100.19999694824219,10
2016-05-25,100.19999694824219,100.19999694824219,100.19999694824219,100.19999694824219,0
2016-05-26,100.19999694824219,100.19999694824219,100.19999694824219,100.19999694824219,0
2016-05-27,100.19999694824219,100.19999694824219,100.19999694824219,100.19999694824219,0
2016-05-31,100.19999694824219,100.19999694824219,100.19999694824219,100.19999694824219,0
2016-06-01,100.19999694824219,100.19999694824219,100.19999694824219,100.19999694824219,0
2016-06-02,100.19999694824219,100.19999694824219,100.19999694824219,100.19999694824219,0
2016-06-03,100.19999694824219,100.19999694824219,100.19999694824219,100.19999694824219,0
2016-06-06,100.19999694824219,100.19999694824219,100.19999694824219,100.19999694824219,0
2016-06-07,100.19999694824219,100.19999694824219,100.19999694824219,100.19999694824219,0
2016-06-08,100.19999694824219,100.19999694824219,100.19999694824219,100.19999694824219,0
2016-06-09,100.69999694824219,100.69999694824219,100.69999694824219,100.69999694824219,100
2016-06-10,100.69999694824219,100.69999694824219,100.69999694824219,100.69999694824219,100
2016-06-13,100.69999694824219,100.69999694824219,100.69999694824219,100.69999694824219,0
2016-06-14,100.69999694824219,100.69999694824219,100.69999694824219,100.69999694824219,0
2016-06-15,100.69999694824219,100.69999694824219,100.69999694824219,100.69999694824219,0
2016-06-16,100.69999694824219,100.69999694824219,100.69999694824219,100.69999694824219,0
2016-06-17,100.69999694824219,100.69999694824219,100.69999694824219,100.69999694824219,0
2016-06-20,100.69999694824219,100.69999694824219,100.69999694824219,100.69999694824219,0
2016-06-21,100.69999694824219,100.69999694824219,100.69999694824219,100.69999694824219,0
2016-06-22,100.69999694824219,100.69999694824219,100.69999694824219,100.69999694824219,0
2016-06-23,100.69999694824219,100.69999694824219,100.69999694824219,100.69999694824219,0
2016-06-24,100.69999694824219,100.69999694824219,100.69999694824219,100.69999694824219,0
2016-06-27,100.69999694824219,100.69999694824219,100.69999694824219,100.69999694824219,0
2016-06-28,100.69999694824219,100.69999694824219,100.69999694824219,100.69999694824219,0
2016-06-29,100.69999694824219,100.69999694824219,100.69999694824219,100.69999694824219,0
2016-06-30,100.69999694824219,100.69999694824219,100.69999694824219,100.69999694824219,0
2016-07-01,100.69999694824219,100.9000015258789,100.69999694824219,100.9000015258789,20
2016-07-05,100.69999694824219,100.69999694824219,100.69999694824219,100.69999694824219,0
2016-07-06,100.69999694824219,100.69999694824219,100.69999694824219,100.69999694824219,0
2016-07-07,100.69999694824219,100.69999694824219,100.69999694824219,100.69999694824219,0
2016-07-08,100.69999694824219,100.69999694824219,100.69999694824219,100.69999694824219,0
2016-07-11,100.69999694824219,100.69999694824219,100.69999694824219,100.69999694824219,0
2016-07-12,100.19999694824219,100.19999694824219,100.19999694824219,100.19999694824219,10
2016-07-13,100.19999694824219,100.19999694824219,100.19999694824219,100.19999694824219,0
2016-07-14,100.19999694824219,100.19999694824219,100.19999694824219,100.19999694824219,0
2016-07-15,100.19999694824219,100.19999694824219,100.19999694824219,100.19999694824219,0
2016-07-18,100.19999694824219,100.19999694824219,100.19999694824219,100.19999694824219,0
2016-07-19,100.19999694824219,100.19999694824219,100.19999694824219,100.19999694824219,0
2016-07-20,100.19999694824219,100.19999694824219,100.19999694824219,100.19999694824219,0
2016-07-21,100.69999694824219,100.69999694824219,100.30000305175781,100.30000305175781,20
2016-07-22,100.69999694824219,100.69999694824219,100.69999694824219,100.69999694824219,0
2016-07-25,100.69999694824219,100.69999694824219,100.69999694824219,100.69999694824219,0
2016-07-26,100.69999694824219,100.69999694824219,100.69999694824219,100.69999694824219,0
2016-07-27,100.69999694824219,100.69999694824219,100.69999694824219,100.69999694824219,0
2016-07-28,100.69999694824219,100.69999694824219,100.69999694824219,100.69999694824219,0
2016-07-29,100.69999694824219,100.69999694824219,100.69999694824219,100.69999694824219,0
2016-08-01,100.69999694824219,100.69999694824219,100.69999694824219,100.69999694824219,0
2016-08-02,100.69999694824219,100.69999694824219,100.69999694824219,100.69999694824219,0
2016-08-03,100.69999694824219,100.69999694824219,100.69999694824219,100.69999694824219,0
2016-08-04,100.69999694824219,100.69999694824219,100.69999694824219,100.69999694824219,0
2016-08-05,100.69999694824219,100.69999694824219,100.69999694824219,100.69999694824219,0
2016-08-08,100.69999694824219,100.69999694824219,100.69999694824219,100.69999694824219,0
2016-08-09,100.69999694824219,100.69999694824219,100.69999694824219,100.69999694824219,0
2016-08-10,100.69999694824219,100.69999694824219,100.69999694824219,100.69999694824219,40
2016-08-11,100.69999694824219,100.69999694824219,100.69999694824219,100.69999694824219,0
2016-08-12,101.19999694824219,101.19999694824219,101.19999694824219,101.19999694824219,140
2016-08-15,101.19999694824219,101.19999694824219,101.19999694824219,101.19999694824219,0
2016-08-16,101.19999694824219,101.19999694824219,101.19999694824219,101.19999694824219,0
2016-08-17,101.19999694824219,101.19999694824219,101.0999984741211,101.0999984741211,90
2016-08-18,101.19999694824219,101.19999694824219,101.19999694824219,101.19999694824219,0
2016-08-19,101.19999694824219,101.19999694824219,101.19999694824219,101.19999694824219,0
2016-08-22,101.19999694824219,101.19999694824219,101.19999694824219,101.19999694824219,0
2016-08-23,101.19999694824219,101.19999694824219,101.19999694824219,101.19999694824219,0
2016-08-24,101.19999694824219,101.19999694824219,101.19999694824219,101.19999694824219,0
2016-08-25,101.19999694824219,101.19999694824219,101.19999694824219,101.19999694824219,0
2016-08-26,100.9000015258789,100.9000015258789,100.69999694824219,100.69999694824219,2270
2016-08-29,100.9000015258789,100.9000015258789,100.9000015258789,100.9000015258789,0
2016-08-30,100.9000015258789,100.9000015258789,100.9000015258789,100.9000015258789,0
2016-08-31,100.9000015258789,100.9000015258789,100.9000015258789,100.9000015258789,1400
2016-09-01,100.69999694824219,100.69999694824219,100.69999694824219,100.69999694824219,150
2016-09-02,100.69999694824219,100.69999694824219,100.69999694824219,100.69999694824219,10
2016-09-06,100.80000305175781,100.80000305175781,100.80000305175781,100.80000305175781,10
2016-09-07,101.19999694824219,101.19999694824219,101.19999694824219,101.19999694824219,720
2016-09-08,101.0,101.0,101.0,101.0,10
2016-09-09,101.0999984741211,101.0999984741211,101.0999984741211,101.0999984741211,10
2016-09-12,101.0999984741211,101.0999984741211,101.0999984741211,101.0999984741211,0
2016-09-13,101.0999984741211,101.0999984741211,101.0999984741211,101.0999984741211,0
2016-09-14,101.0999984741211,101.0999984741211,101.0999984741211,101.0999984741211,0
2016-09-15,101.0999984741211,101.0999984741211,101.0999984741211,101.0999984741211,0
2016-09-16,101.0999984741211,101.0999984741211,101.0999984741211,101.0999984741211,0
2016-09-19,101.0999984741211,101.9000015258789,101.0999984741211,101.9000015258789,15700
2016-09-20,101.9000015258789,101.9000015258789,101.9000015258789,101.9000015258789,5000
2016-09-21,101.9000015258789,101.9000015258789,101.9000015258789,101.9000015258789,0
2016-09-22,101.9000015258789,101.9000015258789,101.9000015258789,101.9000015258789,0
2016-09-23,101.9000015258789,101.9000015258789,101.9000015258789,101.9000015258789,0
2016-09-26,101.9000015258789,101.9000015258789,101.9000015258789,101.9000015258789,0
2016-09-27,101.69999694824219,101.69999694824219,101.5999984741211,101.69999694824219,12520
2016-09-28,101.69999694824219,101.69999694824219,101.69999694824219,101.69999694824219,0
2016-09-29,101.9000015258789,102.0,101.9000015258789,102.0,26730
2016-09-30,101.9000015258789,101.9000015258789,101.80000305175781,101.9000015258789,35000
2016-10-03,101.9000015258789,101.9000015258789,101.9000015258789,101.9000015258789,0
2016-10-04,101.9000015258789,101.9000015258789,101.9000015258789,101.9000015258789,0
2016-10-05,101.9000015258789,101.9000015258789,101.9000015258789,101.9000015258789,0
2016-10-06,101.9000015258789,102.0999984741211,101.80000305175781,101.9000015258789,24230
2016-10-07,101.9000015258789,101.9000015258789,101.9000015258789,101.9000015258789,0
2016-10-10,101.9000015258789,101.9000015258789,101.9000015258789,101.9000015258789,0
2016-10-11,101.9000015258789,101.9000015258789,101.9000015258789,101.9000015258789,8800
2016-10-12,101.9000015258789,101.9000015258789,101.9000015258789,101.9000015258789,0
2016-10-13,101.9000015258789,101.9000015258789,101.9000015258789,101.9000015258789,0
2016-10-14,101.9000015258789,101.9000015258789,101.9000015258789,101.9000015258789,0
2016-10-17,101.9000015258789,101.9000015258789,101.9000015258789,101.9000015258789,0
2016-10-18,101.80000305175781,101.80000305175781,101.80000305175781,101.80000305175781,400
2016-10-19,101.80000305175781,101.80000305175781,101.80000305175781,101.80000305175781,0
2016-10-20,101.80000305175781,101.80000305175781,101.80000305175781,101.80000305175781,0
2016-10-21,101.69999694824219,101.69999694824219,101.69999694824219,101.69999694824219,700
2016-10-24,101.69999694824219,101.69999694824219,101.69999694824219,101.69999694824219,0
2016-10-25,101.9000015258789,102.0,101.9000015258789,101.9000015258789,260
2016-10-26,101.80000305175781,102.0,101.80000305175781,102.0,8770
2016-10-27,101.9000015258789,102.0,101.9000015258789,102.0,18190
2016-10-28,102.80000305175781,102.80000305175781,101.80000305175781,102.0,69220
2016-10-31,102.19999694824219,102.4000015258789,102.19999694824219,102.4000015258789,1090
2016-11-01,102.0,102.30000305175781,101.19999694824219,102.30000305175781,530
2016-11-02,102.0,102.0,102.0,102.0,0
2016-11-03,102.5,112.5,102.0999984741211,107.0999984741211,930
2016-11-04,102.4000015258789,102.5,101.9000015258789,102.5,880
2016-11-07,101.4000015258789,101.4000015258789,101.4000015258789,101.4000015258789,20
2016-11-08,101.4000015258789,101.4000015258789,101.4000015258789,101.4000015258789,0
2016-11-09,101.0,101.5,100.0,100.19999694824219,520
2016-11-10,101.0,101.0,101.0,101.0,0
2016-11-11,101.0,101.0,101.0,101.0,0
2016-11-14,101.0,101.0,101.0,101.0,0
2016-11-15,101.0,101.0,101.0,101.0,0
2016-11-16,102.80000305175781,102.80000305175781,101.0,101.19999694824219,30
2016-11-17,102.5,102.9000015258789,101.0,102.9000015258789,480
2016-11-18,103.0,103.0,103.0,103.0,890
2016-11-21,103.0,103.0,103.0,103.0,500
2016-11-22,103.0,103.0,103.0,103.0,0
2016-11-23,103.0,103.0,103.0,103.0,0
2016-11-25,103.0,103.0,103.0,103.0,0
2016-11-28,103.0,103.0,103.0,103.0,0
2016-11-29,103.0,103.0,103.0,103.0,0
2016-11-30,101.69999694824219,101.69999694824219,101.69999694824219,101.69999694824219,50
2016-12-01,101.0,101.5,101.0,101.5,70
2016-12-02,101.0,101.0,101.0,101.0,0
2016-12-05,101.0,101.0,101.0,101.0,0
2016-12-06,102.4000015258789,102.4000015258789,102.19999694824219,102.4000015258789,35660
2016-12-07,102.4000015258789,102.4000015258789,102.30000305175781,102.4000015258789,2220
2016-12-08,102.4000015258789,102.4000015258789,102.4000015258789,102.4000015258789,30
2016-12-09,102.5,102.5,102.5,102.5,10
2016-12-12,102.5,102.5,102.5,102.5,0
2016-12-13,103.4000015258789,110.19999694824219,102.0999984741211,102.19999694824219,330
2016-12-14,108.4000015258789,108.4000015258789,108.4000015258789,108.4000015258789,420
2016-12-15,104.0,107.69999694824219,103.9000015258789,107.69999694824219,450
2016-12-16,103.9000015258789,103.9000015258789,103.9000015258789,103.9000015258789,150
2016-12-19,103.9000015258789,103.9000015258789,103.9000015258789,103.9000015258789,0
2016-12-20,103.9000015258789,103.9000015258789,103.9000015258789,103.9000015258789,0
2016-12-21,93.30000305175781,98.0999984741211,93.30000305175781,96.0999984741211,200
2016-12-22,93.30000305175781,93.30000305175781,93.30000305175781,93.30000305175781,0
2016-12-23,93.30000305175781,93.30000305175781,93.30000305175781,93.30000305175781,0
2016-12-27,99.0,99.0999984741211,91.0,91.0,80
2016-12-28,117.69999694824219,117.69999694824219,109.69999694824219,109.69999694824219,70
2016-12-29,73.38999938964844,73.4000015258789,65.0,65.0,90
2016-12-30,55.0,70.0,55.0,69.80000305175781,830
2017-01-03,42.20000076293945,70.80000305175781,42.0,59.0,5520
2017-01-04,42.959999084472656,45.0,39.88999938964844,42.20000076293945,6790
2017-01-05,44.0,44.099998474121094,42.20000076293945,42.20000076293945,3440
2017-01-06,56.900001525878906,59.599998474121094,44.79999923706055,45.0,4840
2017-01-09,45.79999923706055,56.79999923706055,45.79999923706055,53.0,2810
2017-01-10,50.900001525878906,54.0,46.5,46.5,940
2017-01-11,50.099998474121094,51.0,48.63999938964844,48.63999938964844,370
2017-01-12,52.599998474121094,52.599998474121094,51.0,51.0,200
2017-01-13,50.20000076293945,50.790000915527344,49.79999923706055,50.29999923706055,1350
2017-01-17,50.20000076293945,50.20000076293945,50.20000076293945,50.20000076293945,0
2017-01-18,50.79999923706055,52.0,50.70000076293945,51.970001220703125,190
2017-01-19,53.470001220703125,54.0,53.0,53.599998474121094,660
2017-01-20,52.099998474121094,55.0,52.099998474121094,53.47999954223633,1440
2017-01-23,52.599998474121094,53.29999923706055,52.099998474121094,52.099998474121094,260
2017-01-24,51.810001373291016,51.83000183105469,51.20000076293945,51.20000076293945,70
2017-01-25,51.400001525878906,51.68000030517578,51.20000076293945,51.20000076293945,380
2017-01-26,49.20000076293945,50.54999923706055,48.900001525878906,50.400001525878906,350
2017-01-27,47.599998474121094,50.0,47.599998474121094,48.0,610
2017-01-30,46.5,47.20000076293945,46.5,47.20000076293945,70
2017-01-31,51.9900016784668,52.0,50.0,50.0,1180
2017-02-01,53.099998474121094,53.099998474121094,53.099998474121094,53.099998474121094,40
2017-02-02,51.91999816894531,52.0,51.91999816894531,52.0,30
2017-02-03,51.91999816894531,51.91999816894531,51.91999816894531,51.91999816894531,0
2017-02-06,51.91999816894531,51.91999816894531,51.91999816894531,51.91999816894531,0
2017-02-07,50.5,50.5,50.5,50.5,30
2017-02-08,47.380001068115234,51.29999923706055,47.380001068115234,51.29999923706055,160
2017-02-09,47.380001068115234,47.380001068115234,47.380001068115234,47.380001068115234,0
2017-02-10,50.0,51.5,48.54999923706055,48.54999923706055,130
2017-02-13,49.0,49.70000076293945,49.0,49.70000076293945,120
2017-02-14,49.0,49.0,49.0,49.0,0
2017-02-15,50.20000076293945,50.20000076293945,50.20000076293945,50.20000076293945,10
2017-02-16,48.599998474121094,49.0,48.599998474121094,49.0,70
2017-02-17,48.599998474121094,48.599998474121094,48.599998474121094,48.599998474121094,0
2017-02-21,48.599998474121094,48.599998474121094,48.599998474121094,48.599998474121094,0
2017-02-22,48.599998474121094,48.599998474121094,48.599998474121094,48.599998474121094,0
2017-02-23,46.0,46.06999969482422,46.0,46.06999969482422,20
2017-02-24,50.099998474121094,53.31999969482422,49.27000045776367,49.5,640
2017-02-27,49.06999969482422,50.099998474121094,48.0,48.0,490
2017-02-28,49.20000076293945,49.20000076293945,49.0,49.0,90
2017-03-01,50.099998474121094,50.099998474121094,50.099998474121094,50.099998474121094,30
2017-03-02,48.5,48.5,48.5,48.5,210
2017-03-03,49.97999954223633,49.97999954223633,49.97999954223633,49.97999954223633,30
2017-03-06,49.97999954223633,49.97999954223633,49.97999954223633,49.97999954223633,0
2017-03-07,47.75,48.5,47.75,48.5,100
2017-03-08,48.5,48.70000076293945,48.20000076293945,48.470001220703125,260
2017-03-09,43.20000076293945,46.0,43.20000076293945,46.0,390
2017-03-10,42.959999084472656,44.20000076293945,42.959999084472656,43.27000045776367,380
2017-03-13,47.5,47.5,47.5,47.5,10
2017-03-14,45.0,45.0,44.900001525878906,44.900001525878906,330
2017-03-15,45.0,45.0,45.0,45.0,0
2017-03-16,45.0,45.0,45.0,45.0,0
2017-03-17,46.68000030517578,46.68000030517578,46.68000030517578,46.68000030517578,20
2017-03-20,44.79999923706055,45.5,44.79999923706055,45.5,410
2017-03-21,43.9900016784668,44.0,41.20000076293945,43.79999923706055,200
2017-03-22,43.9900016784668,43.9900016784668,43.9900016784668,43.9900016784668,0
2017-03-23,43.900001525878906,43.970001220703125,43.900001525878906,43.970001220703125,290
2017-03-24,43.900001525878906,43.900001525878906,43.900001525878906,43.900001525878906,0
2017-03-27,41.0,42.70000076293945,40.0,40.0,150
2017-03-28,45.20000076293945,45.20000076293945,45.20000076293945,45.20000076293945,50
2017-03-29,45.20000076293945,45.20000076293945,45.20000076293945,45.20000076293945,0
2017-03-30,45.0,45.0,42.20000076293945,45.0,13110
2017-03-31,45.0,45.189998626708984,45.0,45.0,40
2017-04-03,45.0,45.0,45.0,45.0,0
2017-04-04,45.0,45.20000076293945,44.599998474121094,45.20000076293945,120
2017-04-05,45.0,45.0,45.0,45.0,0
2017-04-06,45.0,45.0,45.0,45.0,0
2017-04-07,45.0,45.0,45.0,45.0,0
2017-04-10,45.0,45.0,45.0,45.0,0
2017-04-11,45.0,45.0,45.0,45.0,0
2017-04-12,45.0,45.0,45.0,45.0,0
2017-04-13,45.0,45.0,45.0,45.0,0
2017-04-17,45.0,45.0,45.0,45.0,0
2017-04-18,42.0,47.29999923706055,42.0,47.29999923706055,430
2017-04-19,43.0,44.400001525878906,42.13999938964844,42.13999938964844,1280
2017-04-20,42.0,43.0,42.0,43.0,500
2017-04-21,42.0,42.0,42.0,42.0,0
2017-04-24,40.900001525878906,40.900001525878906,40.099998474121094,40.099998474121094,20
2017-04-25,44.79999923706055,44.79999923706055,44.79999923706055,44.79999923706055,70
2017-04-26,40.0,42.0,40.0,42.0,150
2017-04-27,40.0,40.0,40.0,40.0,0
2017-04-28,40.029998779296875,40.029998779296875,32.0,35.599998474121094,770
2017-05-01,40.029998779296875,40.029998779296875,40.029998779296875,40.029998779296875,0
2017-05-02,40.0,40.20000076293945,40.0,40.0,1200
2017-05-03,35.099998474121094,36.400001525878906,32.900001525878906,36.400001525878906,2920
2017-05-04,38.79999923706055,39.599998474121094,36.599998474121094,39.400001525878906,1470
2017-05-05,40.0,40.0,39.0,40.0,710
2017-05-08,37.880001068115234,39.0,34.099998474121094,39.0,830
2017-05-09,37.400001525878906,38.599998474121094,36.900001525878906,38.599998474121094,830
2017-05-10,37.0,37.0,37.0,37.0,70
2017-05-11,36.20000076293945,36.20000076293945,36.20000076293945,36.20000076293945,300
2017-05-12,38.560001373291016,38.599998474121094,35.29999923706055,35.29999923706055,310
2017-05-15,38.400001525878906,38.400001525878906,36.5,36.5,890
2017-05-16,36.900001525878906,37.45000076293945,35.5,37.45000076293945,730
2017-05-17,36.900001525878906,37.20000076293945,36.900001525878906,37.20000076293945,50
2017-05-18,36.900001525878906,36.900001525878906,36.900001525878906,36.900001525878906,0
2017-05-19,38.0,38.0,38.0,38.0,800
2017-05-22,37.79999923706055,37.79999923706055,37.400001525878906,37.400001525878906,540
2017-05-23,37.79999923706055,37.79999923706055,37.79999923706055,37.79999923706055,0
2017-05-24,38.5,38.5,38.5,38.5,340
2017-05-25,37.0,37.58000183105469,37.0,37.58000183105469,610
2017-05-26,37.0,37.0,37.0,37.0,0
2017-05-30,37.0,37.0,37.0,37.0,0
2017-05-31,34.900001525878906,36.790000915527344,33.20000076293945,36.5099983215332,2490
2017-06-01,34.5,34.5,34.5,34.5,30
2017-06-02,34.5,34.5,34.5,34.5,0
2017-06-05,34.5,34.5,34.5,34.5,0
2017-06-06,33.099998474121094,33.099998474121094,28.0,30.0,170
2017-06-07,33.0,33.0,33.0,33.0,20
2017-06-08,32.38999938964844,32.70000076293945,29.700000762939453,29.700000762939453,900
2017-06-09,32.70000076293945,33.0,32.70000076293945,33.0,590
2017-06-12,32.209999084472656,32.5,32.099998474121094,32.5,300
2017-06-13,32.099998474121094,32.099998474121094,32.099998474121094,32.099998474121094,350
2017-06-14,33.0,33.0,29.459999084472656,32.0,280
2017-06-15,33.0,33.0,33.0,33.0,0
2017-06-16,33.0,33.0,32.29999923706055,32.400001525878906,540
2017-06-19,34.0,34.099998474121094,33.0,34.0,440
2017-06-20,33.90999984741211,33.90999984741211,33.90999984741211,33.90999984741211,40
2017-06-21,33.0,33.900001525878906,31.469999313354492,33.5,610
2017-06-22,34.29999923706055,34.29999923706055,29.0,29.0,930
2017-06-23,34.5,36.70000076293945,31.799999237060547,34.20000076293945,460
2017-06-26,36.29999923706055,36.29999923706055,34.650001525878906,34.650001525878906,990
2017-06-27,35.900001525878906,37.0,35.70000076293945,37.0,710
2017-06-28,37.0,37.900001525878906,36.0,37.400001525878906,970
2017-06-29,39.0,39.0,39.0,39.0,20
2017-06-30,38.20000076293945,47.20000076293945,33.79999923706055,40.0,3520
2017-07-03,38.20000076293945,38.20000076293945,38.20000076293945,38.20000076293945,0
2017-07-05,39.70000076293945,40.16999816894531,33.79999923706055,35.0,470
2017-07-06,37.5,38.70000076293945,36.0,38.540000915527344,700
2017-07-07,39.5,39.5,36.79999923706055,37.400001525878906,2790
2017-07-10,39.5,39.59000015258789,38.900001525878906,39.0,420
2017-07-11,38.619998931884766,38.70000076293945,38.599998474121094,38.70000076293945,130
2017-07-12,38.29999923706055,38.29999923706055,37.5,37.5,40
2017-07-13,38.5,40.0,38.380001068115234,39.20000076293945,330
2017-07-14,39.79999923706055,40.70000076293945,37.599998474121094,40.70000076293945,370
2017-07-17,39.79999923706055,39.79999923706055,39.79999923706055,39.79999923706055,0
2017-07-18,36.0,38.5,35.0,38.0,830
2017-07-19,36.0,36.0,36.0,36.0,30
2017-07-20,36.79999923706055,36.79999923706055,36.5,36.5,80
2017-07-21,37.400001525878906,37.400001525878906,37.400001525878906,37.400001525878906,10
2017-07-24,36.75,38.5,36.75,37.79999923706055,370
2017-07-25,35.5,37.400001525878906,35.5,37.400001525878906,40
2017-07-26,35.70000076293945,38.099998474121094,35.70000076293945,38.099998474121094,80
2017-07-27,37.79999923706055,38.0,37.79999923706055,38.0,420
2017-07-28,37.5,38.099998474121094,36.0,38.0,640
2017-07-31,35.20000076293945,36.20000076293945,34.0,34.0,1340
2017-08-01,35.20000076293945,35.20000076293945,35.20000076293945,35.20000076293945,0
2017-08-02,35.0,35.70000076293945,35.0,35.70000076293945,30
2017-08-03,35.0,35.0,35.0,35.0,0
2017-08-04,37.709999084472656,37.709999084472656,37.709999084472656,37.709999084472656,10
2017-08-07,35.900001525878906,36.900001525878906,35.900001525878906,36.900001525878906,370
2017-08-08,34.709999084472656,37.29999923706055,33.88999938964844,35.5,830
2017-08-09,35.0,36.20000076293945,33.779998779296875,33.779998779296875,310
2017-08-10,36.5,36.5,34.70000076293945,35.900001525878906,260
2017-08-11,36.95000076293945,36.95000076293945,35.599998474121094,36.5,360
2017-08-14,36.29999923706055,37.0,36.29999923706055,37.0,100
2017-08-15,37.20000076293945,37.20000076293945,35.099998474121094,35.099998474121094,260
2017-08-16,35.70000076293945,36.900001525878906,34.0,36.900001525878906,410
2017-08-17,35.599998474121094,36.400001525878906,34.20000076293945,36.400001525878906,490
2017-08-18,35.099998474121094,35.88999938964844,34.29999923706055,35.599998474121094,870
2017-08-21,34.099998474121094,34.5,34.0,34.20000076293945,250
2017-08-22,34.7599983215332,36.040000915527344,34.7599983215332,36.040000915527344,190
2017-08-23,34.5,35.099998474121094,33.599998474121094,35.099998474121094,300
2017-08-24,35.29999923706055,35.70000076293945,35.0,35.0,170
2017-08-25,35.29999923706055,35.29999923706055,35.29999923706055,35.29999923706055,0
2017-08-28,35.29999923706055,35.29999923706055,35.29999923706055,35.29999923706055,0
2017-08-29,35.29999923706055,35.29999923706055,35.29999923706055,35.29999923706055,0
2017-08-30,33.08000183105469,33.08000183105469,33.08000183105469,33.08000183105469,10
2017-08-31,33.08000183105469,33.08000183105469,33.08000183105469,33.08000183105469,0
2017-09-01,33.5,33.5,33.5,33.5,10
2017-09-05,34.86000061035156,34.86000061035156,34.86000061035156,34.86000061035156,10
2017-09-06,35.0,35.20000076293945,32.33000183105469,32.33000183105469,530
2017-09-07,34.900001525878906,36.06999969482422,34.5,35.0,490
2017-09-08,35.0,35.0,32.11000061035156,32.11000061035156,40
2017-09-11,35.0,35.0,35.0,35.0,0
2017-09-12,34.5,34.5,34.5,34.5,220
2017-09-13,32.70000076293945,36.5,31.799999237060547,34.900001525878906,800
2017-09-14,35.56999969482422,35.56999969482422,34.099998474121094,35.0,120
2017-09-15,35.0,35.0,35.0,35.0,40
2017-09-18,35.0,37.5,35.0,37.5,50
2017-09-19,34.0,34.099998474121094,34.0,34.099998474121094,100
2017-09-20,34.70000076293945,35.5,33.400001525878906,35.0,2490
2017-09-21,34.5,36.5,34.5,34.599998474121094,2020
2017-09-22,35.0,36.900001525878906,35.0,35.70000076293945,920
2017-09-25,34.29999923706055,35.79999923706055,33.099998474121094,35.70000076293945,500
2017-09-26,34.29999923706055,34.29999923706055,34.29999923706055,34.29999923706055,0
2017-09-27,32.79999923706055,37.5,32.79999923706055,37.5,390
2017-09-28,33.5,34.5,32.900001525878906,32.900001525878906,100
2017-09-29,34.599998474121094,34.599998474121094,32.400001525878906,32.65999984741211,220
2017-10-02,33.540000915527344,33.630001068115234,32.29999923706055,32.29999923706055,320
2017-10-03,32.5,32.5,29.700000762939453,29.700000762939453,40
2017-10-04,32.5,32.5,32.5,32.5,0
2017-10-05,32.5,32.5,32.5,32.5,0
2017-10-06,32.5,32.5,32.5,32.5,0
2017-10-09,31.5,34.189998626708984,30.010000228881836,34.189998626708984,530
2017-10-10,32.5,33.20000076293945,32.5,32.5099983215332,320
2017-10-11,32.5,32.5,32.5,32.5,0
2017-10-12,32.5,32.5,32.5,32.5,0
2017-10-13,30.399999618530273,32.65999984741211,30.399999618530273,30.799999237060547,120
2017-10-16,30.399999618530273,30.399999618530273,30.399999618530273,30.399999618530273,0
2017-10-17,30.399999618530273,30.399999618530273,30.399999618530273,30.399999618530273,0
2017-10-18,30.670000076293945,30.670000076293945,30.670000076293945,30.670000076293945,80
2017-10-19,30.670000076293945,30.670000076293945,30.670000076293945,30.670000076293945,0
2017-10-20,30.670000076293945,30.670000076293945,30.670000076293945,30.670000076293945,0
2017-10-23,31.399999618530273,32.130001068115234,31.25,31.25,350
2017-10-24,31.5,31.5,31.5,31.5,20
2017-10-25,31.510000228881836,31.510000228881836,31.399999618530273,31.399999618530273,80
2017-10-26,30.5,31.399999618530273,30.5,31.399999618530273,230
2017-10-27,32.22999954223633,32.5,31.399999618530273,32.5,120
2017-10-30,31.399999618530273,31.399999618530273,31.399999618530273,31.399999618530273,100
2017-10-31,31.399999618530273,31.399999618530273,31.399999618530273,31.399999618530273,0
2017-11-01,31.209999084472656,31.229999542236328,31.209999084472656,31.229999542236328,20
2017-11-02,31.31999969482422,32.470001220703125,31.31999969482422,32.470001220703125,20
2017-11-03,31.31999969482422,31.31999969482422,31.31999969482422,31.31999969482422,0
2017-11-06,31.31999969482422,31.31999969482422,31.31999969482422,31.31999969482422,0
2017-11-07,31.0,31.700000762939453,31.0,31.700000762939453,190
2017-11-08,31.0,31.0,31.0,31.0,100
2017-11-09,31.0,31.0,31.0,31.0,0
2017-11-10,31.889999389648438,31.889999389648438,31.889999389648438,31.889999389648438,60
2017-11-13,30.0,30.899999618530273,30.0,30.899999618530273,290
2017-11-14,32.0,32.0,32.0,32.0,10
2017-11-15,29.5,29.5,29.5,29.5,10
2017-11-16,29.649999618530273,29.649999618530273,29.649999618530273,29.649999618530273,50
2017-11-17,30.0,30.0,30.0,30.0,10
2017-11-20,31.5,31.5,31.5,31.5,110
2017-11-21,31.5,31.5,31.5,31.5,0
2017-11-22,31.5,31.5,31.5,31.5,0
2017-11-24,31.5,31.5,31.5,31.5,0
2017-11-27,30.90999984741211,31.40999984741211,30.90999984741211,31.40999984741211,110
2017-11-28,30.90999984741211,30.90999984741211,30.90999984741211,30.90999984741211,0
2017-11-29,30.3799991607666,30.3799991607666,26.600000381469727,29.5,100
2017-11-30,29.0,29.0,29.0,29.0,10
2017-12-01,28.950000762939453,29.5,28.5,29.5,470
2017-12-04,28.860000610351562,29.0,28.799999237060547,28.8799991607666,450
2017-12-05,28.860000610351562,28.860000610351562,28.860000610351562,28.860000610351562,0
2017-12-06,27.399999618530273,27.399999618530273,27.399999618530273,27.399999618530273,360
2017-12-07,27.520000457763672,27.520000457763672,27.520000457763672,27.520000457763672,50
2017-12-08,30.299999237060547,30.299999237060547,30.299999237060547,30.299999237060547,10
2017-12-11,30.299999237060547,30.299999237060547,30.299999237060547,30.299999237060547,0
2017-12-12,30.299999237060547,30.299999237060547,30.299999237060547,30.299999237060547,0
2017-12-13,30.100000381469727,30.100000381469727,30.100000381469727,30.100000381469727,40
2017-12-14,30.100000381469727,30.100000381469727,30.100000381469727,30.100000381469727,0
2017-12-15,30.100000381469727,30.100000381469727,30.100000381469727,30.100000381469727,0
2017-12-18,30.100000381469727,30.100000381469727,30.100000381469727,30.100000381469727,0
2017-12-19,30.0,30.0,30.0,30.0,50
2017-12-20,28.5,28.5,28.100000381469727,28.190000534057617,160
2017-12-21,27.799999237060547,28.200000762939453,27.799999237060547,27.799999237060547,190
2017-12-22,29.18000030517578,29.18000030517578,29.18000030517578,29.18000030517578,10
2017-12-26,30.100000381469727,30.100000381469727,30.100000381469727,30.100000381469727,10
2017-12-27,29.0,32.099998474121094,29.0,32.099998474121094,150
2017-12-28,29.0,29.0,29.0,29.0,0
2017-12-29,29.0,29.0,29.0,29.0,0
2018-01-02,29.0,29.0,29.0,29.0,0
2018-01-03,29.0,29.0,29.0,29.0,0
2018-01-04,29.0,29.0,29.0,29.0,0
2018-01-05,29.0,29.0,29.0,29.0,0
2018-01-08,29.0,29.0,29.0,29.0,0
2018-01-09,29.0,29.0,29.0,29.0,0
2018-01-10,28.5,28.5,28.200000762939453,28.200000762939453,370
2018-01-11,29.0,29.600000381469727,28.200000762939453,29.600000381469727,90
2018-01-12,31.15999984741211,31.420000076293945,28.760000228881836,29.0,390
2018-01-16,28.5,30.799999237060547,26.940000534057617,30.799999237060547,1760
2018-01-17,26.93000030517578,29.899999618530273,26.93000030517578,29.899999618530273,210
2018-01-18,26.93000030517578,26.93000030517578,26.93000030517578,26.93000030517578,0
2018-01-19,23.600000381469727,26.0,20.799999237060547,26.0,2710
2018-01-22,22.1200008392334,24.100000381469727,22.1200008392334,24.100000381469727,80
2018-01-23,25.5,28.350000381469727,24.850000381469727,26.799999237060547,770
2018-01-24,25.8799991607666,26.600000381469727,24.200000762939453,24.200000762939453,370
2018-01-25,26.600000381469727,26.600000381469727,26.600000381469727,26.600000381469727,10
2018-01-26,30.5,31.200000762939453,24.600000381469727,31.200000762939453,1110
2018-01-29,26.100000381469727,26.100000381469727,23.200000762939453,23.200000762939453,40
2018-01-30,24.700000762939453,25.5,24.700000762939453,25.200000762939453,310
2018-01-31,26.299999237060547,26.5,26.299999237060547,26.299999237060547,120
2018-02-01,22.5,26.0,22.5,26.0,40
2018-02-02,24.719999313354492,24.719999313354492,24.719999313354492,24.719999313354492,30
2018-02-05,23.600000381469727,23.600000381469727,23.600000381469727,23.600000381469727,20
2018-02-06,24.0,24.0,24.0,24.0,210
2018-02-07,24.0,24.0,24.0,24.0,0
2018-02-08,25.200000762939453,25.200000762939453,24.600000381469727,24.600000381469727,80
2018-02-09,25.200000762939453,25.200000762939453,25.200000762939453,25.200000762939453,0
2018-02-12,22.5,22.5,22.5,22.5,10
2018-02-13,22.600000381469727,22.600000381469727,22.549999237060547,22.549999237060547,40
2018-02-14,22.600000381469727,22.600000381469727,22.600000381469727,22.600000381469727,0
2018-02-15,22.899999618530273,22.899999618530273,22.899999618530273,22.899999618530273,70
2018-02-16,22.899999618530273,22.899999618530273,22.899999618530273,22.899999618530273,0
2018-02-20,23.5,23.5,23.5,23.5,10
2018-02-21,23.5,23.5,23.5,23.5,0
2018-02-22,23.5,23.5,23.5,23.5,0
2018-02-23,23.5,23.5,23.5,23.5,50
2018-02-26,23.5,23.5,23.5,23.5,0
2018-02-27,23.5,23.5,23.5,23.5,0
2018-02-28,23.5,23.5,23.5,23.5,0
2018-03-01,23.68000030517578,23.68000030517578,22.600000381469727,23.600000381469727,80
2018-03-02,23.700000762939453,23.700000762939453,23.700000762939453,23.700000762939453,50
2018-03-05,23.209999084472656,23.440000534057617,21.200000762939453,22.5,180
2018-03-06,22.799999237060547,22.799999237060547,22.799999237060547,22.799999237060547,10
2018-03-07,22.700000762939453,22.700000762939453,22.700000762939453,22.700000762939453,100
2018-03-08,24.5,24.700000762939453,22.899999618530273,23.5,1350
2018-03-09,24.719999313354492,24.770000457763672,24.399999618530273,24.399999618530273,50
2018-03-12,24.719999313354492,24.719999313354492,24.719999313354492,24.719999313354492,0
2018-03-13,24.719999313354492,24.719999313354492,24.719999313354492,24.719999313354492,0
2018-03-14,25.149999618530273,25.149999618530273,23.0,23.100000381469727,50
2018-03-15,25.149999618530273,25.149999618530273,25.149999618530273,25.149999618530273,0
2018-03-16,25.149999618530273,25.149999618530273,25.149999618530273,25.149999618530273,0
2018-03-19,25.0,25.18000030517578,25.0,25.0,250
2018-03-20,17.200000762939453,24.899999618530273,17.200000762939453,24.899999618530273,60
2018-03-21,20.100000381469727,23.969999313354492,18.200000762939453,23.31999969482422,3080
2018-03-22,23.59000015258789,23.959999084472656,20.100000381469727,20.200000762939453,700
2018-03-23,22.5,23.959999084472656,20.200000762939453,20.200000762939453,520
2018-03-26,21.65999984741211,23.579999923706055,21.65999984741211,21.799999237060547,200
2018-03-27,21.209999084472656,23.09000015258789,21.209999084472656,23.09000015258789,50
2018-03-28,20.0,20.799999237060547,20.0,20.799999237060547,200
2018-03-29,22.1200008392334,22.1200008392334,20.899999618530273,20.899999618530273,30
2018-04-02,22.1200008392334,22.1200008392334,22.1200008392334,22.1200008392334,0
2018-04-03,22.1200008392334,22.1200008392334,22.1200008392334,22.1200008392334,0
2018-04-04,22.1200008392334,22.1200008392334,22.1200008392334,22.1200008392334,0
2018-04-05,22.1200008392334,22.1200008392334,22.1200008392334,22.1200008392334,0
2018-04-06,23.219999313354492,23.299999237060547,22.0,22.0,200
2018-04-09,25.0,25.010000228881836,25.0,25.010000228881836,390
2018-04-10,24.959999084472656,26.030000686645508,24.959999084472656,26.030000686645508,240
2018-04-11,24.959999084472656,24.959999084472656,24.959999084472656,24.959999084472656,0
2018-04-12,24.959999084472656,24.959999084472656,24.959999084472656,24.959999084472656,0
2018-04-13,24.959999084472656,24.959999084472656,24.959999084472656,24.959999084472656,0
2018-04-16,22.0,22.100000381469727,22.0,22.100000381469727,60
2018-04-17,20.0,20.0,18.399999618530273,18.600000381469727,220
2018-04-18,19.399999618530273,21.0,18.309999465942383,21.0,790
2018-04-19,18.5,20.5,18.299999237060547,20.5,1100
2018-04-20,18.5,18.5,17.0,17.5,1550
2018-04-23,16.5,17.5,16.5,17.5,1110
2018-04-24,15.5,16.5,15.199999809265137,16.5,630
2018-04-25,14.75,15.5,14.399999618530273,15.5,920
2018-04-26,14.0,14.699999809265137,13.899999618530273,14.300000190734863,360
2018-04-27,14.0,14.100000381469727,14.0,14.100000381469727,140
2018-04-30,12.5,13.0,12.5,13.0,200
2018-05-01,12.5,12.5,12.5,12.5,0
2018-05-02,13.5,18.200000762939453,10.199999809265137,10.199999809265137,30440
2018-05-03,43.900001525878906,66.9000015258789,14.5,14.800000190734863,1337240
2018-05-04,26.399999618530273,36.099998474121094,23.299999237060547,32.900001525878906,151170
2018-05-07,31.299999237060547,36.0,24.700000762939453,24.700000762939453,385550
2018-05-08,25.899999618530273,30.5,22.5,29.0,66750
2018-05-09,27.899999618530273,33.0,23.700000762939453,25.700000762939453,53220
2018-05-10,24.299999237060547,27.700000762939453,23.399999618530273,27.700000762939453,20890
2018-05-11,25.5,31.0,23.899999618530273,24.0,68780
2018-05-14,28.510000228881836,30.299999237060547,25.010000228881836,25.799999237060547,48120
2018-05-15,31.5,34.5,27.399999618530273,28.399999618530273,78970
2018-05-16,32.099998474121094,33.380001068115234,30.5,31.799999237060547,16770
2018-05-17,35.20000076293945,37.349998474121094,31.100000381469727,31.799999237060547,56790
2018-05-18,33.20000076293945,38.900001525878906,32.5,35.400001525878906,76540
2018-05-21,29.600000381469727,34.150001525878906,28.600000381469727,33.79999923706055,20110
2018-05-22,28.799999237060547,31.200000762939453,27.100000381469727,31.200000762939453,13100
2018-05-23,28.0,29.299999237060547,26.100000381469727,27.149999618530273,4450
2018-05-24,27.3799991607666,29.5,26.5,27.5,8670
2018-05-25,24.100000381469727,27.399999618530273,23.399999618530273,27.0,12190
2018-05-29,24.5,26.0,24.100000381469727,25.100000381469727,4700
2018-05-30,23.299999237060547,25.299999237060547,21.0,25.299999237060547,12840
2018-05-31,22.5,24.799999237060547,21.0,22.899999618530273,6160
2018-06-01,24.200000762939453,24.739999771118164,21.829999923706055,22.799999237060547,4160
2018-06-04,23.0,25.5,22.700000762939453,24.200000762939453,3680
2018-06-05,22.200000762939453,23.459999084472656,21.75,23.200000762939453,2820
2018-06-06,22.100000381469727,23.5,21.709999084472656,22.700000762939453,5330
2018-06-07,22.0,22.8799991607666,21.510000228881836,22.200000762939453,2500
2018-06-08,21.100000381469727,22.0,20.0,21.799999237060547,5010
2018-06-11,20.5,21.309999465942383,20.100000381469727,20.700000762939453,4010
2018-06-12,21.209999084472656,25.0,21.0,23.600000381469727,12990
2018-06-13,20.399999618530273,21.8700008392334,20.0,21.5,2660
2018-06-14,22.0,23.100000381469727,20.0,23.100000381469727,4310
2018-06-15,20.0,22.0,19.489999771118164,22.0,5320
2018-06-18,19.100000381469727,20.0,18.0,20.0,4780
2018-06-19,18.600000381469727,19.100000381469727,18.100000381469727,19.0,1820
2018-06-20,18.600000381469727,18.600000381469727,16.5,18.100000381469727,2280
2018-06-21,17.600000381469727,18.0,16.100000381469727,16.100000381469727,1530
2018-06-22,18.100000381469727,18.399999618530273,16.399999618530273,18.350000381469727,2790
2018-06-25,16.100000381469727,18.0,16.0,17.0,7160
2018-06-26,15.699999809265137,16.739999771118164,15.399999618530273,15.399999618530273,4080
2018-06-27,14.5,16.399999618530273,14.5,16.399999618530273,5290
2018-06-28,23.399999618530273,24.700000762939453,14.609999656677246,15.399999618530273,187410
2018-06-29,23.399999618530273,33.29999923706055,20.5,28.0,444720
2018-07-02,21.799999237060547,23.190000534057617,20.799999237060547,22.700000762939453,21680
2018-07-03,22.5,22.700000762939453,21.0,21.600000381469727,5350
2018-07-05,22.700000762939453,23.200000762939453,21.530000686645508,23.200000762939453,6490
2018-07-06,19.600000381469727,22.799999237060547,18.100000381469727,22.799999237060547,9070
2018-07-09,19.100000381469727,21.700000762939453,18.0,20.700000762939453,7100
2018-07-10,19.799999237060547,20.399999618530273,18.40999984741211,19.200000762939453,4780
2018-07-11,19.799999237060547,21.0,19.200000762939453,19.700000762939453,2070
2018-07-12,19.799999237060547,20.360000610351562,19.200000762939453,19.799999237060547,1890
2018-07-13,19.100000381469727,20.0,19.100000381469727,19.799999237060547,1860
2018-07-16,19.100000381469727,19.5,18.799999237060547,19.5,1710
2018-07-17,18.5,18.950000762939453,18.1200008392334,18.450000762939453,1490
2018-07-18,19.799999237060547,19.799999237060547,17.6200008392334,18.0,1090
2018-07-19,18.0,18.600000381469727,17.5,18.100000381469727,2590
2018-07-20,18.0,18.700000762939453,17.600000381469727,18.700000762939453,780
2018-07-23,19.100000381469727,19.579999923706055,17.200000762939453,18.299999237060547,5410
2018-07-24,18.0,20.799999237060547,18.0,19.100000381469727,9770
2018-07-25,17.700000762939453,18.399999618530273,17.600000381469727,18.399999618530273,1890
2018-07-26,15.300000190734863,17.700000762939453,13.770000457763672,17.600000381469727,9270
2018-07-27,15.300000190734863,16.389999389648438,15.100000381469727,15.100000381469727,1530
2018-07-30,15.100000381469727,16.0,14.600000381469727,15.199999809265137,2140
2018-07-31,15.300000190734863,16.399999618530273,15.109999656677246,15.699999809265137,920
2018-08-01,14.300000190734863,15.789999961853027,13.210000038146973,15.430000305175781,4510
2018-08-02,14.399999618530273,15.399999618530273,14.300000190734863,14.5,820
2018-08-03,14.399999618530273,15.199999809265137,14.210000038146973,14.75,1010
2018-08-06,14.300000190734863,17.200000762939453,14.300000190734863,17.200000762939453,13770
2018-08-07,14.100000381469727,15.100000381469727,13.0,13.399999618530273,1600
2018-08-08,13.899999618530273,14.5,13.850000381469727,14.0,1590
2018-08-09,15.0,15.899999618530273,13.510000228881836,13.510000228881836,4350
2018-08-10,14.0,15.359999656677246,13.8100004196167,15.0,1910
2018-08-13,13.800000190734863,14.600000381469727,13.800000190734863,14.600000381469727,1190
2018-08-14,14.300000190734863,14.470000267028809,13.930000305175781,14.199999809265137,2160
2018-08-15,14.399999618530273,14.600000381469727,14.199999809265137,14.199999809265137,1140
2018-08-16,15.899999618530273,17.399999618530273,14.399999618530273,14.399999618530273,5920
2018-08-17,14.699999809265137,16.040000915527344,14.699999809265137,15.899999618530273,2350
2018-08-20,14.800000190734863,15.6899995803833,14.6899995803833,14.800000190734863,900
2018-08-21,15.100000381469727,15.5,14.899999618530273,14.899999618530273,1090
2018-08-22,15.100000381469727,15.300000190734863,15.100000381469727,15.300000190734863,480
2018-08-23,15.399999618530273,15.600000381469727,15.3100004196167,15.3100004196167,590
2018-08-24,15.699999809265137,16.469999313354492,15.180000305175781,15.180000305175781,1050
2018-08-27,15.199999809265137,15.699999809265137,15.199999809265137,15.699999809265137,880
2018-08-28,17.739999771118164,24.299999237060547,15.59000015258789,15.699999809265137,242060
2018-08-29,19.5,19.5,16.600000381469727,16.600000381469727,13600
2018-08-30,18.100000381469727,19.399999618530273,17.709999084472656,19.399999618530273,3390
2018-08-31,18.0,18.5,17.700000762939453,18.5,1970
2018-09-04,17.600000381469727,18.700000762939453,17.600000381469727,17.799999237060547,2720
2018-09-05,17.299999237060547,17.600000381469727,16.100000381469727,17.5,2030
2018-09-06,16.5,17.200000762939453,16.34000015258789,16.5,1120
2018-09-07,16.799999237060547,17.0,15.359999656677246,17.0,620
2018-09-10,17.5,17.700000762939453,15.529999732971191,15.800000190734863,2020
2018-09-11,15.699999809265137,17.200000762939453,15.600000381469727,17.200000762939453,2640
2018-09-12,16.299999237060547,16.299999237060547,16.1200008392334,16.1200008392334,150
2018-09-13,15.600000381469727,15.699999809265137,15.199999809265137,15.199999809265137,1800
2018-09-14,15.300000190734863,15.899999618530273,15.199999809265137,15.899999618530273,580
2018-09-17,15.0,16.100000381469727,15.0,15.300000190734863,1890
2018-09-18,15.699999809265137,16.100000381469727,15.199999809265137,15.199999809265137,620
2018-09-19,16.200000762939453,16.200000762939453,15.0,15.609999656677246,1030
2018-09-20,15.399999618530273,15.989999771118164,14.600000381469727,15.199999809265137,2780
2018-09-21,14.800000190734863,15.119999885559082,14.600000381469727,15.100000381469727,1330
2018-09-24,14.699999809265137,15.020000457763672,14.600000381469727,14.600000381469727,430
2018-09-25,14.800000190734863,15.300000190734863,14.5,14.699999809265137,2210
2018-09-26,14.399999618530273,15.199999809265137,13.600000381469727,14.699999809265137,7090
2018-09-27,14.699999809265137,14.800000190734863,14.399999618530273,14.399999618530273,1240
2018-09-28,14.199999809265137,14.739999771118164,14.0,14.5,960
2018-10-01,14.5,14.829999923706055,13.600000381469727,14.199999809265137,1880
2018-10-02,13.899999618530273,14.359999656677246,13.800000190734863,13.800000190734863,1440
2018-10-03,13.699999809265137,14.199999809265137,13.699999809265137,13.899999618530273,740
2018-10-04,13.800000190734863,13.899999618530273,13.199999809265137,13.699999809265137,1220
2018-10-05,13.710000038146973,13.800000190734863,13.5,13.600000381469727,670
2018-10-08,13.600000381469727,15.5,13.199999809265137,13.5,4220
2018-10-09,13.300000190734863,14.170000076293945,13.300000190734863,13.600000381469727,790
2018-10-10,13.300000190734863,15.199999809265137,13.300000190734863,14.0,19760
2018-10-11,12.899999618530273,13.399999618530273,12.300000190734863,13.300000190734863,2610
2018-10-12,12.899999618530273,13.199999809265137,12.199999809265137,12.800000190734863,900
2018-10-15,12.5,13.5,12.5,12.699999809265137,1360
2018-10-16,12.300000190734863,13.039999961853027,12.199999809265137,13.039999961853027,1240
2018-10-17,13.300000190734863,13.300000190734863,12.199999809265137,12.800000190734863,850
2018-10-18,12.600000381469727,13.699999809265137,12.600000381469727,13.100000381469727,720
2018-10-19,14.199999809265137,14.199999809265137,12.899999618530273,13.199999809265137,2750
2018-10-22,13.5,18.899999618530273,13.100000381469727,14.5,20270
2018-10-23,13.5,13.5,12.300000190734863,12.300000190734863,1240
2018-10-24,12.800000190734863,13.720000267028809,12.300000190734863,13.300000190734863,2280
2018-10-25,14.4399995803833,14.4399995803833,13.100000381469727,13.119999885559082,750
2018-10-26,13.5,13.800000190734863,12.600000381469727,13.199999809265137,2900
2018-10-29,12.5,13.739999771118164,12.300000190734863,13.5,3330
2018-10-30,12.0,12.40999984741211,11.800000190734863,12.399999618530273,730
2018-10-31,11.800000190734863,12.5,11.4399995803833,12.0,1240
2018-11-01,12.300000190734863,13.0,11.800000190734863,12.5,1080
2018-11-02,14.199999809265137,19.299999237060547,13.600000381469727,16.5,242040
2018-11-05,15.100000381469727,15.300000190734863,13.5,13.600000381469727,25090
2018-11-06,13.600000381469727,14.899999618530273,13.5,14.899999618530273,3040
2018-11-07,13.199999809265137,14.300000190734863,13.0,13.5,3310
2018-11-08,13.800000190734863,14.0,12.800000190734863,13.199999809265137,2210
2018-11-09,12.800000190734863,13.6899995803833,12.5,13.5,2970
2018-11-12,12.600000381469727,13.100000381469727,12.5,12.800000190734863,460
2018-11-13,12.760000228881836,13.010000228881836,12.300000190734863,12.699999809265137,1200
2018-11-14,12.479999542236328,12.9399995803833,11.899999618530273,12.760000228881836,1890
2018-11-15,12.25,12.739999771118164,12.09000015258789,12.15999984741211,410
2018-11-16,12.300000190734863,12.5,11.800000190734863,12.100000381469727,1530
2018-11-19,12.0,12.039999961853027,11.680000305175781,12.039999961853027,450
2018-11-20,12.100000381469727,12.100000381469727,11.399999618530273,11.800000190734863,440
2018-11-21,12.359999656677246,12.600000381469727,11.949999809265137,12.0,810
2018-11-23,11.899999618530273,12.100000381469727,11.800000190734863,12.100000381469727,300
2018-11-26,12.100000381469727,12.109999656677246,11.699999809265137,12.0,290
2018-11-27,11.300000190734863,12.100000381469727,11.199999809265137,11.899999618530273,2170
2018-11-28,11.800000190734863,12.300000190734863,11.399999618530273,11.399999618530273,1250
2018-11-29,10.800000190734863,12.140000343322754,10.800000190734863,11.5,3680
2018-11-30,11.0,11.850000381469727,10.399999618530273,10.899999618530273,5250
2018-12-03,11.279999732971191,11.800000190734863,11.0,11.100000381469727,15270
2018-12-04,12.0600004196167,13.699999809265137,11.300000190734863,11.300000190734863,36520
2018-12-06,11.0,11.890000343322754,10.5,11.800000190734863,6940
2018-12-07,10.300000190734863,10.84000015258789,10.300000190734863,10.800000190734863,2160
2018-12-10,9.5,10.399999618530273,8.0,10.399999618530273,2630
2018-12-11,9.319999694824219,9.600000381469727,9.210000038146973,9.600000381469727,390
2018-12-12,9.699999809265137,9.699999809265137,9.199999809265137,9.210000038146973,940
2018-12-13,8.5,9.25,8.5,9.25,2170
2018-12-14,8.819999694824219,8.960000038146973,8.399999618530273,8.960000038146973,690
2018-12-17,8.5,8.789999961853027,8.300000190734863,8.779999732971191,2400
2018-12-18,7.5,8.34000015258789,7.5,8.0,1450
2018-12-19,8.199999809265137,8.380000114440918,7.5,8.0,1230
2018-12-20,7.739999771118164,8.180000305175781,7.699999809265137,7.710000038146973,530
2018-12-21,7.199999809265137,8.0,7.099999904632568,8.0,1110
2018-12-24,6.900000095367432,7.0,6.900000095367432,6.900000095367432,320
2018-12-26,6.300000190734863,7.179999828338623,6.099999904632568,6.949999809265137,4100
2018-12-27,6.579999923706055,6.699999809265137,5.920000076293945,6.5,270
2018-12-28,6.300000190734863,6.599999904632568,6.230000019073486,6.230000019073486,3270
2018-12-31,6.449999809265137,6.480000019073486,5.900000095367432,5.920000076293945,1410
2019-01-02,7.400000095367432,8.0,5.900000095367432,6.300000190734863,3690
2019-01-03,6.800000190734863,9.199999809265137,6.199999809265137,6.199999809265137,1310
2019-01-04,6.599999904632568,7.0,6.599999904632568,7.0,320
2019-01-07,7.639999866485596,7.800000190734863,6.809999942779541,6.809999942779541,6620
2019-01-08,7.900000095367432,8.199999809265137,7.610000133514404,7.989999771118164,1330
2019-01-09,8.199999809265137,9.0,7.840000152587891,7.900000095367432,6350
2019-01-10,8.930000305175781,9.050000190734863,7.900000095367432,8.5,1890
2019-01-11,8.899999618530273,9.0600004196167,8.5,8.59000015258789,3040
2019-01-14,9.399999618530273,9.699999809265137,8.699999809265137,8.729999542236328,2480
2019-01-15,9.5,9.699999809265137,8.640000343322754,9.5,1000
2019-01-16,10.140000343322754,10.399999618530273,8.90999984741211,8.90999984741211,1850
2019-01-17,10.800000190734863,11.0,9.899999618530273,10.0600004196167,4760
2019-01-18,10.800000190734863,10.800000190734863,10.199999809265137,10.800000190734863,620
2019-01-22,10.100000381469727,10.699999809265137,9.0,10.699999809265137,3760
2019-01-23,9.5,10.5,9.0,10.100000381469727,11080
2019-01-24,9.289999961853027,10.050000190734863,9.0,9.5,2900
2019-01-25,9.100000381469727,10.300000190734863,9.100000381469727,10.300000190734863,1350
2019-01-28,9.100000381469727,9.100000381469727,9.100000381469727,9.100000381469727,20
2019-01-29,8.970000267028809,10.260000228881836,8.970000267028809,9.199999809265137,310
2019-01-30,10.079999923706055,10.079999923706055,9.170000076293945,9.960000038146973,890
2019-01-31,10.270000457763672,10.289999961853027,9.4399995803833,10.0,1340
2019-02-01,10.199999809265137,10.220000267028809,9.300000190734863,9.75,880
2019-02-04,9.640000343322754,9.920000076293945,9.180000305175781,9.470000267028809,410
2019-02-05,10.5,10.5,9.600000381469727,9.600000381469727,470
2019-02-06,11.300000190734863,11.319999694824219,9.569999694824219,10.399999618530273,3440
2019-02-07,11.5,11.5,9.819999694824219,11.399999618530273,140
2019-02-08,11.0,11.199999809265137,10.069999694824219,11.199999809265137,110
2019-02-11,10.899999618530273,11.0,10.65999984741211,10.859999656677246,100
2019-02-12,11.5,11.5,10.0,11.5,3890
2019-02-13,11.100000381469727,11.25,10.600000381469727,10.899999618530273,2700
2019-02-14,10.5,11.300000190734863,9.800000190734863,10.899999618530273,810
2019-02-15,10.5,13.699999809265137,10.5,10.5,15210
2019-02-19,10.300000190734863,11.800000190734863,9.119999885559082,11.0,2950
2019-02-20,10.199999809265137,10.800000190734863,9.600000381469727,10.600000381469727,1960
2019-02-21,10.100000381469727,10.699999809265137,10.100000381469727,10.5,380
2019-02-22,10.600000381469727,10.600000381469727,10.199999809265137,10.199999809265137,740
2019-02-25,10.600000381469727,10.800000190734863,10.300000190734863,10.600000381469727,420
2019-02-26,10.649999618530273,11.0,10.630000114440918,10.699999809265137,1380
2019-02-27,10.550000190734863,10.550000190734863,10.550000190734863,10.550000190734863,50
2019-02-28,10.75,10.800000190734863,10.75,10.800000190734863,100
2019-03-01,11.0,11.0,10.399999618530273,10.399999618530273,240
2019-03-04,11.0,11.0,10.819999694824219,10.970000267028809,440
2019-03-05,11.0,11.199999809265137,10.899999618530273,10.899999618530273,340
2019-03-06,10.5,10.899999618530273,10.5,10.899999618530273,230
2019-03-07,11.399999618530273,11.399999618530273,10.399999618530273,10.699999809265137,920
2019-03-08,10.699999809265137,10.899999618530273,9.890000343322754,10.0,1400
2019-03-11,11.699999809265137,12.100000381469727,11.010000228881836,11.079999923706055,3050
2019-03-12,26.5,31.899999618530273,11.800000190734863,12.0,1920760
2019-03-13,19.399999618530273,24.030000686645508,18.5,21.299999237060547,212890
2019-03-14,16.450000762939453,18.0,16.299999237060547,18.0,32710
2019-03-15,15.5,17.399999618530273,14.300000190734863,17.399999618530273,29110
2019-03-18,16.700000762939453,16.700000762939453,15.399999618530273,16.700000762939453,16890
2019-03-19,15.300000190734863,16.799999237060547,15.300000190734863,16.700000762939453,11210
2019-03-20,15.100000381469727,15.300000190734863,14.100000381469727,15.199999809265137,5540
2019-03-21,14.5,16.5,14.5,14.800000190734863,9310
2019-03-22,14.600000381469727,15.199999809265137,13.5,15.100000381469727,9470
2019-03-25,12.600000381469727,15.399999618530273,12.600000381469727,14.699999809265137,17420
2019-03-26,12.5,13.399999618530273,12.100000381469727,12.800000190734863,7050
2019-03-27,12.600000381469727,12.899999618530273,11.600000381469727,12.329999923706055,6290
2019-03-28,12.300000190734863,13.699999809265137,12.020000457763672,12.699999809265137,4190
2019-03-29,12.800000190734863,13.199999809265137,12.5,12.760000228881836,2470
2019-04-01,11.600000381469727,12.600000381469727,11.579999923706055,12.600000381469727,6520
2019-04-02,12.399999618530273,12.800000190734863,11.600000381469727,11.600000381469727,5570
2019-04-03,13.300000190734863,16.100000381469727,11.899999618530273,12.399999618530273,75540
2019-04-04,13.0,13.800000190734863,12.600000381469727,13.199999809265137,5570
2019-04-05,12.5,13.100000381469727,12.300000190734863,12.899999618530273,3090
2019-04-08,12.800000190734863,13.380000114440918,12.399999618530273,12.399999618530273,1280
2019-04-09,12.609999656677246,13.0,12.199999809265137,13.0,2480
2019-04-10,12.100000381469727,12.600000381469727,12.100000381469727,12.600000381469727,2040
2019-04-11,12.5,12.5,12.100000381469727,12.100000381469727,1230
2019-04-12,12.579999923706055,12.739999771118164,12.210000038146973,12.300000190734863,2410
2019-04-15,12.34000015258789,12.960000038146973,12.0,12.5,2390
2019-04-16,12.100000381469727,12.34000015258789,11.699999809265137,12.140000343322754,1690
2019-04-17,12.5,12.989999771118164,11.699999809265137,12.100000381469727,4040
2019-04-18,12.710000038146973,14.180000305175781,12.0,12.300000190734863,6670
2019-04-22,13.100000381469727,13.949999809265137,12.260000228881836,12.260000228881836,10000
2019-04-23,13.899999618530273,15.079999923706055,13.600000381469727,13.600000381469727,10200
2019-04-24,14.0,14.600000381469727,12.800000190734863,14.300000190734863,5540
2019-04-25,14.050000190734863,14.899999618530273,13.5,14.0,3130
2019-04-26,13.300000190734863,14.300000190734863,12.899999618530273,14.300000190734863,2000
2019-04-29,13.630000114440918,14.300000190734863,13.350000381469727,14.300000190734863,420
2019-04-30,13.699999809265137,14.0,13.15999984741211,14.0,710
2019-05-01,13.699999809265137,14.199999809265137,13.569999694824219,13.569999694824219,1830
2019-05-02,13.510000228881836,14.319999694824219,13.100000381469727,13.399999618530273,1010
2019-05-03,13.699999809265137,13.699999809265137,13.100000381469727,13.5,790
2019-05-06,14.149999618530273,14.149999618530273,12.989999771118164,13.710000038146973,760
2019-05-07,14.0,15.720000267028809,13.220000267028809,13.899999618530273,8270
2019-05-08,12.699999809265137,14.0,12.699999809265137,14.0,5580
2019-05-09,12.699999809265137,13.300000190734863,11.800000190734863,12.800000190734863,2640
2019-05-10,12.300000190734863,12.5,11.960000038146973,12.100000381469727,1020
2019-05-13,12.199999809265137,12.300000190734863,11.600000381469727,12.0,830
2019-05-14,12.399999618530273,12.399999618530273,11.699999809265137,11.800000190734863,830
2019-05-15,12.300000190734863,12.399999618530273,11.600000381469727,12.399999618530273,400
2019-05-16,11.859999656677246,12.300000190734863,11.600000381469727,12.300000190734863,1040
2019-05-17,12.0,12.0,11.6899995803833,11.699999809265137,310
2019-05-20,11.699999809265137,11.899999618530273,11.600000381469727,11.600000381469727,970
2019-05-21,11.600000381469727,11.760000228881836,11.600000381469727,11.699999809265137,1470
2019-05-22,11.199999809265137,12.0,10.699999809265137,11.600000381469727,1980
2019-05-23,11.5,11.600000381469727,10.600000381469727,11.199999809265137,1360
2019-05-24,11.100000381469727,11.359999656677246,10.800000190734863,11.359999656677246,130
2019-05-28,10.0,10.800000190734863,10.0,10.800000190734863,3340
2019-05-29,10.600000381469727,10.649999618530273,10.199999809265137,10.449999809265137,840
2019-05-30,11.100000381469727,11.199999809265137,10.600000381469727,10.899999618530273,270
2019-05-31,10.899999618530273,11.300000190734863,10.399999618530273,11.300000190734863,850
2019-06-03,10.600000381469727,10.600000381469727,10.100000381469727,10.199999809265137,1560
2019-06-04,10.300000190734863,10.5,10.300000190734863,10.300000190734863,140
2019-06-05,10.5,10.5600004196167,10.5,10.550000190734863,170
2019-06-06,10.5,10.699999809265137,10.0,10.699999809265137,410
2019-06-07,10.399999618530273,10.399999618530273,10.0,10.0,100
2019-06-10,10.279999732971191,10.279999732971191,10.0,10.0,360
2019-06-11,10.199999809265137,10.199999809265137,9.800000190734863,9.899999618530273,1160
2019-06-12,10.300000190734863,10.300000190734863,9.3100004196167,9.869999885559082,270
2019-06-13,10.199999809265137,10.199999809265137,9.34000015258789,10.100000381469727,1210
2019-06-14,10.399999618530273,11.0,10.199999809265137,10.199999809265137,4430
2019-06-17,10.600000381469727,10.649999618530273,10.100000381469727,10.399999618530273,950
2019-06-18,11.600000381469727,12.199999809265137,10.350000381469727,10.350000381469727,4820
2019-06-19,11.5,12.0,11.0600004196167,11.399999618530273,1190
2019-06-20,10.699999809265137,11.100000381469727,10.0,11.100000381469727,3330
2019-06-21,10.449999809265137,10.699999809265137,10.199999809265137,10.199999809265137,610
2019-06-24,20.5,26.049999237060547,11.100000381469727,11.100000381469727,1476520
2019-06-25,14.899999618530273,18.0,14.699999809265137,18.0,99820
2019-06-26,14.699999809265137,15.899999618530273,14.300000190734863,15.0,19100
2019-06-27,14.289999961853027,15.0,13.600000381469727,14.0,15080
2019-06-28,14.0,14.800000190734863,13.649999618530273,14.199999809265137,7200
2019-07-01,13.899999618530273,14.800000190734863,13.699999809265137,13.699999809265137,3080
2019-07-02,13.720000267028809,14.359999656677246,13.210000038146973,13.800000190734863,2770
2019-07-03,14.079999923706055,14.699999809265137,13.199999809265137,13.199999809265137,790
2019-07-05,14.649999618530273,14.800000190734863,13.300000190734863,13.899999618530273,2510
2019-07-08,14.399999618530273,15.5,14.149999618530273,15.0,6660
2019-07-09,14.300000190734863,14.699999809265137,14.100000381469727,14.100000381469727,3430
2019-07-10,14.0,14.5,13.5,14.100000381469727,2460
2019-07-11,15.100000381469727,15.100000381469727,13.5,14.0,11950
2019-07-12,16.799999237060547,23.399999618530273,16.5,19.399999618530273,534510
2019-07-15,16.5,16.5,14.600000381469727,15.300000190734863,34560
2019-07-16,15.0,16.299999237060547,14.5,16.299999237060547,9850
2019-07-17,13.199999809265137,14.899999618530273,13.100000381469727,14.899999618530273,29230
2019-07-18,13.800000190734863,13.800000190734863,13.199999809265137,13.699999809265137,3840
2019-07-19,13.399999618530273,13.699999809265137,13.300000190734863,13.5,1150
2019-07-22,12.899999618530273,13.600000381469727,12.800000190734863,13.600000381469727,2800
2019-07-23,13.199999809265137,13.800000190734863,12.899999618530273,12.899999618530273,1880
2019-07-24,12.670000076293945,13.5,12.5,13.5,3200
2019-07-25,12.699999809265137,12.800000190734863,12.0,12.800000190734863,3080
2019-07-26,12.0,12.600000381469727,11.899999618530273,12.600000381469727,2130
2019-07-29,11.800000190734863,12.449999809265137,11.699999809265137,12.0,3060
2019-07-30,12.600000381469727,12.600000381469727,11.699999809265137,12.0,6220
2019-07-31,12.300000190734863,12.600000381469727,11.899999618530273,12.5,710
2019-08-01,12.300000190734863,12.5,12.0,12.5,2670
2019-08-02,12.300000190734863,12.449999809265137,11.800000190734863,11.800000190734863,2660
2019-08-05,12.0,12.300000190734863,11.800000190734863,12.300000190734863,1590
2019-08-06,12.050000190734863,12.100000381469727,11.899999618530273,12.100000381469727,480
2019-08-07,12.0,12.100000381469727,11.800000190734863,12.100000381469727,1030
2019-08-08,12.0,12.100000381469727,12.0,12.0,230
2019-08-09,11.899999618530273,12.100000381469727,11.800000190734863,12.0,620
2019-08-12,12.4399995803833,12.710000038146973,11.800000190734863,11.800000190734863,940
2019-08-13,12.800000190734863,13.1899995803833,12.399999618530273,12.800000190734863,2950
2019-08-14,13.800000190734863,14.399999618530273,12.789999961853027,13.199999809265137,9970
2019-08-15,13.800000190734863,14.039999961853027,13.489999771118164,14.0,1380
2019-08-16,13.800000190734863,13.890000343322754,13.300000190734863,13.800000190734863,1330
2019-08-19,13.699999809265137,13.800000190734863,13.0,13.800000190734863,720
2019-08-20,13.25,13.699999809265137,13.199999809265137,13.699999809265137,590
2019-08-21,13.399999618530273,13.600000381469727,12.600000381469727,13.5,2410
2019-08-22,13.399999618530273,14.699999809265137,12.100000381469727,13.100000381469727,5800
2019-08-23,13.100000381469727,13.5,12.0,13.100000381469727,2050
2019-08-26,12.600000381469727,13.0,12.5,12.800000190734863,1850
2019-08-27,12.25,12.789999961853027,12.170000076293945,12.170000076293945,1100
2019-08-28,11.800000190734863,12.800000190734863,11.119999885559082,12.5,4050
2019-08-29,12.600000381469727,12.699999809265137,12.270000457763672,12.609999656677246,1510
2019-08-30,13.050000190734863,13.399999618530273,12.600000381469727,12.600000381469727,720
2019-09-03,12.5,13.449999809265137,12.5,13.300000190734863,330
2019-09-04,12.800000190734863,13.449999809265137,12.630000114440918,13.199999809265137,940
2019-09-05,13.699999809265137,14.0,12.65999984741211,12.899999618530273,1430
2019-09-06,13.100000381469727,14.100000381469727,13.100000381469727,14.100000381469727,890
2019-09-09,13.0,13.100000381469727,12.899999618530273,12.899999618530273,120
2019-09-10,13.600000381469727,13.699999809265137,12.199999809265137,12.899999618530273,3480
2019-09-11,13.5,13.899999618530273,13.199999809265137,13.899999618530273,530
2019-09-12,13.399999618530273,14.0,13.199999809265137,13.600000381469727,930
2019-09-13,13.5,13.899999618530273,13.100000381469727,13.100000381469727,820
2019-09-16,13.4399995803833,14.5,12.600000381469727,13.800000190734863,3090
2019-09-17,14.229999542236328,14.800000190734863,13.199999809265137,14.199999809265137,3860
2019-09-18,14.399999618530273,15.0,14.100000381469727,14.800000190734863,1190
2019-09-19,13.6899995803833,14.989999771118164,13.600000381469727,14.899999618530273,2690
2019-09-20,13.899999618530273,15.0,13.0,13.920000076293945,3000
2019-09-23,14.5,14.539999961853027,13.569999694824219,14.100000381469727,390
2019-09-24,13.699999809265137,14.430000305175781,13.699999809265137,14.399999618530273,500
2019-09-25,13.600000381469727,14.800000190734863,13.470000267028809,14.199999809265137,1000
2019-09-26,13.100000381469727,13.600000381469727,13.100000381469727,13.600000381469727,2510
2019-09-27,13.130000114440918,13.399999618530273,13.0,13.239999771118164,480
2019-09-30,13.029999732971191,13.319999694824219,13.029999732971191,13.199999809265137,120
2019-10-01,12.699999809265137,13.0,12.40999984741211,13.0,1130
2019-10-02,12.699999809265137,12.800000190734863,12.670000076293945,12.699999809265137,800
2019-10-03,12.359999656677246,12.600000381469727,12.199999809265137,12.199999809265137,1960
2019-10-04,12.65999984741211,13.800000190734863,12.300000190734863,12.6899995803833,720
2019-10-07,12.649999618530273,12.979999542236328,12.649999618530273,12.979999542236328,370
2019-10-08,13.100000381469727,13.5,12.899999618530273,13.100000381469727,840
2019-10-09,12.800000190734863,13.25,12.770000457763672,12.899999618530273,1140
2019-10-10,12.899999618530273,13.100000381469727,12.699999809265137,13.100000381469727,100
2019-10-11,13.3100004196167,13.420000076293945,12.899999618530273,13.109999656677246,540
2019-10-14,13.899999618530273,14.930000305175781,12.970000267028809,13.0,13190
2019-10-15,14.399999618530273,14.5,13.100000381469727,14.0,2800
2019-10-16,14.399999618530273,15.399999618530273,13.819999694824219,14.300000190734863,8760
2019-10-17,13.970000267028809,14.270000457763672,13.699999809265137,13.699999809265137,600
2019-10-18,14.140000343322754,14.300000190734863,13.699999809265137,14.0,610
2019-10-21,14.5,15.5,13.569999694824219,14.600000381469727,5550
2019-10-22,12.800000190734863,17.600000381469727,12.300000190734863,16.5,111740
2019-10-23,12.899999618530273,13.5,12.199999809265137,12.199999809265137,11260
2019-10-24,12.300000190734863,12.899999618530273,12.300000190734863,12.800000190734863,6870
2019-10-25,12.260000228881836,12.600000381469727,12.199999809265137,12.300000190734863,2410
2019-10-28,12.5,12.800000190734863,12.199999809265137,12.300000190734863,4070
2019-10-29,12.399999618530273,13.100000381469727,12.199999809265137,12.600000381469727,9850
2019-10-30,12.399999618530273,12.5,12.199999809265137,12.5,1090
2019-10-31,12.3100004196167,12.4399995803833,12.199999809265137,12.399999618530273,910
2019-11-01,12.600000381469727,12.600000381469727,12.199999809265137,12.300000190734863,420
2019-11-04,12.739999771118164,13.300000190734863,12.399999618530273,13.300000190734863,3050
2019-11-05,12.800000190734863,13.0,12.430000305175781,13.0,1330
2019-11-06,12.899999618530273,13.300000190734863,12.529999732971191,12.720000267028809,2470
2019-11-07,12.300000190734863,13.300000190734863,12.300000190734863,12.829999923706055,4190
2019-11-08,12.699999809265137,12.699999809265137,12.199999809265137,12.399999618530273,440
2019-11-11,12.600000381469727,12.710000038146973,12.199999809265137,12.399999618530273,2310
2019-11-12,12.569999694824219,12.569999694824219,12.359999656677246,12.460000038146973,670
2019-11-13,12.100000381469727,12.600000381469727,12.0,12.300000190734863,3600
2019-11-14,12.15999984741211,12.399999618530273,12.0,12.0,800
2019-11-15,12.800000190734863,13.100000381469727,12.300000190734863,12.300000190734863,5370
2019-11-18,12.670000076293945,12.75,12.479999542236328,12.479999542236328,510
2019-11-19,12.600000381469727,12.600000381469727,12.5,12.529999732971191,600
2019-11-20,12.300000190734863,12.600000381469727,12.300000190734863,12.300000190734863,1130
2019-11-21,12.489999771118164,12.600000381469727,12.300000190734863,12.380000114440918,690
2019-11-22,12.09000015258789,12.5,12.09000015258789,12.5,410
2019-11-25,11.470000267028809,12.300000190734863,11.199999809265137,12.199999809265137,10570
2019-11-26,11.600000381469727,11.640000343322754,11.300000190734863,11.640000343322754,1730
2019-11-27,11.0,11.739999771118164,10.850000381469727,11.399999618530273,4760
2019-11-29,10.8100004196167,11.199999809265137,10.600000381469727,11.199999809265137,1130
2019-12-02,11.0,11.199999809265137,11.0,11.130000114440918,300
2019-12-03,11.0,11.5,10.670000076293945,10.800000190734863,2490
2019-12-04,11.100000381469727,11.300000190734863,11.069999694824219,11.300000190734863,840
2019-12-05,11.100000381469727,11.260000228881836,11.0,11.020000457763672,180
2019-12-06,11.0,11.300000190734863,10.800000190734863,11.300000190734863,950
2019-12-09,10.699999809265137,10.899999618530273,10.699999809265137,10.899999618530273,1070
2019-12-10,10.989999771118164,11.210000038146973,10.8100004196167,11.199999809265137,540
2019-12-11,12.479999542236328,12.699999809265137,11.109999656677246,11.399999618530273,7700
2019-12-12,11.699999809265137,12.899999618530273,11.199999809265137,12.399999618530273,12110
2019-12-13,11.0,12.0,10.800000190734863,11.4399995803833,770
2019-12-16,11.199999809265137,11.699999809265137,11.109999656677246,11.119999885559082,1190
2019-12-17,11.699999809265137,11.699999809265137,11.15999984741211,11.15999984741211,200
2019-12-18,11.199999809265137,11.579999923706055,11.0,11.579999923706055,170
2019-12-19,11.300000190734863,11.300000190734863,11.100000381469727,11.180000305175781,590
2019-12-20,11.0,11.399999618530273,11.0,11.300000190734863,1770
2019-12-23,11.100000381469727,11.300000190734863,11.079999923706055,11.300000190734863,590
2019-12-24,11.0600004196167,11.149999618530273,11.0,11.149999618530273,1160
2019-12-26,11.0,11.100000381469727,10.800000190734863,10.800000190734863,1730
2019-12-27,10.899999618530273,11.300000190734863,10.899999618530273,11.100000381469727,970
2019-12-30,10.699999809265137,11.100000381469727,10.699999809265137,11.100000381469727,1670
2019-12-31,10.5,10.859999656677246,10.479999542236328,10.5,2460
2020-01-02,10.5,10.84000015258789,10.420000076293945,10.5,960
2020-01-03,10.800000190734863,11.5,10.300000190734863,10.300000190734863,17180
2020-01-06,10.75,11.100000381469727,10.300000190734863,11.100000381469727,1190
2020-01-07,10.760000228881836,10.890000343322754,10.489999771118164,10.800000190734863,720
2020-01-08,10.800000190734863,11.0,10.399999618530273,10.800000190734863,2540
2020-01-09,10.699999809265137,11.0,10.600000381469727,10.640000343322754,790
2020-01-10,10.779999732971191,10.800000190734863,10.399999618530273,10.600000381469727,1580
2020-01-13,10.800000190734863,10.899999618530273,10.550000190734863,10.600000381469727,1120
2020-01-14,10.619999885559082,11.0,10.609999656677246,11.0,240
2020-01-15,10.890000343322754,10.899999618530273,10.300000190734863,10.399999618530273,3740
2020-01-16,11.300000190734863,11.5,10.989999771118164,10.989999771118164,4790
2020-01-17,10.760000228881836,11.199999809265137,10.699999809265137,10.8100004196167,2760
2020-01-21,11.0,11.100000381469727,11.0,11.100000381469727,280
2020-01-22,11.579999923706055,11.600000381469727,11.0,11.0,2690
2020-01-23,11.4399995803833,11.899999618530273,10.84000015258789,10.84000015258789,1740
2020-01-24,11.149999618530273,11.899999618530273,10.899999618530273,11.890000343322754,1310
2020-01-27,11.5,11.800000190734863,10.920000076293945,11.800000190734863,1580
2020-01-28,11.399999618530273,11.600000381469727,10.989999771118164,10.989999771118164,360
2020-01-29,11.399999618530273,11.4399995803833,11.050000190734863,11.100000381469727,500
2020-01-30,10.899999618530273,11.5,10.899999618530273,11.5,630
2020-01-31,10.960000038146973,11.300000190734863,10.899999618530273,11.300000190734863,1000
2020-02-03,11.239999771118164,11.699999809265137,10.899999618530273,11.300000190734863,2610
2020-02-04,11.100000381469727,11.899999618530273,10.899999618530273,11.0,830
2020-02-05,11.600000381469727,11.600000381469727,11.0,11.0,1900
2020-02-06,12.0,12.0,11.100000381469727,11.100000381469727,1060
2020-02-07,11.699999809265137,12.100000381469727,11.0,12.0,1550
2020-02-10,11.5,12.0,11.460000038146973,12.0,1050
2020-02-11,11.399999618530273,11.800000190734863,11.199999809265137,11.199999809265137,170
2020-02-12,12.350000381469727,13.399999618530273,11.59000015258789,11.9399995803833,8580
2020-02-13,11.600000381469727,12.949999809265137,11.600000381469727,12.699999809265137,3210
2020-02-14,11.699999809265137,12.180000305175781,11.600000381469727,11.65999984741211,2480
2020-02-18,12.199999809265137,12.640000343322754,11.699999809265137,12.100000381469727,4010
2020-02-19,12.100000381469727,13.5,12.0,12.800000190734863,12710
2020-02-20,12.600000381469727,13.100000381469727,11.699999809265137,12.75,2660
2020-02-21,12.199999809265137,12.600000381469727,11.699999809265137,12.600000381469727,3490
2020-02-24,11.890000343322754,12.300000190734863,11.600000381469727,11.600000381469727,2500
2020-02-25,14.0,25.0,13.0,17.799999237060547,1256580
2020-02-26,11.699999809265137,13.600000381469727,11.5,12.199999809265137,81830
2020-02-27,11.140000343322754,12.390000343322754,10.100000381469727,11.199999809265137,36000
2020-02-28,11.109999656677246,11.800000190734863,9.800000190734863,9.800000190734863,8780
2020-03-02,11.0,11.899999618530273,10.399999618530273,11.100000381469727,3660
2020-03-03,10.699999809265137,11.180000305175781,10.199999809265137,10.680000305175781,1410
2020-03-04,10.869999885559082,11.100000381469727,10.199999809265137,10.800000190734863,4170
2020-03-05,10.5,10.8100004196167,10.0,10.40999984741211,3000
2020-03-06,9.850000381469727,10.699999809265137,8.899999618530273,10.199999809265137,4160
2020-03-09,9.300000190734863,10.15999984741211,8.699999809265137,8.699999809265137,4010
2020-03-10,9.350000381469727,10.100000381469727,9.100000381469727,9.270000457763672,4400
2020-03-11,8.970000267028809,9.510000228881836,8.739999771118164,8.9399995803833,3020
2020-03-12,8.09000015258789,8.899999618530273,7.059999942779541,8.300000190734863,1710
2020-03-13,8.65999984741211,8.65999984741211,7.599999904632568,7.789999961853027,2970
2020-03-16,7.21999979019165,7.5,5.900000095367432,7.5,2560
2020-03-17,6.599999904632568,7.900000095367432,6.599999904632568,7.400000095367432,1370
2020-03-18,6.0,7.25,5.900000095367432,6.0,1190
2020-03-19,6.800000190734863,7.0,6.019999980926514,6.5,6620
2020-03-20,6.400000095367432,7.0,5.900000095367432,7.0,2730
2020-03-23,6.570000171661377,6.599999904632568,5.900000095367432,6.599999904632568,380
2020-03-24,6.599999904632568,6.900000095367432,6.099999904632568,6.699999809265137,560
2020-03-25,6.75,7.210000038146973,6.300000190734863,6.619999885559082,3000
2020-03-26,7.320000171661377,8.199999809265137,6.800000190734863,6.800000190734863,1750
2020-03-27,7.400000095367432,7.400000095367432,6.730000019073486,7.199999809265137,1240
2020-03-30,7.300000190734863,7.559999942779541,7.199999809265137,7.400000095367432,610
2020-03-31,7.400000095367432,7.800000190734863,7.0,7.670000076293945,3630
2020-04-01,7.480000019073486,7.699999809265137,7.099999904632568,7.699999809265137,1230
2020-04-02,7.25,7.800000190734863,7.199999809265137,7.599999904632568,1200
2020-04-03,6.699999809265137,8.0,6.599999904632568,7.300000190734863,1990
2020-04-06,6.800000190734863,7.25,6.199999809265137,6.800000190734863,1130
2020-04-07,7.03000020980835,7.550000190734863,6.599999904632568,7.139999866485596,3200
2020-04-08,7.21999979019165,7.309999942779541,6.730000019073486,7.199999809265137,3140
2020-04-09,7.0,7.300000190734863,7.0,7.0,670
2020-04-13,6.909999847412109,7.309999942779541,6.909999847412109,6.989999771118164,1620
2020-04-14,7.179999828338623,7.329999923706055,6.909999847412109,7.329999923706055,1490
2020-04-15,7.5,7.5,5.900000095367432,6.800000190734863,3180
2020-04-16,7.619999885559082,8.779999732971191,6.699999809265137,6.699999809265137,5930
2020-04-17,6.980000019073486,8.399999618530273,6.980000019073486,7.639999866485596,6260
2020-04-20,7.400000095367432,7.800000190734863,7.119999885559082,7.78000020980835,2240
2020-04-21,7.239999771118164,7.599999904632568,6.989999771118164,7.599999904632568,2950
2020-04-22,7.019999980926514,10.800000190734863,6.190000057220459,6.989999771118164,42320
2020-04-23,7.5,8.1899995803833,7.050000190734863,7.199999809265137,6980
2020-04-24,7.900000095367432,8.760000228881836,7.0,7.739999771118164,5460
2020-04-27,8.300000190734863,8.399999618530273,7.599999904632568,8.399999618530273,1110
2020-04-28,8.170000076293945,8.539999961853027,7.78000020980835,7.800000190734863,2780
2020-04-29,8.0,8.199999809265137,7.199999809265137,7.199999809265137,6170
2020-04-30,7.5,8.199999809265137,7.5,8.0,2380
2020-05-01,7.5,8.0600004196167,7.5,7.5,190
2020-05-04,8.0,8.0,7.260000228881836,7.400000095367432,750
2020-05-05,7.78000020980835,8.399999618530273,7.0,7.889999866485596,3910
2020-05-06,10.300000190734863,16.399999618530273,7.400000095367432,7.440000057220459,335020
2020-05-07,11.100000381469727,11.899999618530273,10.0,11.0,41430
2020-05-08,10.5,11.100000381469727,9.899999618530273,10.899999618530273,23550
2020-05-11,10.100000381469727,10.5,9.899999618530273,10.0,9630
2020-05-12,9.899999618530273,10.5,9.899999618530273,10.5,8190
2020-05-13,9.0,10.399999618530273,8.5,9.699999809265137,7730
2020-05-14,9.0,9.579999923706055,8.100000381469727,9.0,4590
2020-05-15,8.800000190734863,9.279999732971191,8.399999618530273,8.5,3320
2020-05-18,9.270000457763672,9.949999809265137,8.020000457763672,8.779999732971191,17320
2020-05-19,9.449999809265137,9.699999809265137,8.520000457763672,9.699999809265137,2130
2020-05-20,9.40999984741211,9.5,8.609999656677246,8.899999618530273,9730
2020-05-21,9.90999984741211,10.600000381469727,9.109999656677246,9.399999618530273,15060
2020-05-22,10.199999809265137,10.399999618530273,9.529999732971191,9.600000381469727,7940
2020-05-26,10.100000381469727,11.800000190734863,10.100000381469727,10.199999809265137,22160
2020-05-27,9.899999618530273,10.5,9.899999618530273,9.899999618530273,5350
2020-05-28,9.800000190734863,9.899999618530273,9.300000190734863,9.899999618530273,1990
2020-05-29,9.420000076293945,10.199999809265137,9.3100004196167,9.3100004196167,4240
2020-06-01,9.5,9.979999542236328,8.819999694824219,9.420000076293945,2620
2020-06-02,9.979999542236328,10.0,9.5,9.739999771118164,4350
2020-06-03,12.0,15.600000381469727,10.5,13.600000381469727,365900
2020-06-04,12.100000381469727,12.5,11.100000381469727,11.800000190734863,25030
2020-06-05,12.600000381469727,12.770000457763672,11.699999809265137,12.0,17650
2020-06-08,12.899999618530273,13.800000190734863,12.359999656677246,13.5,14980
2020-06-09,13.0,14.300000190734863,12.399999618530273,14.199999809265137,13200
2020-06-10,13.199999809265137,13.5,12.5,13.300000190734863,7760
2020-06-11,11.199999809265137,12.199999809265137,11.0,11.800000190734863,11830
2020-06-12,11.600000381469727,12.199999809265137,11.100000381469727,11.760000228881836,4500
2020-06-15,11.800000190734863,12.399999618530273,11.300000190734863,11.699999809265137,8660
2020-06-16,13.489999771118164,14.300000190734863,12.100000381469727,12.100000381469727,23520
2020-06-17,16.0,30.399999618530273,13.699999809265137,13.699999809265137,825340
2020-06-18,13.699999809265137,15.0,13.100000381469727,14.199999809265137,45450
2020-06-19,15.600000381469727,16.709999084472656,14.199999809265137,16.299999237060547,23600
2020-06-22,13.800000190734863,15.319999694824219,13.600000381469727,15.300000190734863,8970
2020-06-23,13.399999618530273,14.100000381469727,13.0,13.5,11210
2020-06-24,13.899999618530273,13.899999618530273,12.699999809265137,13.199999809265137,9840
2020-06-25,14.149999618530273,14.800000190734863,13.600000381469727,14.0,5940
2020-06-26,13.199999809265137,13.899999618530273,12.800000190734863,13.899999618530273,5440
2020-06-29,13.0,14.0,12.899999618530273,13.699999809265137,7500
2020-06-30,13.199999809265137,13.899999618530273,12.800000190734863,13.0,7890
2020-07-01,13.300000190734863,17.799999237060547,12.699999809265137,13.100000381469727,135230
2020-07-02,14.399999618530273,19.799999237060547,13.300000190734863,13.300000190734863,117340
2020-07-06,17.5,17.799999237060547,15.5,15.899999618530273,32700
2020-07-07,17.0,17.899999618530273,16.600000381469727,17.5,13070
2020-07-08,19.700000762939453,20.5,17.010000228881836,17.100000381469727,29480
2020-07-09,21.450000762939453,21.700000762939453,18.5,20.200000762939453,28310
2020-07-10,19.100000381469727,21.399999618530273,18.299999237060547,21.200000762939453,15990
2020-07-13,16.0,19.899999618530273,15.5,19.600000381469727,18740
2020-07-14,17.5,18.399999618530273,16.0,17.100000381469727,13620
2020-07-15,17.799999237060547,18.3799991607666,17.399999618530273,17.5,10080
2020-07-16,18.899999618530273,20.290000915527344,18.0,18.0,10510
2020-07-17,19.299999237060547,21.399999618530273,18.100000381469727,18.799999237060547,48880
2020-07-20,22.0,22.799999237060547,20.700000762939453,21.299999237060547,32610
2020-07-21,20.56999969482422,21.799999237060547,19.600000381469727,21.5,12900
2020-07-22,21.200000762939453,24.5,20.200000762939453,21.0,61700
2020-07-23,20.299999237060547,21.899999618530273,19.899999618530273,20.799999237060547,13830
2020-07-24,19.100000381469727,21.399999618530273,18.299999237060547,21.0,10650
2020-07-27,19.200000762939453,19.799999237060547,18.200000762939453,19.399999618530273,8020
2020-07-28,18.700000762939453,19.350000381469727,18.299999237060547,19.200000762939453,6980
2020-07-29,17.799999237060547,19.0,17.100000381469727,18.700000762939453,9600
2020-07-30,18.700000762939453,19.100000381469727,17.100000381469727,17.600000381469727,4780
2020-07-31,17.299999237060547,19.399999618530273,17.100000381469727,19.399999618530273,5160
2020-08-03,18.399999618530273,18.399999618530273,17.100000381469727,17.799999237060547,7920
2020-08-04,18.5,19.899999618530273,17.25,18.200000762939453,11600
2020-08-05,18.700000762939453,18.899999618530273,17.799999237060547,18.299999237060547,9170
2020-08-06,19.5,20.200000762939453,18.5,18.600000381469727,13630
2020-08-07,20.5,21.0,19.299999237060547,19.899999618530273,11440
2020-08-10,22.200000762939453,23.5,21.100000381469727,21.200000762939453,21180
2020-08-11,21.700000762939453,22.5,20.399999618530273,22.100000381469727,5940
2020-08-12,23.299999237060547,23.299999237060547,21.100000381469727,21.700000762939453,11970
2020-08-13,22.700000762939453,23.5,22.600000381469727,23.5,4760
2020-08-14,22.0,23.0,20.799999237060547,22.700000762939453,5500
2020-08-17,26.799999237060547,27.600000381469727,21.200000762939453,22.0,47100
2020-08-18,31.299999237060547,31.600000381469727,26.0,26.600000381469727,41430
2020-08-19,40.0,42.0,29.899999618530273,29.899999618530273,375720
2020-08-20,35.900001525878906,42.70000076293945,35.599998474121094,38.0,71010
2020-08-21,26.200000762939453,33.099998474121094,25.0,33.099998474121094,75050
2020-08-24,32.900001525878906,34.5,26.5,29.200000762939453,392550
2020-08-25,41.20000076293945,56.29999923706055,35.70000076293945,42.29999923706055,3688930
2020-08-26,43.0,43.79999923706055,35.900001525878906,40.0,132260
2020-08-27,48.79999923706055,54.0,40.0,40.099998474121094,217440
2020-08-28,82.5,83.30000305175781,50.20000076293945,50.5,3162550
2020-08-31,91.19999694824219,106.0999984741211,65.0999984741211,78.5,1722680
2020-09-01,81.30000305175781,95.0,75.19999694824219,79.5999984741211,598750
2020-09-02,88.80000305175781,103.69999694824219,78.69999694824219,81.19999694824219,670380
2020-09-03,90.5999984741211,96.5,81.0,85.9000015258789,288550
2020-09-04,116.0999984741211,148.39999389648438,88.0,89.33000183105469,1661400
2020-09-08,97.19999694824219,137.5,95.0,103.69999694824219,385480
2020-09-09,79.0,106.9000015258789,75.0999984741211,99.4000015258789,282140
2020-09-10,70.5999984741211,81.5999984741211,69.0999984741211,79.9000015258789,142730
2020-09-11,63.400001525878906,74.80000305175781,61.75,70.0,110260
2020-09-14,71.4000015258789,73.5999984741211,57.5,60.29999923706055,136200
2020-09-15,67.0,72.5,66.0,70.0,78630
2020-09-16,67.0,71.30000305175781,64.80000305175781,67.5,74330
2020-09-17,79.5999984741211,84.1500015258789,64.5,65.5,246440
2020-09-18,87.4000015258789,92.5,78.0,78.0,213230
2020-09-21,89.30000305175781,114.87999725341797,80.19999694824219,92.0999984741211,960600
2020-09-22,95.0,96.80000305175781,85.69999694824219,87.69999694824219,148160
2020-09-23,77.5,97.5,75.19999694824219,96.80000305175781,141700
2020-09-24,79.5999984741211,87.69999694824219,71.69999694824219,77.0,130600
2020-09-25,85.0,85.0,78.41000366210938,79.4000015258789,48980
2020-09-28,81.0,88.5,79.30000305175781,86.0999984741211,45690
2020-09-29,83.69999694824219,93.7300033569336,80.80000305175781,81.0,97910
2020-09-30,91.5999984741211,96.87000274658203,84.19999694824219,84.19999694824219,157370
2020-10-01,106.30000305175781,111.5,95.0,95.19999694824219,234170
2020-10-02,122.69999694824219,129.8000030517578,96.5,100.0999984741211,304310
2020-10-05,114.9000015258789,128.89999389648438,108.30000305175781,125.0,190590
2020-10-06,98.0,116.4000015258789,96.0999984741211,110.5999984741211,126540
2020-10-07,105.0,114.9000015258789,101.5,104.0,87910
2020-10-08,100.9000015258789,107.5,99.69999694824219,106.0,44270
2020-10-09,162.8000030517578,243.3000030517578,141.0,158.39999389648438,11113750
2020-10-12,136.10000610351562,160.0,131.8000030517578,150.0,516180
2020-10-13,126.9000015258789,142.8000030517578,121.5999984741211,133.8000030517578,190260
2020-10-14,114.9000015258789,126.4000015258789,113.54000091552734,124.5999984741211,240690
2020-10-15,89.80000305175781,100.4000015258789,86.69999694824219,100.30000305175781,500970
2020-10-16,89.5,104.9000015258789,86.19999694824219,98.0,650280
2020-10-19,85.5,91.5,82.5999984741211,90.0999984741211,148360
2020-10-20,79.69999694824219,89.0,79.0999984741211,88.4000015258789,236300
2020-10-21,71.0,79.0999984741211,71.0,79.0,152500
2020-10-22,74.4000015258789,84.9000015258789,71.0,71.0,281540
2020-10-23,74.0,82.19999694824219,72.69999694824219,76.19999694824219,144020
2020-10-26,67.0,72.0,65.69999694824219,72.0,102560
2020-10-27,68.5,72.5999984741211,67.5,68.30000305175781,92490
2020-10-28,61.79999923706055,66.5,61.0,65.5999984741211,76100
2020-10-29,63.099998474121094,69.0999984741211,63.0,63.0,123880
2020-10-30,58.79999923706055,65.0,58.5,63.0,51130
2020-11-02,59.400001525878906,61.31999969482422,57.79999923706055,60.5,45530
2020-11-03,70.9000015258789,71.0999984741211,59.97999954223633,60.0,180480
2020-11-04,73.69999694824219,81.61000061035156,70.0,71.19999694824219,185460
2020-11-05,76.5999984741211,77.5,73.0999984741211,76.0,85000
2020-11-06,77.5,77.80000305175781,70.69999694824219,75.0,68610
2020-11-09,74.9000015258789,82.4000015258789,73.83999633789062,82.19999694824219,76400
2020-11-10,68.80000305175781,73.1500015258789,68.0999984741211,72.79000091552734,75210
2020-11-11,71.0999984741211,71.0999984741211,67.69999694824219,68.4000015258789,37380
2020-11-12,66.4000015258789,72.0999984741211,65.19999694824219,70.19999694824219,51090
2020-11-13,68.19999694824219,70.69999694824219,66.01000213623047,68.0999984741211,54050
2020-11-16,77.9000015258789,80.9000015258789,64.51000213623047,68.69999694824219,288410
2020-11-17,78.0,83.0,73.1500015258789,76.0,131240
2020-11-18,81.30000305175781,84.9000015258789,76.19999694824219,79.80000305175781,142620
2020-11-19,95.19999694824219,97.5,85.0,86.5,324360
2020-11-20,94.30000305175781,109.9000015258789,91.12000274658203,98.19999694824219,353310
2020-11-23,99.69999694824219,102.19999694824219,94.0999984741211,97.0,192880
2020-11-24,87.9000015258789,109.0,85.5,104.9000015258789,226410
2020-11-25,91.4000015258789,96.0,86.0,88.9000015258789,64160
2020-11-27,100.5,102.4000015258789,87.5999984741211,94.69999694824219,120500
2020-11-30,90.9000015258789,100.30000305175781,88.4000015258789,99.69999694824219,129240
2020-12-01,99.30000305175781,104.19999694824219,90.9000015258789,94.69999694824219,162710
2020-12-02,93.19999694824219,97.4000015258789,91.0999984741211,96.0999984741211,119420
2020-12-03,93.9000015258789,98.0,91.0,94.0999984741211,72390
2020-12-04,91.69999694824219,94.79000091552734,89.19999694824219,93.9000015258789,53800
2020-12-07,82.5,91.69999694824219,80.0999984741211,91.19999694824219,113510
2020-12-08,82.0,84.5,77.80000305175781,84.5,62760
2020-12-09,79.0,82.69000244140625,75.9000015258789,82.0,56890
2020-12-10,78.80000305175781,81.5,76.5999984741211,77.4000015258789,37560
2020-12-11,72.5,78.9000015258789,71.69999694824219,77.9000015258789,64020
2020-12-14,64.19999694824219,70.0999984741211,63.099998474121094,70.0999984741211,120580
2020-12-15,76.5,76.9000015258789,67.0,69.0999984741211,122910
2020-12-16,73.9000015258789,78.0,70.69999694824219,77.55000305175781,56480
2020-12-17,71.4000015258789,75.30000305175781,68.80000305175781,74.4000015258789,47780
2020-12-18,71.69999694824219,74.37000274658203,71.0,71.5999984741211,46170
2020-12-21,72.5,73.5,68.69999694824219,68.9000015258789,43930
2020-12-22,78.9000015258789,81.0,71.69999694824219,74.0,103630
2020-12-23,92.5999984741211,113.5999984741211,87.4000015258789,103.69999694824219,1646900
2020-12-24,100.69999694824219,103.30000305175781,92.5999984741211,94.30000305175781,255670
2020-12-28,92.0,105.94999694824219,90.5,105.0,163560
2020-12-29,84.30000305175781,94.0,80.25,93.5,96350
2020-12-30,93.5999984741211,94.9000015258789,85.41000366210938,88.0999984741211,117980
2020-12-31,92.80000305175781,96.9000015258789,89.19999694824219,91.69999694824219,87510
2021-01-04,88.5,91.9000015258789,83.80000305175781,91.30000305175781,67090
2021-01-05,101.0,104.5,85.5999984741211,88.0,157530
2021-01-06,100.19999694824219,113.5,96.0,109.5,257050
2021-01-07,119.30000305175781,121.5,106.19999694824219,108.0,329130
2021-01-08,103.0,121.0,100.0999984741211,120.5999984741211,218950
2021-01-11,101.5999984741211,110.98999786376953,95.69999694824219,100.69999694824219,106910
2021-01-12,110.9000015258789,112.5,101.0,105.9800033569336,147300
2021-01-13,108.5999984741211,112.4800033569336,103.0,110.83000183105469,93420
2021-01-14,123.0,125.69999694824219,106.69999694824219,110.83000183105469,254470
2021-01-15,109.0,122.5999984741211,106.80000305175781,118.0999984741211,161310
2021-01-19,135.5,138.1999969482422,109.5,113.30000305175781,249460
2021-01-20,130.39999389648438,154.3699951171875,126.19999694824219,132.60000610351562,313640
2021-01-21,136.10000610351562,146.10000610351562,121.0999984741211,132.39999389648438,220840
2021-01-22,138.8000030517578,141.88999938964844,128.0,130.6999969482422,104180
2021-01-25,178.60000610351562,193.0,153.0,179.5,758060
2021-01-26,160.89999389648438,175.60000610351562,156.3000030517578,174.1999969482422,154690
2021-01-27,150.10000610351562,167.5,141.60000610351562,150.0399932861328,128010
2021-01-28,131.8000030517578,154.39999389648438,123.0,151.1999969482422,164480
2021-01-29,128.5,142.41000366210938,122.19999694824219,133.0,97390
2021-02-01,127.5999984741211,135.0,124.80000305175781,132.5,67800
2021-02-02,138.1999969482422,147.6999969482422,129.8000030517578,133.3000030517578,123720
2021-02-03,145.60000610351562,149.0,136.8000030517578,139.10000610351562,86170
2021-02-04,143.3000030517578,150.0,140.6999969482422,146.10000610351562,53660
2021-02-05,138.6999969482422,146.0,132.3000030517578,142.10000610351562,84330
2021-02-08,151.3000030517578,154.10000610351562,134.1999969482422,139.39999389648438,121450
2021-02-09,151.0,162.0800018310547,146.3000030517578,150.5,83470
2021-02-10,152.0,155.02000427246094,140.60000610351562,153.1999969482422,111970
2021-02-11,139.10000610351562,151.9499969482422,135.3000030517578,151.0,64070
2021-02-12,136.89999389648438,140.89999389648438,133.60000610351562,137.8000030517578,34880
2021-02-16,126.5999984741211,136.8000030517578,126.5,135.3000030517578,61790
2021-02-17,119.19999694824219,127.9000015258789,112.4000015258789,126.30000305175781,87530
2021-02-18,116.19999694824219,123.80000305175781,115.5999984741211,118.0999984741211,50580
2021-02-19,122.19999694824219,123.69999694824219,117.5999984741211,117.9000015258789,41180
2021-02-22,106.0999984741211,121.87999725341797,105.5999984741211,120.4000015258789,58830
2021-02-23,97.5999984741211,100.9000015258789,85.0,94.5,65820
2021-02-24,108.0999984741211,113.69999694824219,101.4000015258789,106.20999908447266,74790
2021-02-25,95.30000305175781,120.0,95.0,113.22000122070312,50910
2021-02-26,96.69999694824219,101.5,95.0,95.19999694824219,19660
2021-03-01,96.69999694824219,102.5,95.30000305175781,99.5999984741211,25510
2021-03-02,94.30000305175781,98.9800033569336,94.30000305175781,97.80000305175781,19020
2021-03-03,82.0,96.8499984741211,79.9000015258789,95.4000015258789,47050
2021-03-04,79.9000015258789,84.05000305175781,74.4000015258789,79.5,40580
2021-03-05,76.19999694824219,82.69999694824219,65.0,80.69999694824219,51740
2021-03-08,77.19999694824219,83.4000015258789,76.0,77.30000305175781,25150
2021-03-09,92.9000015258789,92.9000015258789,80.5,81.4000015258789,31470
2021-03-10,94.0,99.80000305175781,92.0,97.5,29150
2021-03-11,99.9000015258789,101.0,95.4000015258789,95.5,21890
2021-03-12,102.19999694824219,103.0,95.0,96.0,16260
2021-03-15,99.69999694824219,106.69999694824219,98.80000305175781,102.5999984741211,34820
2021-03-16,90.9000015258789,102.41000366210938,87.19999694824219,100.19999694824219,33830
2021-03-17,96.0999984741211,99.0,87.30000305175781,87.30000305175781,18890
2021-03-18,89.5,96.69000244140625,88.5,96.30000305175781,14830
2021-03-19,94.0,94.5,88.30000305175781,90.0,15460
2021-03-22,91.5999984741211,96.5,90.30000305175781,96.5,9390
2021-03-23,89.0999984741211,91.4000015258789,87.26000213623047,90.5,12800
2021-03-24,82.19999694824219,92.0,82.0,90.0999984741211,16590
2021-03-25,86.69999694824219,88.80000305175781,77.69999694824219,79.80000305175781,27340
2021-03-26,85.9000015258789,90.0,85.0,88.0999984741211,18750
2021-03-29,80.5999984741211,87.69000244140625,80.0999984741211,85.80000305175781,12020
2021-03-30,105.9000015258789,113.5999984741211,79.19999694824219,80.0,602010
2021-03-31,100.80000305175781,111.69999694824219,97.5,104.0,101030
2021-04-01,103.69999694824219,112.19999694824219,100.30000305175781,102.69000244140625,91940
2021-04-05,102.0999984741211,107.19999694824219,101.0,105.80000305175781,39250
2021-04-06,104.0999984741211,105.30999755859375,98.0999984741211,100.4000015258789,20610
2021-04-07,98.69999694824219,104.9000015258789,96.9000015258789,103.69999694824219,23230
2021-04-08,100.4000015258789,100.69999694824219,92.80000305175781,100.19999694824219,17340
2021-04-09,97.80000305175781,99.68000030517578,96.33000183105469,98.9000015258789,12320
2021-04-12,94.4000015258789,99.5,94.0999984741211,96.5,13250
2021-04-13,91.69999694824219,94.94999694824219,89.0,93.0,19320
2021-04-14,89.5999984741211,93.4000015258789,89.0999984741211,91.19999694824219,20280
2021-04-15,83.0,92.5,82.4000015258789,92.5,31230
2021-04-16,85.0,87.5,81.23999786376953,82.5999984741211,18520
2021-04-19,81.80000305175781,86.7300033569336,77.5,84.0,19660
2021-04-20,79.0999984741211,81.5999984741211,76.5999984741211,80.19999694824219,21340
2021-04-21,85.5,86.0,76.19999694824219,78.0,16070
2021-04-22,85.4000015258789,92.9000015258789,84.4000015258789,87.30000305175781,12920
2021-04-23,86.5999984741211,88.0999984741211,83.8499984741211,85.69999694824219,10590
2021-04-26,89.9000015258789,91.5999984741211,86.1500015258789,88.80000305175781,14440
2021-04-27,87.69999694824219,93.7300033569336,86.4000015258789,90.30000305175781,9270
2021-04-28,84.5,89.41999816894531,83.0999984741211,86.9000015258789,17750
2021-04-29,78.0,85.8499984741211,77.0999984741211,85.19999694824219,33490
2021-04-30,76.0,79.30000305175781,74.62000274658203,74.9000015258789,30580
2021-05-03,74.5999984741211,77.80000305175781,70.69999694824219,76.5999984741211,25740
2021-05-04,71.4000015258789,73.80000305175781,69.05000305175781,73.0,21320
2021-05-05,68.0,73.80000305175781,67.19999694824219,71.5,22520
2021-05-06,65.30000305175781,69.80000305175781,61.900001525878906,68.4000015258789,25080
2021-05-07,67.4000015258789,69.30000305175781,66.0,67.4000015258789,13590
2021-05-10,65.30000305175781,68.11000061035156,63.599998474121094,66.5999984741211,13590
2021-05-11,67.0999984741211,67.1500015258789,62.099998474121094,62.099998474121094,15380
2021-05-12,62.599998474121094,67.5,61.0,65.5,11350
2021-05-13,61.0,67.30000305175781,59.20000076293945,63.20000076293945,17040
2021-05-14,64.5999984741211,66.0,60.20000076293945,61.79999923706055,11950
2021-05-17,66.9000015258789,66.9000015258789,62.5,63.900001525878906,10190
2021-05-18,69.0999984741211,71.0,65.0,66.80000305175781,19630
2021-05-19,71.5,84.0,66.0,68.0,270550
2021-05-20,71.19999694824219,74.9000015258789,69.5,73.0,26990
2021-05-21,69.5999984741211,72.0,69.0,71.5,12060
2021-05-24,67.5,70.19999694824219,67.0999984741211,70.19999694824219,10560
2021-05-25,65.19999694824219,68.4000015258789,65.0,66.9000015258789,7690
2021-05-26,68.19999694824219,68.5,63.86000061035156,65.69999694824219,13920
2021-05-27,70.69999694824219,71.4000015258789,68.0,68.80000305175781,13770
2021-05-28,69.0,73.69999694824219,69.0,70.80000305175781,14420
2021-06-01,71.30000305175781,72.4000015258789,68.0999984741211,70.30000305175781,13730
2021-06-02,71.9000015258789,87.0,69.0999984741211,71.80000305175781,225030
2021-06-03,71.4000015258789,73.30000305175781,68.5999984741211,70.0,24180
2021-06-04,70.9000015258789,71.91000366210938,69.5,71.4000015258789,14560
2021-06-07,74.4000015258789,75.5999984741211,70.12000274658203,72.0,18720
2021-06-08,77.80000305175781,78.9000015258789,73.5999984741211,75.4000015258789,39980
2021-06-09,74.69999694824219,79.5,74.0999984741211,79.4000015258789,33420
2021-06-10,74.4000015258789,76.22000122070312,72.80000305175781,75.0,11620
2021-06-11,75.0,75.5,73.08000183105469,75.0,8360
2021-06-14,74.69999694824219,76.01000213623047,73.30000305175781,75.5,14070
2021-06-15,71.30000305175781,77.0,70.52999877929688,74.5,21060
2021-06-16,70.5999984741211,72.16999816894531,69.30000305175781,70.69999694824219,11040
2021-06-17,71.4000015258789,76.9000015258789,69.9000015258789,74.80000305175781,55830
2021-06-18,69.80000305175781,71.5,67.76000213623047,70.5,19770
2021-06-21,70.0999984741211,70.52999877929688,66.4000015258789,69.30000305175781,16010
2021-06-22,73.0,81.5999984741211,70.5999984741211,78.0,353580
2021-06-23,79.80000305175781,84.30000305175781,73.9000015258789,81.0,380300
2021-06-24,76.69999694824219,78.0999984741211,74.5,77.80000305175781,82150
2021-06-25,76.69999694824219,78.69999694824219,75.5,76.5999984741211,35650
2021-06-28,78.19999694824219,79.9000015258789,76.0,77.0,41080
2021-06-29,75.80000305175781,78.48999786376953,73.58999633789062,78.0,35300
2021-06-30,72.9000015258789,75.30000305175781,72.19999694824219,75.30000305175781,17490
2021-07-01,73.5,74.69999694824219,72.0,73.0,13350
2021-07-02,73.0,76.69999694824219,71.0999984741211,75.0,52140
2021-07-06,70.4000015258789,72.9000015258789,69.80000305175781,72.5,14110
2021-07-07,70.19999694824219,70.9000015258789,66.19999694824219,69.5,19080
2021-07-08,69.69999694824219,71.30000305175781,67.0,67.80000305175781,16950
2021-07-09,70.19999694824219,72.0999984741211,68.9000015258789,70.5999984741211,15210
2021-07-12,68.69999694824219,71.19999694824219,67.5999984741211,70.4000015258789,11680
2021-07-13,67.69999694824219,69.5999984741211,67.30000305175781,68.69999694824219,8730
2021-07-14,66.19999694824219,69.4000015258789,65.80000305175781,68.4000015258789,12290
2021-07-15,64.9000015258789,67.19999694824219,63.5,66.4000015258789,11410
2021-07-16,64.0,66.0,63.5,65.69999694824219,10050
2021-07-19,62.79999923706055,64.0999984741211,61.5,63.099998474121094,9220
2021-07-20,66.30000305175781,66.9000015258789,63.0,65.0999984741211,36090
2021-07-21,66.9000015258789,67.30000305175781,63.599998474121094,66.5,22100
2021-07-22,66.30000305175781,67.0999984741211,64.69999694824219,66.4000015258789,8570
2021-07-23,63.5,66.94999694824219,62.5,66.30000305175781,10350
2021-07-26,65.4000015258789,65.69999694824219,63.0,63.29999923706055,6440
2021-07-27,65.69999694824219,66.5,62.20000076293945,65.19999694824219,9800
2021-07-28,67.9000015258789,69.0,65.69999694824219,66.80000305175781,11760
2021-07-29,66.69999694824219,69.31999969482422,66.30000305175781,68.0999984741211,3360
2021-07-30,65.9000015258789,68.5,64.5,65.80000305175781,6180
2021-08-02,66.0999984741211,67.5,65.4000015258789,66.30000305175781,3270
2021-08-03,64.9000015258789,68.0999984741211,63.29999923706055,66.5,7520
2021-08-04,64.30000305175781,65.4000015258789,63.400001525878906,64.69999694824219,5610
2021-08-05,65.80000305175781,66.4000015258789,63.900001525878906,64.5,7090
2021-08-06,63.79999923706055,66.30000305175781,63.79999923706055,65.9000015258789,3750
2021-08-09,64.19999694824219,64.88999938964844,63.20000076293945,63.5,6090
2021-08-10,63.79999923706055,65.5,62.29999923706055,65.5,11210
2021-08-11,61.70000076293945,63.630001068115234,60.70000076293945,63.5,8490
2021-08-12,61.29999923706055,62.0,60.599998474121094,61.20000076293945,5560
2021-08-13,59.599998474121094,61.400001525878906,59.20000076293945,61.400001525878906,9670
2021-08-16,56.099998474121094,59.29999923706055,53.0,59.0,12400
2021-08-17,58.5,59.150001525878906,55.5,55.5,8570
2021-08-18,57.29999923706055,59.0,56.18000030517578,59.0,8790
2021-08-19,53.0,57.20000076293945,52.400001525878906,57.099998474121094,14800
2021-08-20,55.70000076293945,56.20000076293945,51.5,52.5,14120
2021-08-23,55.20000076293945,55.400001525878906,48.0,52.099998474121094,47540
2021-08-24,57.5,57.900001525878906,53.400001525878906,54.79999923706055,9590
2021-08-25,57.5,58.70000076293945,55.400001525878906,57.70000076293945,9400
2021-08-26,55.70000076293945,58.5,55.400001525878906,57.70000076293945,11120
2021-08-27,57.0,57.29999923706055,54.79999923706055,55.5,6950
2021-08-30,57.900001525878906,57.900001525878906,56.0,57.400001525878906,5190
2021-08-31,56.599998474121094,58.0,56.20000076293945,58.0,5530
2021-09-01,57.0,58.20000076293945,56.599998474121094,56.599998474121094,4410
2021-09-02,57.70000076293945,58.5,56.79999923706055,56.900001525878906,5490
2021-09-03,56.70000076293945,57.70000076293945,56.5,57.099998474121094,2830
2021-09-07,54.900001525878906,57.0,54.099998474121094,55.40999984741211,5670
2021-09-08,53.599998474121094,55.5,52.5,54.29999923706055,4910
2021-09-09,53.0,53.599998474121094,51.400001525878906,53.29999923706055,9650
2021-09-10,53.75,56.29999923706055,52.5,53.29999923706055,19940
2021-09-13,52.400001525878906,54.599998474121094,52.20000076293945,54.599998474121094,12040
2021-09-14,55.79999923706055,65.0,51.29999923706055,52.29999923706055,228970
2021-09-15,60.0,60.20000076293945,52.29999923706055,54.900001525878906,39510
2021-09-16,55.70000076293945,59.900001525878906,55.70000076293945,59.20000076293945,10790
2021-09-17,56.0,56.29999923706055,53.400001525878906,55.70000076293945,6320
2021-09-20,51.599998474121094,55.29999923706055,50.20000076293945,54.900001525878906,12020
2021-09-21,54.04999923706055,54.099998474121094,50.20000076293945,51.70000076293945,11480
2021-09-22,53.79999923706055,56.0,52.70000076293945,53.70000076293945,8120
2021-09-23,56.400001525878906,56.79999923706055,51.61000061035156,54.599998474121094,18790
2021-09-24,57.099998474121094,58.25,55.15999984741211,55.900001525878906,11890
2021-09-27,60.70000076293945,61.970001220703125,55.0,57.099998474121094,23100
2021-09-28,57.099998474121094,60.0,55.900001525878906,60.0,14820
2021-09-29,56.099998474121094,57.900001525878906,55.0,57.29999923706055,7930
2021-09-30,56.5,56.79999923706055,53.79999923706055,55.79999923706055,3700
2021-10-01,57.5,58.400001525878906,55.5,56.599998474121094,5010
2021-10-04,54.70000076293945,57.20000076293945,54.5099983215332,57.0,7250
2021-10-05,53.5,55.349998474121094,52.900001525878906,54.5,3650
2021-10-06,54.400001525878906,54.900001525878906,52.5,52.599998474121094,3620
2021-10-07,53.79999923706055,55.5,53.5,54.400001525878906,3900
2021-10-08,52.5,54.400001525878906,50.900001525878906,54.29999923706055,5990
2021-10-11,52.20000076293945,54.79999923706055,52.0,53.29999923706055,6540
2021-10-12,54.400001525878906,54.400001525878906,51.7599983215332,52.5,3220
2021-10-13,52.70000076293945,55.0,51.5,55.0,7570
2021-10-14,53.900001525878906,54.5,51.79999923706055,52.79999923706055,5130
2021-10-15,53.599998474121094,54.5,52.900001525878906,54.5,2080
2021-10-18,52.599998474121094,54.209999084472656,51.5,52.900001525878906,5250
2021-10-19,52.29999923706055,53.0,51.5,53.0,6940
2021-10-20,51.70000076293945,52.65999984741211,51.29999923706055,52.400001525878906,6360
2021-10-21,50.20000076293945,53.0,49.5,52.0,22320
2021-10-22,47.099998474121094,50.81999969482422,46.5,50.0,24610
2021-10-25,49.099998474121094,49.599998474121094,46.5,47.70000076293945,10660
2021-10-26,47.900001525878906,50.0,47.54999923706055,50.0,7880
2021-10-27,48.0,49.900001525878906,47.400001525878906,47.5,9300
2021-10-28,49.29999923706055,50.79999923706055,47.0,47.5,25490
2021-10-29,49.400001525878906,50.5,48.75,49.70000076293945,4710
2021-11-01,51.70000076293945,52.0,49.400001525878906,49.70000076293945,11660
2021-11-02,49.400001525878906,51.5,47.20000076293945,51.5,14900
2021-11-03,52.400001525878906,52.400001525878906,49.0,49.0,14620
2021-11-04,52.70000076293945,53.400001525878906,51.599998474121094,53.20000076293945,7270
2021-11-05,50.70000076293945,52.5,50.099998474121094,52.29999923706055,8460
2021-11-08,54.400001525878906,55.0,51.0,51.0,36610
2021-11-09,53.20000076293945,54.79999923706055,51.599998474121094,54.79999923706055,8640
2021-11-10,50.599998474121094,54.5,49.70000076293945,53.400001525878906,11260
2021-11-11,50.599998474121094,51.79999923706055,50.20000076293945,50.400001525878906,6850
2021-11-12,51.0,51.5,50.0,50.29999923706055,4940
2021-11-15,52.20000076293945,53.0,48.79999923706055,50.79999923706055,12640
2021-11-16,52.5,52.79999923706055,51.0,52.5,9080
2021-11-17,57.20000076293945,59.400001525878906,51.20000076293945,51.900001525878906,91240
2021-11-18,53.29999923706055,58.4900016784668,51.79999923706055,57.5,25460
2021-11-19,53.099998474121094,53.5,50.599998474121094,53.400001525878906,7970
2021-11-22,51.79999923706055,53.5,50.79999923706055,53.0,6860
2021-11-23,49.29999923706055,52.0,47.79999923706055,51.20000076293945,14810
2021-11-24,47.70000076293945,50.70000076293945,46.70000076293945,48.400001525878906,10300
2021-11-26,46.900001525878906,48.400001525878906,45.349998474121094,46.0,7940
2021-11-29,45.29999923706055,47.900001525878906,44.599998474121094,47.900001525878906,11940
2021-11-30,43.400001525878906,45.0,40.29999923706055,45.0,15800
2021-12-01,41.099998474121094,45.599998474121094,40.5,43.5,12410
2021-12-02,39.29999923706055,41.5,38.150001525878906,40.900001525878906,14030
2021-12-03,37.599998474121094,39.29999923706055,36.099998474121094,39.20000076293945,11120
2021-12-06,37.400001525878906,37.79999923706055,34.099998474121094,37.29999923706055,22650
2021-12-07,37.29999923706055,40.900001525878906,36.400001525878906,39.900001525878906,70100
2021-12-08,37.900001525878906,39.0,36.0,38.599998474121094,45420
2021-12-09,37.400001525878906,38.4900016784668,36.29999923706055,37.29999923706055,13050
2021-12-10,36.29999923706055,37.900001525878906,35.20000076293945,37.900001525878906,15020
2021-12-13,35.5,36.5,34.099998474121094,36.29999923706055,7620
2021-12-14,32.5,35.0,31.0,34.099998474121094,20500
2021-12-15,33.599998474121094,34.599998474121094,30.600000381469727,32.599998474121094,15230
2021-12-16,32.400001525878906,34.099998474121094,31.600000381469727,34.099998474121094,9040
2021-12-17,33.70000076293945,34.599998474121094,31.700000762939453,31.700000762939453,8920
2021-12-20,32.79999923706055,33.54999923706055,31.700000762939453,32.29999923706055,12660
2021-12-21,31.899999618530273,33.70000076293945,31.799999237060547,32.70000076293945,12010
2021-12-22,32.400001525878906,33.70000076293945,31.600000381469727,32.20000076293945,9580
2021-12-23,33.29999923706055,33.599998474121094,31.700000762939453,32.400001525878906,12670
2021-12-27,32.0,33.959999084472656,31.100000381469727,33.400001525878906,20690
2021-12-28,31.5,31.799999237060547,30.1200008392334,31.5,25980
2021-12-29,29.799999237060547,31.399999618530273,29.600000381469727,30.520000457763672,21450
2021-12-30,32.099998474121094,32.29999923706055,30.0,30.0,13100
2021-12-31,30.5,32.189998626708984,30.200000762939453,31.5,13700
2022-01-03,31.299999237060547,32.099998474121094,30.600000381469727,30.600000381469727,5800
2022-01-04,31.5,31.899999618530273,30.229999542236328,31.549999237060547,5180
2022-01-05,31.200000762939453,32.79999923706055,30.600000381469727,31.5,6930
2022-01-06,29.600000381469727,31.200000762939453,29.200000762939453,30.899999618530273,8750
2022-01-07,31.0,31.399999618530273,29.700000762939453,30.0,4640
2022-01-10,28.700000762939453,30.799999237060547,28.399999618530273,30.799999237060547,7260
2022-01-11,28.899999618530273,29.5,28.0,28.5,7110
2022-01-12,28.700000762939453,29.299999237060547,28.200000762939453,29.299999237060547,4750
2022-01-13,27.299999237060547,29.100000381469727,26.5,29.0,6620
2022-01-14,26.200000762939453,27.5,25.0,26.899999618530273,10640
2022-01-18,24.600000381469727,25.299999237060547,24.0,25.299999237060547,8560
2022-01-19,24.399999618530273,25.399999618530273,23.600000381469727,24.299999237060547,6890
2022-01-20,24.700000762939453,25.200000762939453,24.399999618530273,24.899999618530273,3410
2022-01-21,24.0,24.600000381469727,23.059999465942383,23.6200008392334,6810
2022-01-24,23.700000762939453,24.200000762939453,21.200000762939453,24.0,17710
2022-01-25,23.899999618530273,25.399999618530273,23.100000381469727,23.100000381469727,4190
2022-01-26,24.200000762939453,26.0,23.399999618530273,23.399999618530273,9610
2022-01-27,23.200000762939453,25.399999618530273,22.200000762939453,24.0,5610
2022-01-28,22.200000762939453,24.600000381469727,21.600000381469727,22.700000762939453,3790
2022-01-31,23.5,24.5,21.899999618530273,21.899999618530273,6260
2022-02-01,25.200000762939453,25.719999313354492,23.18000030517578,24.299999237060547,2430
2022-02-02,24.0,26.399999618530273,23.600000381469727,25.700000762939453,3370
2022-02-03,23.0,25.700000762939453,23.0,25.700000762939453,2090
2022-02-04,24.200000762939453,24.299999237060547,22.600000381469727,23.600000381469727,3230
2022-02-07,23.799999237060547,24.81999969482422,23.200000762939453,24.399999618530273,2090
2022-02-08,24.100000381469727,25.0,23.530000686645508,23.950000762939453,2520
2022-02-09,26.399999618530273,26.600000381469727,24.200000762939453,24.200000762939453,4630
2022-02-10,26.100000381469727,27.200000762939453,25.350000381469727,26.0,3400
2022-02-11,25.600000381469727,27.200000762939453,25.100000381469727,26.299999237060547,4970
2022-02-14,26.399999618530273,27.200000762939453,25.020000457763672,27.200000762939453,3810
2022-02-15,27.0,28.899999618530273,26.299999237060547,27.100000381469727,6150
2022-02-16,26.100000381469727,27.81999969482422,26.100000381469727,27.700000762939453,3890
2022-02-17,26.0,27.899999618530273,25.360000610351562,26.5,2290
2022-02-18,24.5,25.700000762939453,24.0,25.600000381469727,5150
2022-02-22,22.100000381469727,25.760000228881836,21.399999618530273,24.200000762939453,10000
2022-02-23,21.600000381469727,22.75,21.5,22.600000381469727,4050
2022-02-24,21.209999084472656,21.399999618530273,19.100000381469727,19.899999618530273,5780
2022-02-25,18.600000381469727,22.5,18.600000381469727,21.200000762939453,11660
2022-02-28,19.0,19.899999618530273,18.600000381469727,19.5,13840
2022-03-01,19.700000762939453,20.899999618530273,19.0,19.0,4650
2022-03-02,19.100000381469727,20.5,19.0,20.0,6270
2022-03-03,19.0,20.06999969482422,18.799999237060547,19.899999618530273,5390
2022-03-04,17.100000381469727,19.399999618530273,17.030000686645508,18.799999237060547,8600
2022-03-07,21.100000381469727,24.399999618530273,16.700000762939453,16.700000762939453,135640
2022-03-08,22.299999237060547,26.399999618530273,21.200000762939453,22.600000381469727,252650
2022-03-09,19.299999237060547,22.3700008392334,18.5,22.0,42470
2022-03-10,19.899999618530273,20.5,18.299999237060547,18.299999237060547,26910
2022-03-11,18.799999237060547,19.5,18.799999237060547,19.5,13590
2022-03-14,16.700000762939453,19.399999618530273,16.299999237060547,19.100000381469727,21060
2022-03-15,16.700000762939453,16.799999237060547,15.800000190734863,16.299999237060547,14730
2022-03-16,17.299999237060547,18.0,16.5,17.100000381469727,9710
2022-03-17,18.299999237060547,18.799999237060547,16.899999618530273,16.899999618530273,12440
2022-03-18,19.399999618530273,20.0,18.700000762939453,18.799999237060547,9820
2022-03-21,19.5,19.600000381469727,18.600000381469727,19.600000381469727,5970
2022-03-22,20.0,20.5,19.600000381469727,19.600000381469727,6750
2022-03-23,20.299999237060547,20.5,19.200000762939453,19.899999618530273,7850
2022-03-24,20.700000762939453,21.0,19.0,20.899999618530273,9360
2022-03-25,20.0,21.299999237060547,19.600000381469727,20.899999618530273,4530
2022-03-28,19.299999237060547,20.700000762939453,19.0,20.0,5690
2022-03-29,19.700000762939453,20.5,19.299999237060547,20.200000762939453,3410
2022-03-30,18.950000762939453,20.5,18.5,19.440000534057617,7640
2022-03-31,17.600000381469727,20.0,17.5,20.0,19710
2022-04-01,17.899999618530273,18.100000381469727,17.100000381469727,17.700000762939453,10850
2022-04-04,19.700000762939453,19.899999618530273,17.600000381469727,18.399999618530273,30170
2022-04-05,18.799999237060547,19.899999618530273,18.700000762939453,19.700000762939453,23190
2022-04-06,17.75,19.399999618530273,17.5,19.399999618530273,8240
2022-04-07,17.399999618530273,17.979999542236328,17.200000762939453,17.979999542236328,6800
2022-04-08,17.200000762939453,17.700000762939453,16.700000762939453,17.700000762939453,6590
2022-04-11,16.600000381469727,17.530000686645508,16.200000762939453,16.899999618530273,9610
2022-04-12,15.5,16.899999618530273,15.25,16.399999618530273,16620
2022-04-13,15.399999618530273,17.06999969482422,15.199999809265137,15.800000190734863,9200
2022-04-14,14.800000190734863,16.100000381469727,14.0,15.5,16250
2022-04-18,14.800000190734863,15.800000190734863,14.5,15.800000190734863,4370
2022-04-19,15.399999618530273,15.399999618530273,14.600000381469727,14.600000381469727,3770
2022-04-20,14.199999809265137,15.489999771118164,14.100000381469727,15.0,5870
2022-04-21,13.75,14.949999809265137,13.5,14.600000381469727,3170
2022-04-22,13.800000190734863,14.100000381469727,13.170000076293945,14.0,1850
2022-04-25,13.300000190734863,13.899999618530273,13.300000190734863,13.399999618530273,4320
2022-04-26,13.0,13.899999618530273,12.699999809265137,13.800000190734863,6190
2022-04-27,13.399999618530273,14.0,12.800000190734863,13.100000381469727,1590
2022-04-28,12.899999618530273,13.800000190734863,12.5,13.800000190734863,3890
2022-04-29,13.300000190734863,13.9399995803833,12.539999961853027,13.199999809265137,4940
2022-05-02,13.100000381469727,13.5,12.699999809265137,13.100000381469727,2870
2022-05-03,13.0,13.199999809265137,12.899999618530273,12.899999618530273,1370
2022-05-04,13.0,13.470000267028809,12.600000381469727,12.699999809265137,2780
2022-05-05,12.0,13.5,12.0,13.300000190734863,6480
2022-05-06,11.100000381469727,13.0,10.800000190734863,12.100000381469727,7110
2022-05-09,10.470000267028809,11.9399995803833,10.40999984741211,11.899999618530273,7270
2022-05-10,10.899999618530273,12.600000381469727,10.899999618530273,12.600000381469727,3570
2022-05-11,10.199999809265137,11.0,10.100000381469727,10.300000190734863,8090
2022-05-12,10.399999618530273,10.800000190734863,9.800000190734863,10.199999809265137,11780
2022-05-13,10.829999923706055,11.34000015258789,10.399999618530273,10.399999618530273,4720
2022-05-16,10.899999618530273,11.300000190734863,9.8100004196167,10.5,8020
2022-05-17,11.100000381469727,11.399999618530273,10.300000190734863,10.600000381469727,4990
2022-05-18,10.699999809265137,11.600000381469727,10.699999809265137,10.800000190734863,7450
2022-05-19,15.800000190734863,17.0,10.899999618530273,10.899999618530273,1378760
2022-05-20,15.800000190734863,16.799999237060547,14.100000381469727,16.600000381469727,460310
2022-05-23,14.5,15.800000190734863,13.699999809265137,14.5,81760
2022-05-24,13.399999618530273,14.5,13.100000381469727,14.399999618530273,51360
2022-05-25,13.699999809265137,14.0,13.100000381469727,13.399999618530273,11910
2022-05-26,14.300000190734863,14.5,13.15999984741211,13.600000381469727,14390
2022-05-27,14.399999618530273,14.800000190734863,13.699999809265137,13.899999618530273,14900
2022-05-31,14.699999809265137,15.0,13.899999618530273,14.5,8520
2022-06-01,12.899999618530273,14.520000457763672,12.600000381469727,14.100000381469727,17580
2022-06-02,14.399999618530273,15.0,13.100000381469727,13.699999809265137,17340
2022-06-03,14.800000190734863,14.800000190734863,14.0,14.100000381469727,3270
2022-06-06,15.800000190734863,16.700000762939453,15.109999656677246,15.899999618530273,33380
2022-06-07,16.0,16.5,15.100000381469727,16.0,21100
2022-06-08,22.399999618530273,22.799999237060547,15.600000381469727,15.600000381469727,158810
2022-06-09,20.899999618530273,22.56999969482422,19.5,20.899999618530273,73420
2022-06-10,22.0,24.700000762939453,20.100000381469727,20.100000381469727,56530
2022-06-13,19.100000381469727,23.200000762939453,17.799999237060547,23.200000762939453,161150
2022-06-14,19.600000381469727,19.780000686645508,18.0,18.799999237060547,30110
2022-06-15,18.600000381469727,19.799999237060547,17.5,19.799999237060547,16310
2022-06-16,16.5,18.299999237060547,16.209999084472656,16.600000381469727,18320
2022-06-17,17.100000381469727,17.399999618530273,16.5,16.899999618530273,11240
2022-06-21,16.049999237060547,19.0,16.0,19.0,18080
2022-06-22,16.200000762939453,17.299999237060547,15.109999656677246,16.0,13180
2022-06-23,16.299999237060547,16.600000381469727,15.5,16.0,6410
2022-06-24,16.5,18.0,15.5,15.5,20740
2022-06-27,15.5,16.600000381469727,15.300000190734863,16.299999237060547,7390
2022-06-28,15.100000381469727,15.800000190734863,14.5,15.399999618530273,9590
2022-06-29,13.699999809265137,15.800000190734863,13.300000190734863,15.800000190734863,24330
2022-06-30,13.899999618530273,14.100000381469727,12.600000381469727,13.800000190734863,9910
2022-07-01,13.699999809265137,14.199999809265137,13.199999809265137,13.199999809265137,8150
2022-07-05,13.699999809265137,14.0,13.399999618530273,13.399999618530273,2240
2022-07-06,13.600000381469727,14.100000381469727,13.5,14.0,3280
2022-07-07,13.699999809265137,13.84000015258789,13.399999618530273,13.600000381469727,3430
2022-07-08,14.5,14.800000190734863,13.600000381469727,13.600000381469727,9590
2022-07-11,13.699999809265137,14.600000381469727,13.600000381469727,14.199999809265137,2330
2022-07-12,14.199999809265137,14.5,13.65999984741211,13.800000190734863,2460
2022-07-13,13.600000381469727,14.100000381469727,13.600000381469727,13.699999809265137,3240
2022-07-14,13.0,13.399999618530273,12.899999618530273,13.399999618530273,4660
2022-07-15,12.699999809265137,13.300000190734863,11.899999618530273,12.899999618530273,7720
2022-07-18,12.5,13.0,12.100000381469727,13.0,3870
2022-07-19,12.5,13.149999618530273,12.399999618530273,12.5,3270
2022-07-20,13.300000190734863,13.399999618530273,12.399999618530273,12.899999618530273,5900
2022-07-21,12.800000190734863,13.300000190734863,12.5,13.199999809265137,5340
2022-07-22,12.5,13.600000381469727,11.899999618530273,12.600000381469727,5140
2022-07-25,12.399999618530273,13.289999961853027,12.279999732971191,12.300000190734863,3460
2022-07-26,11.800000190734863,12.5,11.699999809265137,12.0,4290
2022-07-27,12.100000381469727,12.4399995803833,11.699999809265137,12.100000381469727,3030
2022-07-28,13.800000190734863,15.0,12.300000190734863,12.300000190734863,69130
2022-07-29,11.300000190734863,13.369999885559082,10.800000190734863,12.800000190734863,73680
2022-08-01,11.100000381469727,11.800000190734863,11.0,11.699999809265137,18700
2022-08-02,11.399999618530273,11.699999809265137,10.699999809265137,10.899999618530273,19040
2022-08-03,11.699999809265137,11.800000190734863,11.0,11.5,14380
2022-08-04,12.0,12.300000190734863,11.5,11.600000381469727,12120
2022-08-05,11.800000190734863,12.699999809265137,11.300000190734863,11.399999618530273,17040
2022-08-08,12.399999618530273,13.0,11.899999618530273,12.0,20100
2022-08-09,12.199999809265137,12.640000343322754,11.600000381469727,12.5,12760
2022-08-10,12.899999618530273,12.899999618530273,11.5,12.5,17170
2022-08-11,13.199999809265137,14.0,12.800000190734863,12.899999618530273,22620
2022-08-12,13.5,14.0,13.0,13.300000190734863,14020
2022-08-15,13.5,14.899999618530273,12.899999618530273,14.899999618530273,18620
2022-08-16,13.5,14.0,12.399999618530273,13.300000190734863,23050
2022-08-17,12.699999809265137,13.5,12.5,13.5,15470
2022-08-18,12.100000381469727,13.300000190734863,11.5,12.699999809265137,16370
2022-08-19,11.699999809265137,12.100000381469727,11.399999618530273,12.100000381469727,6480
2022-08-22,11.399999618530273,11.800000190734863,10.899999618530273,11.399999618530273,8010
2022-08-23,11.399999618530273,11.600000381469727,10.899999618530273,11.5,4190
2022-08-24,11.899999618530273,11.899999618530273,11.100000381469727,11.100000381469727,2940
2022-08-25,11.899999618530273,12.100000381469727,11.5,11.899999618530273,8740
2022-08-26,11.399999618530273,12.899999618530273,11.399999618530273,12.5,13350
2022-08-29,11.399999618530273,11.800000190734863,10.600000381469727,11.399999618530273,11500
2022-08-30,10.100000381469727,11.010000228881836,10.0,11.0,24020
2022-08-31,10.5,10.59000015258789,10.100000381469727,10.300000190734863,2990
2022-09-01,10.199999809265137,10.5,10.0,10.5,4520
2022-09-02,10.300000190734863,10.300000190734863,10.100000381469727,10.100000381469727,3930
2022-09-06,10.300000190734863,10.399999618530273,9.600000381469727,10.100000381469727,13790
2022-09-07,9.899999618530273,10.300000190734863,9.699999809265137,9.989999771118164,13020
2022-09-08,10.300000190734863,10.5,9.699999809265137,9.699999809265137,13810
2022-09-09,10.1899995803833,10.369999885559082,9.989999771118164,9.989999771118164,7150
2022-09-12,9.920000076293945,10.399999618530273,9.800000190734863,10.199999809265137,8930
2022-09-13,10.0,10.199999809265137,9.550000190734863,10.199999809265137,8290
2022-09-14,9.899999618530273,10.0,9.550000190734863,10.0,7420
2022-09-15,10.0,10.5,9.680000305175781,9.800000190734863,18580
2022-09-16,9.649999618530273,10.199999809265137,9.5,10.199999809265137,11430
2022-09-19,8.5,9.600000381469727,8.199999809265137,9.600000381469727,23560
2022-09-20,8.399999618530273,8.600000381469727,8.300000190734863,8.5,9840
2022-09-21,8.199999809265137,8.479999542236328,7.599999904632568,8.479999542236328,7750
2022-09-22,7.400000095367432,8.199999809265137,7.239999771118164,8.199999809265137,8700
2022-09-23,7.25,7.300000190734863,6.699999809265137,7.300000190734863,10530
2022-09-26,7.0,7.300000190734863,6.900000095367432,7.03000020980835,3340
2022-09-27,7.400000095367432,7.599999904632568,7.0,7.599999904632568,1870
2022-09-28,7.480000019073486,7.5,7.010000228881836,7.5,3660
2022-09-29,7.400000095367432,7.5,7.099999904632568,7.139999866485596,2610
2022-09-30,7.150000095367432,7.5,7.0,7.400000095367432,2960
2022-10-03,7.380000114440918,7.420000076293945,7.0,7.119999885559082,2930
2022-10-04,7.699999809265137,8.0,7.199999809265137,7.5,4560
2022-10-05,7.53000020980835,7.849999904632568,7.099999904632568,7.099999904632568,1820
2022-10-06,7.190000057220459,7.900000095367432,7.119999885559082,7.900000095367432,2740
2022-10-07,7.119999885559082,7.519999980926514,7.0,7.519999980926514,3890
2022-10-10,7.0,7.53000020980835,6.400000095367432,7.0,3790
2022-10-11,6.929999828338623,7.0,6.21999979019165,6.860000133514404,3290
2022-10-12,6.860000133514404,7.099999904632568,6.650000095367432,6.71999979019165,1670
2022-10-13,6.5,6.860000133514404,6.28000020980835,6.28000020980835,3020
2022-10-14,7.0,7.0,6.150000095367432,6.400000095367432,3560
2022-10-17,6.400000095367432,7.0,6.389999866485596,6.599999904632568,3490
2022-10-18,6.550000190734863,6.909999847412109,6.199999809265137,6.699999809265137,3780
2022-10-19,6.099999904632568,6.579999923706055,6.099999904632568,6.300000190734863,2640
2022-10-20,5.900000095367432,6.460000038146973,5.690000057220459,6.099999904632568,5800
2022-10-21,5.699999809265137,6.199999809265137,5.5,5.699999809265137,9130
2022-10-24,4.889999866485596,5.889999866485596,4.400000095367432,5.889999866485596,29580
2022-10-25,5.0,6.0,4.599999904632568,5.0,8900
2022-10-26,5.239999771118164,5.5,4.989999771118164,5.400000095367432,7040
2022-10-27,5.300000190734863,5.5,5.010000228881836,5.5,5980
2022-10-28,5.110000133514404,5.400000095367432,4.699999809265137,5.300000190734863,6520
2022-10-31,5.320000171661377,5.5,4.699999809265137,5.389999866485596,4170
2022-11-01,5.269999980926514,5.429999828338623,4.949999809265137,5.400000095367432,4970
2022-11-02,4.730000019073486,5.400000095367432,4.440000057220459,5.400000095367432,12510
2022-11-03,4.929999828338623,4.940000057220459,4.400000095367432,4.940000057220459,3490
2022-11-04,4.96999979019165,5.199999809265137,4.699999809265137,5.059999942779541,9230
2022-11-07,4.809999942779541,5.199999809265137,4.800000190734863,5.199999809265137,3170
2022-11-08,4.099999904632568,6.900000095367432,3.8399999141693115,5.659999847412109,389770
2022-11-09,3.5899999141693115,4.199999809265137,3.5,3.8499999046325684,42670
2022-11-10,3.4600000381469727,4.099999904632568,3.200000047683716,3.4800000190734863,44830
2022-11-11,3.5899999141693115,3.6600000858306885,3.319999933242798,3.6600000858306885,27300
2022-11-14,3.450000047683716,3.9000000953674316,3.3299999237060547,3.7799999713897705,34290
2022-11-15,3.5399999618530273,3.5999999046325684,3.299999952316284,3.5199999809265137,24930
2022-11-16,3.5899999141693115,3.700000047683716,3.309999942779541,3.5,21610
2022-11-17,3.5,3.5399999618530273,3.299999952316284,3.5,12340
2022-11-18,3.509999990463257,3.680000066757202,3.4000000953674316,3.680000066757202,20670
2022-11-21,3.5299999713897705,3.5999999046325684,3.390000104904175,3.5999999046325684,6650
2022-11-22,3.5299999713897705,3.609999895095825,3.4000000953674316,3.609999895095825,9740
2022-11-23,3.5,3.5899999141693115,3.5,3.549999952316284,18620
2022-11-25,3.5999999046325684,3.680000066757202,3.5,3.680000066757202,1480
2022-11-28,3.569999933242798,3.869999885559082,3.4000000953674316,3.5999999046325684,10960
2022-11-29,3.5299999713897705,3.5999999046325684,3.430000066757202,3.549999952316284,6090
2022-11-30,3.490000009536743,3.5999999046325684,3.4000000953674316,3.569999933242798,15880
2022-12-01,3.700000047683716,3.819999933242798,3.5,3.5299999713897705,18930
2022-12-02,3.640000104904175,3.700000047683716,3.4100000858306885,3.700000047683716,13610
2022-12-05,3.549999952316284,3.6700000762939453,3.4000000953674316,3.6700000762939453,14140
2022-12-06,3.509999990463257,3.549999952316284,3.4100000858306885,3.549999952316284,7340
2022-12-07,3.5399999618530273,3.549999952316284,3.490000009536743,3.549999952316284,2240
2022-12-08,3.5299999713897705,3.5999999046325684,3.4000000953674316,3.5999999046325684,7440
2022-12-09,3.5399999618530273,3.5999999046325684,3.4100000858306885,3.5399999618530273,3680
2022-12-12,3.5,3.759999990463257,3.4200000762939453,3.5999999046325684,11450
2022-12-13,3.4000000953674316,4.630000114440918,3.4000000953674316,4.630000114440918,52150
2022-12-14,3.559999942779541,3.990000009536743,3.4000000953674316,3.990000009536743,13220
2022-12-15,3.5,3.5299999713897705,3.2200000286102295,3.4700000286102295,16490
2022-12-16,3.299999952316284,3.5,3.200000047683716,3.490000009536743,7700
2022-12-19,3.0999999046325684,3.5,3.009999990463257,3.5,15860
2022-12-20,2.7899999618530273,3.0999999046325684,2.4700000286102295,3.0,30610
2022-12-21,2.700000047683716,2.9000000953674316,2.609999895095825,2.799999952316284,10810
2022-12-22,2.5999999046325684,2.8299999237060547,2.5899999141693115,2.8299999237060547,7770
2022-12-23,2.6700000762939453,2.700000047683716,2.6500000953674316,2.700000047683716,7470
2022-12-27,2.5999999046325684,2.7899999618530273,2.5199999809265137,2.7899999618530273,7640
2022-12-28,2.569999933242798,2.700000047683716,2.450000047683716,2.5999999046325684,17370
2022-12-29,2.4000000953674316,2.700000047683716,2.369999885559082,2.5899999141693115,24360
2022-12-30,2.4600000381469727,2.5999999046325684,2.259999990463257,2.259999990463257,10510
2023-01-03,2.4000000953674316,2.6500000953674316,2.4000000953674316,2.6500000953674316,10360
2023-01-04,2.509999990463257,2.700000047683716,2.430000066757202,2.5999999046325684,15050
2023-01-05,2.700000047683716,3.2899999618530273,2.5999999046325684,2.7200000286102295,28120
2023-01-06,2.9000000953674316,3.2300000190734863,2.6600000858306885,2.6600000858306885,19770
2023-01-09,3.069999933242798,3.2899999618530273,2.9000000953674316,3.0,22480
2023-01-10,3.0999999046325684,3.319999933242798,2.9000000953674316,3.2200000286102295,40190
2023-01-11,2.5999999046325684,3.299999952316284,2.5,3.299999952316284,69870
2023-01-12,2.450000047683716,2.690000057220459,2.450000047683716,2.5999999046325684,82020
2023-01-13,2.859999895095825,2.9700000286102295,2.25,2.450000047683716,299090
2023-01-17,3.7200000286102295,3.7300000190734863,2.700000047683716,2.9000000953674316,112100
2023-01-18,3.319999933242798,3.809999942779541,3.180000066757202,3.809999942779541,52080
2023-01-19,3.4000000953674316,3.5,3.2300000190734863,3.5,22290
2023-01-20,3.4000000953674316,3.490000009536743,3.190000057220459,3.490000009536743,23070
2023-01-23,3.5,3.6700000762939453,3.2899999618530273,3.549999952316284,42140
2023-01-24,3.7200000286102295,3.9800000190734863,3.299999952316284,3.299999952316284,81670
2023-01-25,4.159999847412109,4.199999809265137,3.700000047683716,3.7899999618530273,70730
2023-01-26,4.889999866485596,4.900000095367432,4.199999809265137,4.5,101980
2023-01-27,6.699999809265137,8.199999809265137,5.039999961853027,5.21999979019165,524650
2023-01-30,7.119999885559082,7.840000152587891,6.300000190734863,7.099999904632568,175110
2023-01-31,9.319999694824219,9.670000076293945,7.199999809265137,7.699999809265137,224650
2023-02-01,9.899999618530273,11.699999809265137,9.100000381469727,9.350000381469727,236700
2023-02-02,6.369999885559082,10.800000190734863,6.0,10.100000381469727,217950
2023-02-03,7.980000019073486,8.600000381469727,6.510000228881836,6.659999847412109,106410
2023-02-06,7.96999979019165,8.5,7.800000190734863,8.199999809265137,57100
2023-02-07,6.78000020980835,7.900000095367432,6.320000171661377,7.900000095367432,72740
2023-02-08,6.010000228881836,7.099999904632568,6.0,6.699999809265137,72800
2023-02-09,5.179999828338623,6.010000228881836,5.0,6.0,46720
2023-02-10,5.309999942779541,5.510000228881836,5.0,5.360000133514404,17460
2023-02-13,5.699999809265137,5.900000095367432,5.349999904632568,5.349999904632568,27710
2023-02-14,6.659999847412109,6.800000190734863,5.900000095367432,5.900000095367432,63040
2023-02-15,6.590000152587891,6.800000190734863,6.300000190734863,6.5,19130
2023-02-16,5.710000038146973,6.599999904632568,5.599999904632568,6.400000095367432,23240
2023-02-17,5.639999866485596,6.210000038146973,5.5,5.900000095367432,16870
2023-02-21,4.860000133514404,5.800000190734863,4.800000190734863,5.800000190734863,38050
2023-02-22,5.050000190734863,5.139999866485596,4.75,4.75,7930
2023-02-23,4.699999809265137,5.400000095367432,4.449999809265137,5.400000095367432,18150
2023-02-24,4.300000190734863,4.559999942779541,4.0,4.559999942779541,29330
2023-02-27,4.550000190734863,4.869999885559082,4.400000095367432,4.800000190734863,24470
2023-02-28,6.190000057220459,6.5,4.599999904632568,4.760000228881836,195270
2023-03-01,5.679999828338623,6.0,5.0,5.900000095367432,47030
2023-03-02,5.099999904632568,5.800000190734863,4.630000114440918,5.510000228881836,25510
2023-03-03,5.449999809265137,5.5,5.21999979019165,5.21999979019165,17620
2023-03-06,5.400000095367432,5.630000114440918,5.199999809265137,5.320000171661377,7000
2023-03-07,5.199999809265137,5.599999904632568,5.099999904632568,5.5,5350
2023-03-08,5.119999885559082,5.199999809265137,5.0,5.199999809265137,6220
2023-03-09,4.880000114440918,5.110000133514404,4.539999961853027,5.0,14380
2023-03-10,4.599999904632568,4.800000190734863,4.550000190734863,4.800000190734863,7540
2023-03-13,4.5,4.630000114440918,4.199999809265137,4.599999904632568,14510
2023-03-14,4.400000095367432,4.730000019073486,4.300000190734863,4.5,4170
2023-03-15,4.300000190734863,4.599999904632568,4.199999809265137,4.599999904632568,8450
2023-03-16,4.199999809265137,4.690000057220459,4.010000228881836,4.519999980926514,8870
2023-03-17,4.230000019073486,4.329999923706055,3.9000000953674316,4.329999923706055,7360
2023-03-20,4.099999904632568,4.400000095367432,4.019999980926514,4.199999809265137,17130
2023-03-21,4.900000095367432,4.900000095367432,4.300000190734863,4.349999904632568,18050
2023-03-22,4.599999904632568,4.900000095367432,4.329999923706055,4.900000095367432,8620
2023-03-23,4.5,5.099999904632568,4.210000038146973,5.099999904632568,7560
2023-03-24,4.460000038146973,4.639999866485596,4.179999828338623,4.329999923706055,20380
2023-03-27,4.480000019073486,4.53000020980835,4.099999904632568,4.21999979019165,3910
2023-03-28,4.21999979019165,4.400000095367432,4.199999809265137,4.239999771118164,3390
2023-03-29,4.480000019073486,4.480000019073486,4.210000038146973,4.21999979019165,3350
2023-03-30,4.349999904632568,4.519999980926514,4.079999923706055,4.349999904632568,7780
2023-03-31,4.400000095367432,4.409999847412109,4.110000133514404,4.400000095367432,3540
2023-04-03,4.0,4.420000076293945,4.0,4.420000076293945,15610
2023-04-04,4.010000228881836,4.199999809265137,4.0,4.099999904632568,5650
2023-04-05,4.0,4.199999809265137,3.9000000953674316,4.010000228881836,4040
2023-04-06,4.0,4.199999809265137,3.9100000858306885,3.950000047683716,3980
2023-04-10,4.0,4.070000171661377,3.9100000858306885,4.070000171661377,3080
2023-04-11,3.950000047683716,4.199999809265137,3.9000000953674316,3.9000000953674316,2940
2023-04-12,3.9000000953674316,4.190000057220459,3.9000000953674316,4.099999904632568,4570
2023-04-13,3.950000047683716,4.199999809265137,3.7200000286102295,4.0,4560
2023-04-14,4.010000228881836,4.150000095367432,3.9000000953674316,4.099999904632568,3170
2023-04-17,4.199999809265137,4.199999809265137,3.799999952316284,4.099999904632568,9220
2023-04-18,4.110000133514404,4.300000190734863,4.0,4.300000190734863,4420
2023-04-19,3.9200000762939453,4.210000038146973,3.799999952316284,4.099999904632568,7910
2023-04-20,3.799999952316284,4.0,3.700000047683716,4.0,4720
2023-04-21,3.6700000762939453,3.7799999713897705,3.6500000953674316,3.700000047683716,4730
2023-04-24,3.680000066757202,3.700000047683716,3.5,3.5,3500
2023-04-25,3.569999933242798,3.6700000762939453,3.5,3.6700000762939453,2370
2023-04-26,3.549999952316284,3.700000047683716,3.5199999809265137,3.700000047683716,1920
2023-04-27,3.6700000762939453,3.680000066757202,3.569999933242798,3.680000066757202,1980
2023-04-28,3.5,3.7200000286102295,3.5,3.6700000762939453,4270
2023-05-01,3.609999895095825,3.690000057220459,3.5999999046325684,3.680000066757202,7520
2023-05-02,3.5,3.700000047683716,3.4000000953674316,3.5,6870
2023-05-03,3.430000066757202,3.5,3.3399999141693115,3.5,3430
2023-05-04,3.630000114440918,3.680000066757202,3.4000000953674316,3.4100000858306885,3070
2023-05-05,4.070000171661377,4.699999809265137,3.5,3.5899999141693115,41580
2023-05-08,6.099999904632568,8.899999618530273,4.440000057220459,4.739999771118164,670550
2023-05-09,4.630000114440918,5.650000095367432,4.510000228881836,5.579999923706055,47570
2023-05-10,4.440000057220459,4.760000228881836,4.369999885559082,4.599999904632568,20540
2023-05-11,4.929999828338623,5.139999866485596,4.199999809265137,4.400000095367432,76840
2023-05-12,5.179999828338623,5.480000019073486,4.900000095367432,4.989999771118164,27490
2023-05-15,4.619999885559082,5.050000190734863,4.550000190734863,4.800000190734863,408620
2023-05-16,6.039999961853027,7.409999847412109,5.010000228881836,6.599999904632568,2382720
2023-05-17,6.340000152587891,6.400000095367432,5.409999847412109,5.920000076293945,153490
2023-05-18,7.039999961853027,7.300000190734863,5.800000190734863,5.900000095367432,159130
2023-05-19,6.5,6.889999866485596,6.099999904632568,6.889999866485596,38750
2023-05-22,6.119999885559082,6.599999904632568,5.699999809265137,6.25,36790
2023-05-23,5.710000038146973,6.199999809265137,5.699999809265137,6.0,21700
2023-05-24,5.650000095367432,5.929999828338623,5.400000095367432,5.539999961853027,19610
2023-05-25,5.25,5.989999771118164,5.210000038146973,5.5,18330
2023-05-26,5.090000152587891,5.360000133514404,4.809999942779541,5.300000190734863,25910
2023-05-30,5.079999923706055,5.300000190734863,5.0,5.199999809265137,7120
2023-05-31,5.559999942779541,5.75,5.010000228881836,5.239999771118164,16680
2023-06-01,5.880000114440918,5.980000019073486,5.5,5.670000076293945,9620
2023-06-02,5.900000095367432,6.099999904632568,5.699999809265137,6.0,7540
2023-06-05,5.699999809265137,6.400000095367432,5.519999980926514,6.28000020980835,16590
2023-06-06,5.860000133514404,5.949999809265137,5.539999961853027,5.949999809265137,7880
2023-06-07,5.690000057220459,6.099999904632568,5.300000190734863,6.070000171661377,26510
2023-06-08,5.789999961853027,5.900000095367432,5.5,5.690000057220459,5440
2023-06-09,6.130000114440918,6.130000114440918,5.829999923706055,5.829999923706055,13240
2023-06-12,6.5,6.5,5.900000095367432,6.179999828338623,13160
2023-06-13,6.800000190734863,7.0,6.300000190734863,6.5,22200
2023-06-14,6.460000038146973,6.980000019073486,6.349999904632568,6.980000019073486,15790
2023-06-15,6.639999866485596,6.800000190734863,6.03000020980835,6.449999809265137,17550
2023-06-16,7.300000190734863,7.380000114440918,6.639999866485596,6.929999828338623,19360
2023-06-20,6.699999809265137,7.5,6.599999904632568,7.5,12310
2023-06-21,6.650000095367432,7.300000190734863,6.599999904632568,7.300000190734863,8700
2023-06-22,6.699999809265137,6.800000190734863,6.5,6.800000190734863,6850
2023-06-23,6.800000190734863,6.900000095367432,6.349999904632568,6.900000095367432,13610
2023-06-26,6.099999904632568,6.789999961853027,5.800000190734863,6.789999961853027,9930
2023-06-27,8.100000381469727,8.399999618530273,5.96999979019165,6.349999904632568,314980
2023-06-28,7.190000057220459,8.300000190734863,6.800000190734863,8.300000190734863,172220
2023-06-29,6.5,7.800000190734863,6.300000190734863,7.0,73150
2023-06-30,6.659999847412109,6.980000019073486,6.599999904632568,6.800000190734863,14030
2023-07-03,6.980000019073486,7.150000095367432,6.800000190734863,6.900000095367432,10660
2023-07-05,6.599999904632568,7.130000114440918,6.429999828338623,6.769999980926514,16780
2023-07-06,6.360000133514404,6.699999809265137,6.199999809265137,6.699999809265137,10510
2023-07-07,6.28000020980835,6.360000133514404,6.0,6.289999961853027,10100
2023-07-10,6.119999885559082,6.5,6.010000228881836,6.199999809265137,11520
2023-07-11,6.300000190734863,6.5,6.199999809265137,6.389999866485596,7570
2023-07-12,6.460000038146973,6.630000114440918,6.230000019073486,6.409999847412109,6750
2023-07-13,6.460000038146973,6.559999942779541,6.210000038146973,6.400000095367432,10700
2023-07-14,6.139999866485596,6.480000019073486,6.099999904632568,6.300000190734863,5310
2023-07-17,6.300000190734863,6.460000038146973,5.599999904632568,6.260000228881836,31650
2023-07-18,6.400000095367432,6.599999904632568,6.050000190734863,6.300000190734863,15810
2023-07-19,6.800000190734863,6.800000190734863,6.150000095367432,6.159999847412109,11910
2023-07-20,6.550000190734863,6.800000190734863,6.409999847412109,6.769999980926514,6090
2023-07-21,6.210000038146973,6.599999904632568,6.190000057220459,6.460000038146973,7280
2023-07-24,6.340000152587891,6.670000076293945,6.199999809265137,6.289999961853027,4840
2023-07-25,6.110000133514404,6.460000038146973,6.099999904632568,6.150000095367432,7170
2023-07-26,6.199999809265137,6.480000019073486,6.119999885559082,6.480000019073486,2910
2023-07-27,5.699999809265137,6.300000190734863,5.690000057220459,6.269999980926514,21470
2023-07-28,5.610000133514404,5.96999979019165,5.599999904632568,5.599999904632568,8650
2023-07-31,6.099999904632568,6.300000190734863,5.75,5.889999866485596,7100
2023-08-01,5.75,6.199999809265137,5.75,5.860000133514404,5050
2023-08-02,5.599999904632568,6.0,5.599999904632568,5.75,10060
2023-08-03,5.599999904632568,5.800000190734863,5.599999904632568,5.599999904632568,7260
2023-08-04,5.710000038146973,5.800000190734863,5.599999904632568,5.599999904632568,5170
2023-08-07,6.099999904632568,6.599999904632568,5.800000190734863,6.599999904632568,9140
2023-08-08,5.900000095367432,6.0,5.599999904632568,6.0,2400
2023-08-09,5.929999828338623,6.0,5.599999904632568,5.900000095367432,4170
2023-08-10,5.929999828338623,6.0,5.699999809265137,5.869999885559082,3240
2023-08-11,5.699999809265137,6.190000057220459,5.610000133514404,5.849999904632568,5910
2023-08-14,5.78000020980835,6.300000190734863,5.610000133514404,5.699999809265137,2860
2023-08-15,5.5,6.0,5.340000152587891,5.800000190734863,20490
2023-08-16,5.199999809265137,5.699999809265137,5.199999809265137,5.670000076293945,2400
2023-08-17,4.989999771118164,5.460000038146973,4.820000171661377,5.210000038146973,4870
2023-08-18,4.900000095367432,5.300000190734863,4.800000190734863,4.869999885559082,4210
2023-08-21,4.900000095367432,5.210000038146973,4.800000190734863,4.900000095367432,3070
2023-08-22,4.920000076293945,5.0,4.849999904632568,4.929999828338623,3030
2023-08-23,4.550000190734863,5.0,4.5,4.900000095367432,9770
2023-08-24,4.679999828338623,4.849999904632568,4.400000095367432,4.5,7210
2023-08-25,4.849999904632568,4.849999904632568,4.510000228881836,4.789999961853027,1160
2023-08-28,4.940000057220459,4.96999979019165,4.599999904632568,4.739999771118164,3850
2023-08-29,4.619999885559082,4.929999828338623,4.519999980926514,4.860000133514404,4910
2023-08-30,4.670000076293945,4.809999942779541,4.599999904632568,4.71999979019165,2040
2023-08-31,4.599999904632568,4.739999771118164,4.320000171661377,4.659999847412109,5730
2023-09-01,4.599999904632568,4.699999809265137,4.5,4.659999847412109,2160
2023-09-05,4.5,4.5,4.300000190734863,4.5,3250
2023-09-06,4.300000190734863,4.5,4.099999904632568,4.5,7220
2023-09-07,4.199999809265137,4.5,4.119999885559082,4.21999979019165,3340
2023-09-08,4.5,4.5,4.03000020980835,4.110000133514404,4260
2023-09-11,4.880000114440918,4.909999847412109,4.079999923706055,4.369999885559082,6450
2023-09-12,4.849999904632568,4.880000114440918,4.340000152587891,4.880000114440918,1770
2023-09-13,4.590000152587891,4.900000095367432,4.5,4.800000190734863,4770
2023-09-14,4.739999771118164,4.75,4.550000190734863,4.559999942779541,4620
2023-09-15,4.849999904632568,4.900000095367432,4.5,4.599999904632568,2040
2023-09-18,4.300000190734863,4.599999904632568,4.21999979019165,4.599999904632568,6020
2023-09-19,4.440000057220459,4.730000019073486,4.340000152587891,4.599999904632568,4290
2023-09-20,4.349999904632568,4.650000095367432,4.349999904632568,4.349999904632568,1610
2023-09-21,4.079999923706055,4.300000190734863,4.03000020980835,4.300000190734863,2620
2023-09-22,4.070000171661377,4.170000076293945,4.0,4.150000095367432,3490
2023-09-25,4.03000020980835,4.150000095367432,4.0,4.0,950
2023-09-26,4.090000152587891,4.199999809265137,3.819999933242798,4.0,6950
2023-09-27,3.8399999141693115,4.050000190734863,3.700000047683716,3.9200000762939453,3230
2023-09-28,3.700000047683716,4.099999904632568,3.5999999046325684,4.099999904632568,3090
2023-09-29,3.799999952316284,4.03000020980835,3.759999990463257,3.799999952316284,2670
2023-10-02,3.700000047683716,4.059999942779541,3.5999999046325684,4.0,2680
2023-10-03,3.430000066757202,3.759999990463257,3.3499999046325684,3.5999999046325684,7430
2023-10-04,2.890000104904175,3.5,2.799999952316284,3.5,38130
2023-10-05,3.259999990463257,3.2899999618530273,2.7899999618530273,2.8299999237060547,43480
2023-10-06,1.6799999475479126,2.5799999237060547,1.6299999952316284,2.5799999237060547,395200
2023-10-09,1.659999966621399,1.7860000133514404,1.600000023841858,1.6799999475479126,105800
2023-10-10,1.5800000429153442,1.659999966621399,1.5499999523162842,1.6200000047683716,92900
2023-10-11,1.7699999809265137,1.8899999856948853,1.5499999523162842,1.559999942779541,143200
2023-10-12,1.7170000076293945,1.819000005722046,1.6670000553131104,1.809999942779541,38900
2023-10-13,1.7400000095367432,1.843000054359436,1.6610000133514404,1.690000057220459,18200
2023-10-16,1.7999999523162842,1.899999976158142,1.7200000286102295,1.7200000286102295,48100
2023-10-17,1.8899999856948853,1.9199999570846558,1.7899999618530273,1.850000023841858,17300
2023-10-18,1.8799999952316284,1.9500000476837158,1.8200000524520874,1.8300000429153442,40800
2023-10-19,1.8200000524520874,1.8899999856948853,1.8200000524520874,1.840000033378601,21900
2023-10-20,1.819000005722046,1.8700000047683716,1.7899999618530273,1.7899999618530273,12000
2023-10-23,1.840000033378601,1.9299999475479126,1.7309999465942383,1.7699999809265137,20600
2023-10-24,2.0899999141693115,2.3499999046325684,1.8309999704360962,1.8309999704360962,41200
2023-10-25,2.0209999084472656,2.0799999237060547,1.9299999475479126,2.069999933242798,4500
2023-10-26,1.9600000381469727,2.0199999809265137,1.8700000047683716,1.9299999475479126,13200
2023-10-27,1.9299999475479126,2.2300000190734863,1.590000033378601,2.2300000190734863,1541200
2023-10-30,1.940000057220459,1.9600000381469727,1.7000000476837158,1.7000000476837158,90200
2023-10-31,2.0799999237060547,2.180000066757202,1.840000033378601,1.940000057220459,60700
2023-11-01,1.9199999570846558,2.059999942779541,1.8799999952316284,2.049999952316284,37800
2023-11-02,1.944000005722046,1.9700000286102295,1.850000023841858,1.940000057220459,9300
2023-11-03,2.0799999237060547,2.0850000381469727,1.8700000047683716,1.8700000047683716,24300
2023-11-06,1.9800000190734863,2.0460000038146973,1.9600000381469727,1.9600000381469727,5500
2023-11-07,1.8769999742507935,2.003999948501587,1.8700000047683716,1.9700000286102295,29600
2023-11-08,1.7400000095367432,1.9170000553131104,1.7400000095367432,1.899999976158142,7900
2023-11-09,1.840000033378601,1.909999966621399,1.809999942779541,1.909999966621399,2600
2023-11-10,1.8700000047683716,1.8700000047683716,1.7100000381469727,1.840000033378601,5800
2023-11-13,1.7799999713897705,1.8380000591278076,1.7599999904632568,1.809999942779541,2700
2023-11-14,1.6699999570846558,1.899999976158142,1.649999976158142,1.899999976158142,21400
2023-11-15,1.8459999561309814,1.9299999475479126,1.7300000190734863,1.7300000190734863,22000
2023-11-16,1.809999942779541,1.8799999952316284,1.7699999809265137,1.8799999952316284,3700
2023-11-17,1.9299999475479126,2.0,1.7999999523162842,1.9199999570846558,15100
2023-11-20,1.8949999809265137,2.046999931335449,1.8799999952316284,1.8899999856948853,2300
2023-11-21,1.9049999713897705,1.909999966621399,1.8200000524520874,1.8200000524520874,3100
2023-11-22,1.899999976158142,1.9900000095367432,1.8600000143051147,1.9299999475479126,8000
2023-11-24,1.8890000581741333,1.9700000286102295,1.8890000581741333,1.9700000286102295,3500
2023-11-27,1.7999999523162842,1.9700000286102295,1.7899999618530273,1.9600000381469727,23300
2023-11-28,1.7999999523162842,1.8799999952316284,1.7999999523162842,1.7999999523162842,29000
2023-11-29,1.8300000429153442,1.909999966621399,1.784999966621399,1.909999966621399,11000
2023-11-30,1.7990000247955322,1.840000033378601,1.7699999809265137,1.8259999752044678,11700
2023-12-01,1.7999999523162842,1.815000057220459,1.7699999809265137,1.7799999713897705,7800
2023-12-04,1.7999999523162842,1.840000033378601,1.7619999647140503,1.7799999713897705,3200
2023-12-05,1.7599999904632568,1.7999999523162842,1.75,1.7999999523162842,6100
2023-12-06,1.7400000095367432,1.840000033378601,1.7200000286102295,1.7999999523162842,4100
2023-12-07,1.7790000438690186,1.7799999713897705,1.7450000047683716,1.7599999904632568,12800
2023-12-08,1.7100000381469727,1.7799999713897705,1.7100000381469727,1.7799999713897705,36700
2023-12-11,1.7200000286102295,1.7899999618530273,1.7100000381469727,1.7899999618530273,17800
2023-12-12,1.7100000381469727,1.75,1.6799999475479126,1.7200000286102295,16500
2023-12-13,1.6699999570846558,1.7400000095367432,1.6399999856948853,1.7400000095367432,25800
2023-12-14,1.6799999475479126,1.840000033378601,1.6799999475479126,1.7489999532699585,87000
2023-12-15,1.6699999570846558,1.7300000190734863,1.6699999570846558,1.7300000190734863,44200
2023-12-18,1.5700000524520874,1.7000000476837158,1.5199999809265137,1.6299999952316284,29400
2023-12-19,1.659999966621399,1.7000000476837158,1.5520000457763672,1.659999966621399,9100
2023-12-20,1.7699999809265137,1.840000033378601,1.600000023841858,1.7000000476837158,51500
2023-12-21,1.659999966621399,1.7200000286102295,1.5800000429153442,1.7200000286102295,46200
2023-12-22,1.6100000143051147,1.690000057220459,1.5829999446868896,1.690000057220459,38400
2023-12-26,1.600000023841858,1.6399999856948853,1.5499999523162842,1.6100000143051147,42700
2023-12-27,1.659999966621399,1.7389999628067017,1.590000033378601,1.6200000047683716,45000
2023-12-28,1.7000000476837158,1.7400000095367432,1.6699999570846558,1.6699999570846558,37700
2023-12-29,1.9299999475479126,1.937000036239624,1.600000023841858,1.649999976158142,104700
2024-01-02,1.8700000047683716,1.9900000095367432,1.7699999809265137,1.7699999809265137,70900
2024-01-03,1.7999999523162842,1.850000023841858,1.7899999618530273,1.809999942779541,17000
2024-01-04,1.7730000019073486,1.8200000524520874,1.7389999628067017,1.8200000524520874,19000
2024-01-05,1.8700000047683716,1.9149999618530273,1.75,1.75,33700
2024-01-08,1.8700000047683716,1.9900000095367432,1.809999942779541,1.9299999475479126,40300
2024-01-09,1.840000033378601,1.934000015258789,1.8200000524520874,1.850000023841858,20000
2024-01-10,2.059999942779541,2.075000047683716,1.7799999713897705,1.8899999856948853,95400
2024-01-11,2.177999973297119,2.6700000762939453,2.109999895095825,2.180000066757202,1150600
2024-01-12,1.7000000476837158,1.9900000095367432,1.6799999475479126,1.940000057220459,178400
2024-01-16,1.600000023841858,1.7799999713897705,1.5700000524520874,1.7799999713897705,58700
2024-01-17,1.2000000476837158,1.6299999952316284,1.1799999475479126,1.5499999523162842,144200
2024-01-18,1.0800000429153442,1.1799999475479126,1.0199999809265137,1.1799999475479126,72600
2024-01-19,1.1100000143051147,1.1299999952316284,1.0210000276565552,1.0800000429153442,25400
2024-01-22,1.190000057220459,1.2200000286102295,1.1230000257492065,1.2200000286102295,12400
2024-01-23,1.2699999809265137,1.2699999809265137,1.184999942779541,1.2549999952316284,11200
2024-01-24,1.2300000190734863,1.2899999618530273,1.125,1.2599999904632568,22600
2024-01-25,1.2699999809265137,1.2999999523162842,1.1799999475479126,1.2100000381469727,10800
2024-01-26,1.2899999618530273,1.340000033378601,1.1799999475479126,1.2599999904632568,7700
2024-01-29,1.350000023841858,1.350000023841858,1.2400000095367432,1.2999999523162842,16800
2024-01-30,1.2640000581741333,1.3899999856948853,1.25,1.3300000429153442,25100
2024-01-31,1.3600000143051147,1.378000020980835,1.2000000476837158,1.3300000429153442,38000
2024-02-01,1.350000023841858,1.3899999856948853,1.3350000381469727,1.340000033378601,7500
2024-02-02,1.309999942779541,1.3899999856948853,1.309999942779541,1.340000033378601,11700
2024-02-05,1.3600000143051147,1.3980000019073486,1.3200000524520874,1.350000023841858,22200
2024-02-06,1.3700000047683716,1.3760000467300415,1.2999999523162842,1.3700000047683716,6800
2024-02-07,1.5399999618530273,1.5989999771118164,1.3700000047683716,1.3899999856948853,54800
2024-02-08,1.6200000047683716,1.6419999599456787,1.559999942779541,1.559999942779541,31600
2024-02-09,1.600000023841858,1.7200000286102295,1.4600000381469727,1.659999966621399,25800
2024-02-12,1.4709999561309814,1.5499999523162842,1.4600000381469727,1.5399999618530273,22500
2024-02-13,1.440000057220459,1.4989999532699585,1.409999966621399,1.4700000286102295,24100
2024-02-14,1.4199999570846558,1.5700000524520874,1.319000005722046,1.4199999570846558,34200
2024-02-15,1.440000057220459,1.440000057220459,1.3910000324249268,1.440000057220459,7200
2024-02-16,1.4900000095367432,1.5190000534057617,1.4279999732971191,1.440000057220459,10200
2024-02-20,1.4500000476837158,1.5199999809265137,1.399999976158142,1.4600000381469727,15000
2024-02-21,1.5099999904632568,1.6200000047683716,1.4500000476837158,1.4500000476837158,18200
2024-02-22,1.4500000476837158,1.5720000267028809,1.4500000476837158,1.5099999904632568,4600
2024-02-23,1.399999976158142,1.4450000524520874,1.3899999856948853,1.4299999475479126,6400
2024-02-26,1.399999976158142,1.399999976158142,1.3799999952316284,1.399999976158142,8700
2024-02-27,1.4299999475479126,1.4500000476837158,1.3930000066757202,1.409999966621399,7900
2024-02-28,1.2899999618530273,1.3949999809265137,1.2549999952316284,1.3910000324249268,35800
2024-02-29,1.3370000123977661,1.3799999952316284,1.2699999809265137,1.2699999809265137,14400
2024-03-01,1.4700000286102295,1.4700000286102295,1.3600000143051147,1.4500000476837158,41200
2024-03-04,1.7000000476837158,1.7300000190734863,1.4600000381469727,1.4700000286102295,73500
2024-03-05,1.659999966621399,1.7300000190734863,1.590000033378601,1.6799999475479126,59600
2024-03-06,1.659000039100647,1.7799999713897705,1.600000023841858,1.7400000095367432,8300
2024-03-07,1.600000023841858,1.684999942779541,1.5499999523162842,1.600000023841858,16600
2024-03-08,1.600000023841858,1.659999966621399,1.5700000524520874,1.649999976158142,21300
2024-03-11,1.5700000524520874,1.7109999656677246,1.5390000343322754,1.6799999475479126,5100
2024-03-12,1.5460000038146973,1.659999966621399,1.5460000038146973,1.559999942779541,8300
2024-03-13,1.5800000429153442,1.6200000047683716,1.5499999523162842,1.5499999523162842,5600
2024-03-14,1.534999966621399,1.5709999799728394,1.4800000190734863,1.559999942779541,11100
2024-03-15,1.5700000524520874,1.600000023841858,1.496999979019165,1.5399999618530273,2800
2024-03-18,1.5099999904632568,1.6100000143051147,1.5099999904632568,1.6100000143051147,4700
2024-03-19,1.5199999809265137,1.5800000429153442,1.5199999809265137,1.5499999523162842,5800
2024-03-20,1.4900000095367432,1.7300000190734863,1.4809999465942383,1.5,38700
2024-03-21,1.5299999713897705,1.5700000524520874,1.4600000381469727,1.4600000381469727,7500
2024-03-22,1.4800000190734863,1.5700000524520874,1.4700000286102295,1.5110000371932983,9200
2024-03-25,1.4600000381469727,1.4700000286102295,1.4500000476837158,1.4600000381469727,4600
2024-03-26,1.4800000190734863,1.600000023841858,1.4500000476837158,1.4500000476837158,8400
2024-03-27,1.4199999570846558,1.4850000143051147,1.4110000133514404,1.4850000143051147,12400
2024-03-28,1.375,1.4199999570846558,1.375,1.4199999570846558,6100
2024-04-01,1.4500000476837158,1.5800000429153442,1.3700000047683716,1.3700000047683716,50100
2024-04-02,5.900000095367432,7.75,4.159999847412109,4.679999828338623,120972100
2024-04-03,6.409999847412109,9.899999618530273,6.179999828338623,9.069999694824219,47998800
2024-04-04,6.400000095367432,6.949999809265137,5.639999866485596,6.659999847412109,4950500
2024-04-05,5.690000057220459,5.994999885559082,5.090000152587891,5.71999979019165,1168200
2024-04-08,5.599999904632568,6.449999809265137,5.070000171661377,6.269999980926514,2788900
2024-04-09,4.980000019073486,5.599999904632568,4.53000020980835,5.590000152587891,509800
2024-04-10,4.659999847412109,4.920000076293945,4.599999904632568,4.760000228881836,545500
2024-04-11,3.9800000190734863,4.559999942779541,3.75,4.559999942779541,454800
2024-04-12,4.019999980926514,4.130000114440918,3.8519999980926514,3.859999895095825,120400
2024-04-15,4.070000171661377,4.210000038146973,3.8299999237060547,3.950000047683716,115300
2024-04-16,3.9600000381469727,4.070000171661377,3.7100000381469727,3.990000009536743,217300
2024-04-17,3.9200000762939453,3.9800000190734863,3.700000047683716,3.9800000190734863,192700
2024-04-18,3.609999895095825,3.950000047683716,3.566999912261963,3.75,138100
2024-04-19,3.3299999237060547,3.640000104904175,3.1500000953674316,3.509999990463257,167800
2024-04-22,3.5399999618530273,3.799999952316284,3.25,3.25,122500
2024-04-23,3.5999999046325684,3.75,3.4700000286102295,3.4700000286102295,111000
2024-04-24,3.549999952316284,3.690000057220459,3.5199999809265137,3.549999952316284,103700
2024-04-25,3.7200000286102295,3.799999952316284,3.3610000610351562,3.4800000190734863,111600
2024-04-26,3.640000104904175,3.7899999618530273,3.5299999713897705,3.7899999618530273,108100
2024-04-29,3.940000057220459,4.068999767303467,3.619999885559082,3.619999885559082,164200
2024-04-30,3.930000066757202,4.099999904632568,3.6700000762939453,3.859999895095825,138000
2024-05-01,3.4600000381469727,3.8369998931884766,3.4000000953674316,3.7100000381469727,161700
2024-05-02,3.7100000381469727,3.7100000381469727,3.305000066757202,3.4200000762939453,136700
2024-05-03,3.759999990463257,4.050000190734863,3.619999885559082,3.819999933242798,244900
2024-05-06,3.5999999046325684,4.630000114440918,3.569000005722046,3.9000000953674316,768500
2024-05-07,3.5,3.6600000858306885,3.200000047683716,3.630000114440918,88800
2024-05-08,3.549999952316284,3.609999895095825,3.450000047683716,3.450000047683716,27800
2024-05-09,3.5799999237060547,3.619999885559082,3.4800000190734863,3.4800000190734863,38200
2024-05-10,3.5199999809265137,3.609999895095825,3.450000047683716,3.509999990463257,19500
2024-05-13,3.4749999046325684,3.5850000381469727,3.4600000381469727,3.4800000190734863,31200
2024-05-14,3.369999885559082,3.4600000381469727,3.309999942779541,3.450000047683716,49500
2024-05-15,3.390000104904175,3.4800000190734863,3.309999942779541,3.4800000190734863,16800
2024-05-16,3.2100000381469727,3.390000104904175,3.1500000953674316,3.3499999046325684,49800
2024-05-17,3.2100000381469727,3.240000009536743,3.0,3.240000009536743,59700
2024-05-20,3.309999942779541,3.3949999809265137,3.119999885559082,3.119999885559082,37800
2024-05-21,3.5,3.5,3.259999990463257,3.4100000858306885,39000
2024-05-22,3.430000066757202,3.625,3.309999942779541,3.309999942779541,38000
2024-05-23,3.369999885559082,3.6500000953674316,3.2300000190734863,3.4700000286102295,109700
2024-05-24,3.2799999713897705,3.430000066757202,3.2300000190734863,3.430000066757202,28900
2024-05-28,3.1600000858306885,3.2799999713897705,3.119999885559082,3.2699999809265137,28900
2024-05-29,2.9600000381469727,3.200000047683716,2.8610000610351562,3.200000047683716,226800
2024-05-30,2.890000104904175,3.009999990463257,2.7899999618530273,3.0,34700
2024-05-31,2.930000066757202,2.940000057220459,2.819999933242798,2.9100000858306885,17700
2024-06-03,2.890000104904175,2.940000057220459,2.816999912261963,2.940000057220459,18000
2024-06-04,2.8299999237060547,2.9000000953674316,2.7839999198913574,2.8299999237060547,23000
2024-06-05,2.940000057220459,2.9700000286102295,2.75,2.8499999046325684,61700
2024-06-06,2.450000047683716,3.140000104904175,2.2799999713897705,2.9000000953674316,181800
2024-06-07,2.140000104904175,2.440000057220459,2.109999895095825,2.440000057220459,48700
2024-06-10,2.049999952316284,2.369999885559082,1.9700000286102295,2.359999895095825,459300
2024-06-11,1.899999976158142,2.0999999046325684,1.7899999618530273,2.009999990463257,69300
2024-06-12,1.8600000143051147,2.319999933242798,1.8600000143051147,1.9500000476837158,64300
2024-06-13,1.8600000143051147,1.899999976158142,1.7799999713897705,1.850000023841858,51300
2024-06-14,1.7999999523162842,1.9500000476837158,1.75,1.7999999523162842,37400
2024-06-17,1.7200000286102295,1.9149999618530273,1.690000057220459,1.7999999523162842,46600
2024-06-18,1.4500000476837158,1.7300000190734863,1.409999966621399,1.7300000190734863,839900
2024-06-20,1.5199999809265137,1.6139999628067017,1.4420000314712524,1.5,124900
2024-06-21,1.6200000047683716,1.6749999523162842,1.4700000286102295,1.5199999809265137,113000
2024-06-24,1.6200000047683716,1.6699999570846558,1.5269999504089355,1.6699999570846558,69600
2024-06-25,1.600000023841858,1.7200000286102295,1.5499999523162842,1.6399999856948853,78600
2024-06-26,1.5299999713897705,1.6319999694824219,1.5,1.6299999952316284,50900
2024-06-27,1.5,1.6699999570846558,1.4500000476837158,1.5099999904632568,428900
2024-06-28,1.375,1.5499999523162842,1.350000023841858,1.5099999904632568,101100
2024-07-01,1.3700000047683716,1.399999976158142,1.2999999523162842,1.350000023841858,39200
2024-07-02,1.5,1.7799999713897705,1.3600000143051147,1.3600000143051147,4589800
2024-07-03,2.5,3.2699999809265137,2.2699999809265137,3.059999942779541,55806400
2024-07-05,2.4800000190734863,2.5299999713897705,2.2300000190734863,2.3499999046325684,2099400
2024-07-08,2.200000047683716,2.440000057220459,2.1500000953674316,2.2899999618530273,759100
2024-07-09,2.549999952316284,2.630000114440918,2.1600000858306885,2.180000066757202,4023500
2024-07-10,3.049999952316284,4.619999885559082,2.9000000953674316,4.320000171661377,44737200
2024-07-11,3.0399999618530273,3.2899999618530273,2.6600000858306885,2.6600000858306885,2100100
2024-07-12,3.0999999046325684,3.2300000190734863,2.869999885559082,2.880000114440918,886400
2024-07-15,2.75,3.0999999046325684,2.75,3.0,397100
2024-07-16,2.9000000953674316,2.990000009536743,2.819999933242798,2.940000057220459,231200
2024-07-17,2.7200000286102295,2.930000066757202,2.700000047683716,2.9000000953674316,239500
2024-07-18,2.569999933242798,2.7699999809265137,2.5,2.700000047683716,241500
2024-07-19,2.75,2.877000093460083,2.5299999713897705,2.5299999713897705,314400
2024-07-22,2.690000057220459,2.809999942779541,2.5999999046325684,2.799999952316284,181700
2024-07-23,2.5999999046325684,2.6600000858306885,2.509999990463257,2.640000104904175,133000
2024-07-24,2.3499999046325684,2.558000087738037,2.319999933242798,2.549999952316284,158600
2024-07-25,2.490000009536743,2.569999933242798,2.2799999713897705,2.299999952316284,183100
2024-07-26,2.6500000953674316,2.700000047683716,2.4100000858306885,2.5,218800
2024-07-29,2.25,2.4600000381469727,2.2100000381469727,2.4200000762939453,1130800
2024-07-30,1.899999976158142,2.2699999809265137,1.809999942779541,2.1600000858306885,343300
2024-07-31,2.0450000762939453,2.1470000743865967,1.909999966621399,1.909999966621399,150600
2024-08-01,2.0,2.072999954223633,1.9600000381469727,2.0,72300
2024-08-02,1.9299999475479126,2.0399999618530273,1.8700000047683716,1.9500000476837158,76800
2024-08-05,1.809999942779541,1.940000057220459,1.7000000476837158,1.909999966621399,147100
2024-08-06,1.7899999618530273,1.8600000143051147,1.7899999618530273,1.7999999523162842,63600
2024-08-07,1.6799999475479126,1.9500000476837158,1.6699999570846558,1.7899999618530273,150300
2024-08-08,1.7100000381469727,1.8200000524520874,1.659999966621399,1.659999966621399,69000
2024-08-09,1.8600000143051147,1.8899999856948853,1.7300000190734863,1.7300000190734863,88100
2024-08-12,2.069999933242798,2.130000114440918,1.8899999856948853,1.9500000476837158,67100
2024-08-13,2.3299999237060547,2.5,2.0799999237060547,2.109999895095825,339600
2024-08-14,2.259999990463257,2.5399999618530273,2.200000047683716,2.309999942779541,285200
2024-08-15,2.309999942779541,2.309999942779541,2.0999999046325684,2.299999952316284,135500
2024-08-16,2.2300000190734863,2.4000000953674316,2.180000066757202,2.359999895095825,116300
2024-08-19,2.369999885559082,2.4000000953674316,2.1500000953674316,2.1700000762939453,197800
2024-08-20,2.630000114440918,2.630000114440918,2.309999942779541,2.3499999046325684,389900
2024-08-21,2.2699999809265137,2.690000057220459,2.1600000858306885,2.6500000953674316,387600
2024-08-22,2.1500000953674316,2.2890000343322754,2.121000051498413,2.259999990463257,92300
2024-08-23,2.3499999046325684,2.369999885559082,2.049999952316284,2.1500000953674316,179900
2024-08-26,2.4200000762939453,2.5899999141693115,2.2899999618530273,2.5899999141693115,189000
2024-08-27,2.359999895095825,2.4000000953674316,2.184999942779541,2.2799999713897705,130200
2024-08-28,2.190000057220459,2.380000114440918,2.1050000190734863,2.380000114440918,102300
2024-08-29,2.0999999046325684,2.190000057220459,1.6699999570846558,2.130000114440918,2627100
2024-08-30,1.9600000381469727,2.059999942779541,1.899999976158142,2.0299999713897705,141300
2024-09-03,1.8200000524520874,1.9199999570846558,1.7100000381469727,1.7100000381469727,145500
2024-09-04,1.809999942779541,1.8700000047683716,1.809999942779541,1.809999942779541,60000
2024-09-05,1.8600000143051147,1.899999976158142,1.809999942779541,1.8200000524520874,61800
2024-09-06,1.8600000143051147,1.909999966621399,1.809999942779541,1.8700000047683716,63600
2024-09-09,1.8600000143051147,1.9800000190734863,1.8300000429153442,1.840000033378601,83900
2024-09-10,1.940000057220459,1.9500000476837158,1.8300000429153442,1.8899999856948853,49300
2024-09-11,2.0299999713897705,2.1530001163482666,1.8730000257492065,1.9199999570846558,111600
2024-09-12,2.0399999618530273,2.0899999141693115,1.9290000200271606,2.0,38700
2024-09-13,2.109999895095825,2.1500000953674316,2.0190000534057617,2.0799999237060547,45500
2024-09-16,1.909999966621399,2.190000057220459,1.809999942779541,2.0799999237060547,437000
2024-09-17,1.25,2.0799999237060547,1.2200000286102295,2.049999952316284,18256100
2024-09-18,1.3300000429153442,1.5,1.2400000095367432,1.440000057220459,6978500
2024-09-19,1.3799999952316284,1.4199999570846558,1.25,1.309999942779541,1309000
2024-09-20,1.3200000524520874,1.3700000047683716,1.2400000095367432,1.2899999618530273,601200
2024-09-23,1.3600000143051147,1.3600000143051147,1.2699999809265137,1.309999942779541,372900
2024-09-24,1.3799999952316284,1.3799999952316284,1.2799999713897705,1.2799999713897705,383500
2024-09-25,1.350000023841858,1.3899999856948853,1.2899999618530273,1.340000033378601,3350100
2024-09-26,1.1399999856948853,1.3300000429153442,1.059999942779541,1.2799999713897705,2068000
2024-09-27,1.059999942779541,1.100000023841858,1.0199999809265137,1.090000033378601,472200
2024-09-30,1.0,1.190000057220459,0.9629999995231628,1.0499999523162842,830500
2024-10-01,0.800000011920929,1.0099999904632568,0.7440000176429749,1.0,922400
2024-10-02,0.7749999761581421,0.800000011920929,0.7279999852180481,0.7799999713897705,439500
2024-10-03,0.8220000267028809,0.8709999918937683,0.7400000095367432,0.7749999761581421,1068900
2024-10-04,0.8399999737739563,0.8889999985694885,0.7829999923706055,0.8199999928474426,771900
2024-10-07,0.8320000171661377,0.8790000081062317,0.800000011920929,0.8209999799728394,340500
2024-10-08,0.7760000228881836,0.8199999928474426,0.7699999809265137,0.8100000023841858,265900
2024-10-09,0.7699999809265137,0.7990000247955322,0.75,0.7699999809265137,115000
2024-10-10,0.7820000052452087,0.7990000247955322,0.7599999904632568,0.7730000019073486,99000
2024-10-11,0.7820000052452087,0.7900000214576721,0.75,0.7799999713897705,165400
2024-10-14,0.9769999980926514,0.9900000095367432,0.8009999990463257,0.8100000023841858,859000
2024-10-15,0.925000011920929,1.059999942779541,0.8899999856948853,1.059999942779541,538800
2024-10-16,0.9129999876022339,0.9449999928474426,0.8619999885559082,0.9169999957084656,287800
2024-10-17,0.890999972820282,0.949999988079071,0.8679999709129333,0.9139999747276306,161700
2024-10-18,0.8999999761581421,0.9100000262260437,0.8510000109672546,0.8690000176429749,147200
2024-10-21,0.8899999856948853,0.9070000052452087,0.8399999737739563,0.8610000014305115,166200
2024-10-22,0.859000027179718,0.8899999856948853,0.8539999723434448,0.8740000128746033,74200
2024-10-23,0.7960000038146973,0.8579999804496765,0.7749999761581421,0.8579999804496765,190400
2024-10-24,0.7799999713897705,0.800000011920929,0.7699999809265137,0.777999997138977,132300
2024-10-25,0.8090000152587891,0.8100000023841858,0.7599999904632568,0.781000018119812,107600
2024-10-28,0.8379999995231628,0.8500000238418579,0.8019999861717224,0.8019999861717224,94300
2024-10-29,0.8309999704360962,0.8500000238418579,0.8100000023841858,0.8100000023841858,102200
2024-10-30,0.824999988079071,0.8399999737739563,0.7900000214576721,0.8159999847412109,83800
2024-10-31,0.8199999928474426,0.8299999833106995,0.7910000085830688,0.8199999928474426,41200
2024-11-01,0.8199999928474426,0.8399999737739563,0.781000018119812,0.8199999928474426,248300
2024-11-04,0.843999981880188,0.8659999966621399,0.7910000085830688,0.8199999928474426,597600
2024-11-05,0.824999988079071,0.8600000143051147,0.8180000185966492,0.8600000143051147,106700
2024-11-06,0.7540000081062317,0.824999988079071,0.7149999737739563,0.7870000004768372,368200
2024-11-07,0.7699999809265137,0.7879999876022339,0.7239999771118164,0.7789999842643738,111800
2024-11-08,0.7699999809265137,0.7699999809265137,0.7300000190734863,0.7699999809265137,127400
2024-11-11,0.7699999809265137,0.7940000295639038,0.7200000286102295,0.7720000147819519,233200
2024-11-12,0.7509999871253967,0.7860000133514404,0.7229999899864197,0.7670000195503235,113500
2024-11-13,0.7839999794960022,0.7900000214576721,0.7400000095367432,0.7509999871253967,214300
2024-11-14,1.350000023841858,1.350000023841858,0.7599999904632568,0.7850000262260437,5915300
2024-11-15,0.8220000267028809,1.1100000143051147,0.8009999990463257,1.059999942779541,2345300
2024-11-18,0.8399999737739563,0.8999999761581421,0.75,0.8500000238418579,2741200
2024-11-19,0.8100000023841858,0.8399999737739563,0.7599999904632568,0.8040000200271606,381400
2024-11-20,0.8539999723434448,0.8700000047683716,0.7799999713897705,0.8230000138282776,337900
2024-11-21,0.8980000019073486,0.9390000104904175,0.8009999990463257,0.8399999737739563,358100
2024-11-22,0.9190000295639038,0.9369999766349792,0.8650000095367432,0.8999999761581421,169400
2024-11-25,1.0700000524520874,1.100000023841858,0.902999997138977,0.902999997138977,671900
2024-11-26,1.1200000047683716,1.2200000286102295,1.0399999618530273,1.0499999523162842,678900
2024-11-27,1.159999966621399,1.399999976158142,1.1100000143051147,1.1399999856948853,1277000
2024-11-29,1.1799999475479126,1.2400000095367432,1.100000023841858,1.2100000381469727,339000
2024-12-02,1.309999942779541,1.3300000429153442,1.159999966621399,1.159999966621399,425700
2024-12-03,1.3700000047683716,1.3700000047683716,1.2599999904632568,1.3300000429153442,427500
2024-12-04,1.3899999856948853,1.4800000190734863,1.274999976158142,1.3899999856948853,536800
2024-12-05,1.340000033378601,1.850000023841858,1.2999999523162842,1.409999966621399,9260700
2024-12-06,1.1200000047683716,1.1699999570846558,1.0099999904632568,1.1399999856948853,1077400
2024-12-09,1.340000033378601,1.4700000286102295,1.090000033378601,1.1399999856948853,2452900
2024-12-10,1.2100000381469727,1.340000033378601,1.1799999475479126,1.2999999523162842,370300
2024-12-11,1.190000057220459,1.2200000286102295,1.090000033378601,1.2200000286102295,766200
2024-12-12,1.2400000095367432,1.2699999809265137,1.152999997138977,1.2000000476837158,184300
2024-12-13,1.25,1.2699999809265137,1.2100000381469727,1.2699999809265137,151700
2024-12-16,1.2100000381469727,1.25,1.159999966621399,1.25,218800
2024-12-17,1.2000000476837158,1.2200000286102295,1.1299999952316284,1.2200000286102295,229700
2024-12-18,1.3300000429153442,1.4900000095367432,1.1799999475479126,1.2100000381469727,1026800
2024-12-19,1.309999942779541,1.399999976158142,1.2699999809265137,1.3300000429153442,311900
2024-12-20,1.409999966621399,1.4299999475479126,1.2599999904632568,1.309999942779541,428000
2024-12-23,1.4600000381469727,1.5299999713897705,1.3200000524520874,1.350000023841858,283100
2024-12-24,1.4299999475479126,1.5199999809265137,1.3899999856948853,1.5199999809265137,198900
2024-12-26,1.5099999904632568,1.5499999523162842,1.399999976158142,1.409999966621399,238800
2024-12-27,1.409999966621399,1.559999942779541,1.399999976158142,1.5299999713897705,255400
2024-12-30,1.340000033378601,1.409000039100647,1.3200000524520874,1.399999976158142,205300
2024-12-31,1.3300000429153442,1.3799999952316284,1.2699999809265137,1.340000033378601,164100
2025-01-02,1.409999966621399,1.440000057220459,1.3279999494552612,1.350000023841858,184500
2025-01-03,1.5499999523162842,1.5700000524520874,1.4299999475479126,1.440000057220459,243800
2025-01-06,1.440000057220459,1.5499999523162842,1.4249999523162842,1.4800000190734863,157200
2025-01-07,1.649999976158142,1.7389999628067017,1.4199999570846558,1.440000057220459,1449300
2025-01-08,1.4800000190734863,1.628000020980835,1.4700000286102295,1.6200000047683716,355500
2025-01-10,1.440000057220459,1.4900000095367432,1.4010000228881836,1.4700000286102295,190900
2025-01-13,1.350000023841858,1.840000033378601,1.274999976158142,1.559999942779541,5788000
2025-01-14,1.2100000381469727,1.3730000257492065,1.2000000476837158,1.2999999523162842,509400
2025-01-15,1.2000000476837158,1.399999976158142,1.2000000476837158,1.25,959400
2025-01-16,1.190000057220459,1.2400000095367432,1.0800000429153442,1.2000000476837158,370500
2025-01-17,1.1299999952316284,1.2100000381469727,1.100000023841858,1.190000057220459,249800
2025-01-21,1.1399999856948853,1.1970000267028809,1.1069999933242798,1.1299999952316284,175000
2025-01-22,1.0800000429153442,1.190000057220459,1.0720000267028809,1.149999976158142,366400
2025-01-23,1.1299999952316284,1.1399999856948853,1.0800000429153442,1.0800000429153442,112200
2025-01-24,1.1100000143051147,1.2400000095367432,1.1100000143051147,1.1299999952316284,172300
2025-01-27,1.1200000047683716,1.1399999856948853,1.059999942779541,1.090000033378601,97600
2025-01-28,1.0199999809265137,1.1100000143051147,1.0099999904632568,1.1100000143051147,181300
2025-01-29,1.1100000143051147,1.1299999952316284,1.0199999809265137,1.0199999809265137,122200
2025-01-30,1.059999942779541,1.1299999952316284,1.0199999809265137,1.100000023841858,156600
2025-01-31,1.090000033378601,1.159999966621399,1.0479999780654907,1.0700000524520874,81500
2025-02-03,1.059999942779541,1.100000023841858,1.0399999618530273,1.0800000429153442,70400
2025-02-04,1.059999942779541,1.100000023841858,1.0199999809265137,1.0299999713897705,36600
2025-02-05,1.059999942779541,1.1100000143051147,1.0399999618530273,1.0499999523162842,56200
2025-02-06,1.090000033378601,1.100000023841858,1.0499999523162842,1.059999942779541,26500
2025-02-07,1.0399999618530273,1.100000023841858,1.0199999809265137,1.0800000429153442,112500
2025-02-10,0.9700000286102295,1.190000057220459,0.9300000071525574,1.0399999618530273,545100
2025-02-11,0.9079999923706055,0.9490000009536743,0.8999999761581421,0.9330000281333923,102800
2025-02-12,0.8899999856948853,0.9269999861717224,0.8299999833106995,0.9200000166893005,111100
2025-02-13,0.8880000114440918,0.8999999761581421,0.8600000143051147,0.8999999761581421,74600
2025-02-14,0.8230000138282776,0.9200000166893005,0.8199999928474426,0.8899999856948853,142900
2025-02-18,0.7990000247955322,0.8700000047683716,0.7360000014305115,0.8109999895095825,154800
2025-02-19,0.800000011920929,0.8240000009536743,0.7630000114440918,0.7649999856948853,90100
2025-02-20,0.796999990940094,0.843999981880188,0.7929999828338623,0.8100000023841858,52500
2025-02-21,0.7879999876022339,0.8320000171661377,0.7720000147819519,0.7929999828338623,128000
2025-02-24,0.753000020980835,0.8159999847412109,0.7419999837875366,0.7710000276565552,188200
2025-02-25,0.7200000286102295,0.7559999823570251,0.699999988079071,0.7400000095367432,118200
2025-02-26,0.7409999966621399,0.7900000214576721,0.7200000286102295,0.7400000095367432,97200
2025-02-27,0.753000020980835,0.8199999928474426,0.7200000286102295,0.7429999709129333,119500
2025-02-28,0.7459999918937683,0.800000011920929,0.7300000190734863,0.7300000190734863,37000
2025-03-03,0.7300000190734863,0.7699999809265137,0.7120000123977661,0.734000027179718,131300
2025-03-04,0.6850000023841858,0.7429999709129333,0.6520000100135803,0.7110000252723694,176000
2025-03-05,0.7009999752044678,0.7300000190734863,0.6600000262260437,0.7099999785423279,87400
2025-03-06,0.6650000214576721,0.699999988079071,0.6499999761581421,0.699999988079071,174300
2025-03-07,0.7599999904632568,0.9300000071525574,0.6499999761581421,0.6620000004768372,1794300
2025-03-10,0.6600000262260437,0.7559999823570251,0.6600000262260437,0.7559999823570251,456100
2025-03-11,0.6480000019073486,0.6790000200271606,0.6200000047683716,0.6600000262260437,186500
2025-03-12,0.6679999828338623,0.6919999718666077,0.6499999761581421,0.6499999761581421,61800
2025-03-13,0.6489999890327454,0.6679999828338623,0.6259999871253967,0.6600000262260437,49200
2025-03-14,0.6890000104904175,0.699999988079071,0.6399999856948853,0.6600000262260437,81700
2025-03-17,0.699999988079071,0.7089999914169312,0.6600000262260437,0.6869999766349792,37300
2025-03-18,0.7099999785423279,0.7379999756813049,0.6859999895095825,0.7379999756813049,70100
2025-03-19,0.7400000095367432,0.7699999809265137,0.6190000176429749,0.7200000286102295,108000
2025-03-20,0.8479999899864197,0.8479999899864197,0.7400000095367432,0.8299999833106995,715400
2025-03-21,1.2899999618530273,1.6299999952316284,1.0399999618530273,1.3200000524520874,65083600
2025-03-24,3.2200000286102295,4.369999885559082,1.100000023841858,1.284999966621399,64046000
2025-03-25,2.259999990463257,2.880000114440918,2.200000047683716,2.809999942779541,9075800
2025-03-26,4.179999828338623,5.5,3.109999895095825,3.309999942779541,142709200
2025-03-27,4.179999828338623,6.659999847412109,3.7899999618530273,4.675000190734863,44826000
2025-03-28,3.9200000762939453,4.400000095367432,3.700000047683716,3.7899999618530273,4444000
2025-03-31,4.0,4.349999904632568,3.609999895095825,3.880000114440918,3245600
2025-04-01,3.9000000953674316,4.050000190734863,3.7799999713897705,3.9600000381469727,1440600
2025-04-02,3.740000009536743,4.739999771118164,3.2119998931884766,3.8299999237060547,4605800
2025-04-03,3.7300000190734863,3.819999933242798,3.25,3.490000009536743,1084800
2025-04-04,3.569999933242798,3.9000000953674316,3.450000047683716,3.690000057220459,1071500
2025-04-07,3.700000047683716,4.039999961853027,3.056999921798706,3.4000000953674316,1723300
2025-04-08,3.5399999618530273,3.930000066757202,3.450000047683716,3.7100000381469727,669400
2025-04-09,3.3299999237060547,4.079999923706055,3.1700000762939453,3.7200000286102295,1711500
2025-04-10,3.3299999237060547,3.369999885559082,3.071000099182129,3.2300000190734863,565000
2025-04-11,3.180000066757202,3.700000047683716,2.799999952316284,3.3299999237060547,1874000
2025-04-14,2.9700000286102295,3.240000009536743,2.9100000858306885,3.190000057220459,756400
2025-04-15,2.6500000953674316,2.938999891281128,2.559999942779541,2.809999942779541,551900
2025-04-16,2.619999885559082,2.8299999237060547,2.5399999618530273,2.5399999618530273,234400
2025-04-17,2.5399999618530273,2.619999885559082,2.3499999046325684,2.609999895095825,247600
2025-04-21,2.700000047683716,2.9000000953674316,2.5199999809265137,2.619999885559082,472300
2025-04-22,2.5399999618530273,2.7219998836517334,2.5,2.680000066757202,272900
2025-04-23,2.799999952316284,2.9000000953674316,2.5,2.5299999713897705,374500
2025-04-24,3.0299999713897705,3.069999933242798,2.799999952316284,2.799999952316284,320700
2025-04-25,2.9600000381469727,3.109999895095825,2.8399999141693115,3.0999999046325684,195800
2025-04-28,2.940000057220459,3.1500000953674316,2.869999885559082,2.930000066757202,237900
2025-04-29,3.380000114440918,3.4000000953674316,2.9000000953674316,2.9000000953674316,467300
2025-04-30,3.5199999809265137,3.619999885559082,3.265000104904175,3.3499999046325684,373000
2025-05-01,3.5799999237060547,3.7300000190734863,3.4100000858306885,3.5399999618530273,299400
2025-05-02,3.630000114440918,3.8299999237060547,3.5799999237060547,3.5999999046325684,203300
2025-05-05,3.440000057220459,3.7769999504089355,3.4000000953674316,3.5899999141693115,212300
2025-05-06,3.319999933242798,3.450000047683716,3.200000047683716,3.380000114440918,207900
2025-05-07,3.559999942779541,3.6740000247955322,3.200000047683716,3.200000047683716,193200
2025-05-08,3.549999952316284,3.680000066757202,3.25,3.3949999809265137,672600
2025-05-09,4.349999904632568,4.440000057220459,3.569999933242798,3.569999933242798,1473300
2025-05-12,4.71999979019165,4.989999771118164,4.199999809265137,4.489999771118164,828800
2025-05-13,4.789999961853027,5.0,4.622000217437744,4.75,458100
2025-05-14,4.71999979019165,4.820000171661377,4.400000095367432,4.820000171661377,281000
2025-05-15,4.639999866485596,4.880000114440918,4.519999980926514,4.800000190734863,234000
2025-05-16,4.610000133514404,4.74399995803833,4.349999904632568,4.679999828338623,243600
2025-05-19,4.889999866485596,5.150000095367432,4.53000020980835,4.53000020980835,406000
2025-05-20,4.940000057220459,5.039999961853027,4.849999904632568,4.849999904632568,149200
2025-05-21,4.559999942779541,4.940000057220459,4.559999942779541,4.800000190734863,300100
2025-05-22,4.929999828338623,5.059999942779541,4.360000133514404,4.550000190734863,429100
2025-05-23,6.130000114440918,6.289999961853027,4.888000011444092,4.96999979019165,1280800
2025-05-27,6.039999961853027,6.75,5.630000114440918,6.75,1351600
2025-05-28,6.809999942779541,8.489999771118164,5.929999828338623,6.059999942779541,5335500
2025-05-29,4.239999771118164,8.880000114440918,4.150000095367432,7.03000020980835,6891500
2025-05-30,4.639999866485596,5.5,4.53000020980835,5.494999885559082,8449200
2025-06-02,4.289999961853027,4.789999961853027,4.119999885559082,4.579999923706055,1372700
2025-06-03,5.170000076293945,5.2779998779296875,4.050000190734863,4.309999942779541,1944700
2025-06-04,6.429999828338623,7.146999835968018,5.199999809265137,5.519999980926514,3576500
2025-06-05,5.909999847412109,7.099999904632568,5.840000152587891,6.460000038146973,1742100
2025-06-06,6.150000095367432,6.539000034332275,5.809999942779541,6.039999961853027,908600
2025-06-09,6.840000152587891,7.400000095367432,5.599999904632568,6.25,1539700
2025-06-10,6.650000095367432,7.172999858856201,6.4730000495910645,7.110000133514404,610900
2025-06-11,6.199999809265137,7.195000171661377,5.96999979019165,7.105000019073486,1955000
2025-06-12,5.570000171661377,6.254000186920166,5.400000095367432,6.210000038146973,881200
2025-06-13,5.46999979019165,5.900000095367432,5.25,5.460000038146973,558900
2025-06-16,5.610000133514404,5.829999923706055,5.260000228881836,5.559999942779541,531300
2025-06-17,5.400000095367432,5.635000228881836,5.25,5.5,332500
2025-06-18,5.070000171661377,5.409999847412109,4.880000114440918,5.269999980926514,595900
2025-06-20,4.505000114440918,5.300000190734863,4.400000095367432,5.085000038146973,742100
2025-06-23,3.9600000381469727,4.497000217437744,3.869999885559082,4.449999809265137,991700
2025-06-24,3.8499999046325684,4.170000076293945,3.75,4.170000076293945,605300
2025-06-25,3.6700000762939453,4.057000160217285,3.5999999046325684,4.019999980926514,394500
2025-06-26,3.8299999237060547,3.950000047683716,3.6600000858306885,3.7300000190734863,481300
2025-06-27,3.5899999141693115,3.869999885559082,3.569999933242798,3.8299999237060547,322600
2025-06-30,4.070000171661377,4.4629998207092285,3.5999999046325684,3.630000114440918,1148700
