nasdaq_Close,SPX_Close,Prediction,Residual,Excess
-0.0022624951830817475,0.0031156756258232665,0.00031850895884544505,-0.0025810041419271927,-0.0024646197815595175
0.39002274978266604,0.0005455206301101523,0.00015177416070776006,0.38987097562195827,0.389987359982326
0.11092982310664157,0.00400120187417663,0.000375956093555643,0.11055386701308592,0.1106702513734536
0.3524229244542192,0.0028817272914287706,0.0003033319254077823,0.3521195925288114,0.35223597688917907
0.08577632557881865,0.0017467554316374923,0.0002297023955740201,0.08554662318324463,0.08566300754361231
-0.050000000000000044,-0.009381166148364262,-0.0004922041670373056,-0.04950779583296274,-0.04939141147259506
-0.07263153477718953,0.008325925658531075,0.0006565158062532472,-0.07328805058344277,-0.07317166622307511
-0.07264475741654941,0.0024264254383745687,0.0002737949275662794,-0.07291855234411569,-0.07280216798374801
0.20318235396701678,-0.010823130159869354,-0.0005857493340724165,0.2037681033010892,0.20388448766145686
0.1963377741765171,0.012499626599363545,0.0009272781474418117,0.1954104960290753,0.19552688038944296
0.22023810392681886,-0.010597829662970737,-0.0005711333156091844,0.22080923724242804,0.22092562160279572
-0.10731706765956905,-0.01894490338978838,-0.0011126367094522317,-0.10620443095011682,-0.10608804658974914
0.08274780883840904,-0.022140988764300484,-0.0013199777650068306,0.08406778660341588,0.08418417096378354
0.32299931743871535,0.004598098012701168,0.00041467879990294594,0.3225846386388124,0.3227010229991801
0.0871934794663789,-0.004203199573680982,-0.00015629165863469363,0.08734977112501359,0.08746615548538127
-0.09774439540683699,0.004880152210944955,0.0004329766262544714,-0.09817737203309146,-0.0980609876727238
-0.21111112170749236,-0.011817740959567224,-0.0006502731589739467,-0.2104608485485184,-0.21034446418815073
0.019014116999318764,-0.009829173828039273,-0.0005212679667534079,0.019535384966072173,0.019651769326439847
-0.10711818674023654,0.014266108894671836,0.0010418759321720284,-0.10816006267240857,-0.1080436783120409
0.3475232000467685,0.01297294837718499,0.0009579841598071601,0.3465652158869614,0.346681600247329
0.14244684457047652,-0.00547431142933863,-0.00023875305844015232,0.14268559762891667,0.14280198198928434
-0.13976867092030687,-0.031140677888039425,-0.0019038185652120285,-0.13786485235509485,-0.13774846799472718
-0.006429024338258205,0.002897118921960873,0.0003043304334409789,-0.006733354771699183,-0.006616970411331509
-0.011117598589728828,-0.00886329049344714,-0.0004586077913607214,-0.010658990798368106,-0.01054260643800043
-0.1285468502483491,0.013040132316577413,0.0009623426131266581,-0.12950919286147577,-0.1293928085011081
-0.7228668908875473,-0.0022325735201887964,-2.845036587922812e-05,-0.7228384405216681,-0.7227220561613004
-0.2142856891183762,0.009680437561949251,0.0007443876541255419,-0.21503007677250174,-0.21491369241213407
-0.043887179433520496,-0.002744592819371894,-6.166681960839537e-05,-0.0438255126139121,-0.04370912825354443
-0.11803275433575922,0.01800074864554846,0.0012841548632162689,-0.11931690919897549,-0.11920052483860781
0.10408920648094355,0.0042379594555796984,0.0003913153725130018,0.10369789110843056,0.10381427546879822
0.020202000741265103,0.006584742448973557,0.0005435592602665145,0.019658441480998587,0.019774825841366264
-0.08910890543760397,0.002186622042297248,0.0002582380561307535,-0.08936714349373472,-0.08925075913336705
0.003623184962974646,-0.0010458578339902491,4.8535964017284235e-05,0.003574648998957362,0.003691033359325037
-0.06137186912076564,-0.012102809596931441,-0.0006687665423635035,-0.06070310257840214,-0.06058671821803446
0.08846154904224512,0.00972045942422195,0.0007469840100411435,0.08771456503220398,0.08783094939257166
-0.07773852810643411,-0.002081040179913507,-1.8619876689248655e-05,-0.07771990822974487,-0.07760352386937719
-0.07662828249186338,0.0014053791778985136,0.0002075561433631199,-0.0768358386352265,-0.07671945427485882
0.0,0.01015850827289455,0.00077540174612309,-0.00077540174612309,-0.0006590173857554148
0.132780050558587,0.0023304422719907514,0.0002675681692974921,0.1325124823892895,0.13262886674965718
0.14285709295267868,0.00042920160206150193,0.000144228145119746,0.14271286480755893,0.1428292491679266
-0.022435876862301307,0.0037361180334851696,0.0003587591926913084,-0.022794636054992615,-0.02267825169462494
-0.04918028173572164,0.014007480947064943,0.0010250978473059697,-0.050205379583027614,-0.050088995222659936
0.031034452141253555,-0.00017559601339156572,0.00010499284277614503,0.03092945929847741,0.031045843658845086
-0.033444784051375964,0.0017127370855292146,0.00022749550840931517,-0.03367227955978528,-0.0335558951994176
-0.06228375786275986,0.00452455995494172,0.0004099081330612923,-0.06269366599582116,-0.06257728163545348
0.029520266634666337,0.004041519314613495,0.0003785716246437997,0.029141695010022537,0.02925807937039021
0.057347701798684536,-0.00021734594703937127,0.00010228438092437365,0.05724541741776016,0.05736180177812784
-0.07796610690026196,0.000452194832708086,0.0001457197951084766,-0.07811182669537044,-0.07799544233500276
-0.0036764670434089597,0.0077791163013856135,0.0006210424017560413,-0.004297509445165001,-0.004181125084797326
0.023985260629333593,0.005821675803744153,0.0004940565013783783,0.023491204127955214,0.02360758848832289
0.03783784341080665,-0.0003258460273372066,9.524560738092721e-05,0.037742597803425725,0.037858982163793395
-0.04513892683165899,-0.005086446449439896,-0.00021359092260166796,-0.04492533590905732,-0.04480895154868964
-0.050909129056063596,0.005095296193887933,0.00044693375671017065,-0.051356062812773766,-0.05123967845240609
0.045977060843236384,0.007170966908320198,0.0005815896580657008,0.045395471185170684,0.04551185554553836
-0.003663000144099149,-0.005493304207041971,-0.00023998518528142162,-0.0034230149588177273,-0.003306630598450052
0.06985296147865805,-0.001704167338318907,5.829161314942376e-06,0.0698471323173431,0.06996351667771078
-0.07903780491052137,0.000737722599547963,0.00016424296380692383,-0.07920204787432829,-0.07908566351396062
0.04477607558580465,0.005683234964352302,0.00048507536777028337,0.04429100021803437,0.04440738457840204
0.035714337412192876,4.265937281555665e-05,0.00011915182066751926,0.03559518559152536,0.03571156995189303
0.024137907220975086,-0.00327287474868454,-9.593828611164077e-05,0.024233845507086727,0.0243502298674544
0.04040400148252998,0.0074138011482498545,0.0005973431507706633,0.03980665833175932,0.03992304269212699
-0.03236242958260771,0.00792799084446738,0.000630700405623505,-0.032993129988231215,-0.03287674562786354
0.030100305646238334,0.0016842957106795176,0.00022565041855977997,0.029874655227678553,0.02999103958804623
-0.00974025069249762,-0.005876707172041695,-0.0002648578548602,-0.00947539283763742,-0.009359008477269745
0.02950824721146006,0.003374341747336196,0.00033528952018413964,0.029172957691275918,0.029289342051643595
-0.025477757787232713,0.00668390656297202,0.0005499923775522868,-0.026027750164785,-0.025911365804417323
0.029411815121192175,0.0017666094762833762,0.0002309903957653586,0.029180824725426817,0.02929720908579449
-0.003174600050953491,0.0006854008197059169,0.00016084866991619782,-0.003335448720869689,-0.003219064360502014
0.10191080336048697,0.011150066851666862,0.0008397275629508877,0.10107107579753608,0.10118746015790375
-0.05202314010771003,0.0008425387276917995,0.00017104274669814485,-0.052194182854408175,-0.0520777984940405
0.1250000272582219,-0.016126534744455467,-0.0009297994377931425,0.12592982669601505,0.12604621105638272
0.02981026921140062,0.004521331252766547,0.0004096986760416487,0.02940057053535897,0.029516954895726647
0.16842108235134678,0.008058340784849571,0.0006391566547731224,0.16778192569657366,0.16789831005694134
0.12387380783999746,-0.0010189969053922,5.027852488036707e-05,0.1238235293151171,0.12393991367548476
-0.438877739329263,0.002263879356942944,0.0002632500039640925,-0.4391409893332271,-0.4390246049728594
-0.12499996806893976,0.0071235200993795544,0.0005785116203114834,-0.12557847968925123,-0.12546209532888355
-0.09795918565946338,-0.004296448099761374,-0.0001623410113774596,-0.09779684464808591,-0.09768046028771825
-0.05429869769517204,-0.023381945257149872,-0.0014004828826662747,-0.05289821481250576,-0.052781830452138086
0.02392353721925211,0.006462752419523099,0.0005356453473043942,0.023387891871947716,0.023504276232315394
-0.004672892510771409,0.012943228020842135,0.0009560560980273564,-0.005628948608798766,-0.00551256424843109
-0.03286392859173648,-0.016647680109796337,-0.0009636079308355592,-0.03190032066090092,-0.03178393630053324
-0.024271822186955783,0.013120586781854904,0.000967561971122457,-0.025239384158078238,-0.025122999797710564
-0.019900478628265272,-0.02383846584506677,-0.0014300989440318272,-0.018470379684233446,-0.01835399532386577
-0.11675127702193178,-0.006586554728659322,-0.00031090810835019615,-0.11644036891358157,-0.11632398455321391
-0.06896551960383057,-0.032353496411350324,-0.001982498275968453,-0.06698302132786212,-0.06686663696749444
-0.09876541120398052,-0.015308264998017185,-0.0008767154637829653,-0.09788869574019755,-0.09777231137982989
0.08219178194041343,0.04397412445198401,0.0029691371227545415,0.0792226448176589,0.07933902917802657
0.0949366911923426,-0.003397292018489928,-0.00010400966250740069,0.09504070085485,0.09515708521521768
-0.005780341244511877,0.013739523915341278,0.001007714552653103,-0.00678805579716498,-0.0066716714367973055
-0.011627895694091173,-0.012145144968583543,-0.0006715129835930289,-0.010956382710498144,-0.010839998350130468
-0.05294119462009894,-0.018800014512092122,-0.0011032372694124769,-0.05183795735068646,-0.05172157299031879
0.0,0.0011093685155389998,0.0001883529131620472,-0.0001883529131620472,-7.196855279437207e-05
0.024844696582373427,-0.014195906037184347,-0.0008045529105126525,0.025649249492886078,0.025765633853253755
0.0,-0.005130263873571406,-0.00021643350967508039,0.00021643350967508039,0.0003328178700427555
-0.04848480294668034,-0.03897590341661106,-0.002412116605232433,-0.046072686341447906,-0.04595630198108023
-0.031847178251670494,0.015024380686144978,0.001091067632398534,-0.03293824588406903,-0.032821861523701354
0.026315764707210976,-0.012908014000787449,-0.0007210029226442406,0.027036767629855216,0.02715315199022289
-0.025641002128344415,0.00035393738571354305,0.00013934549643097066,-0.025780347624775386,-0.02566396326440771
-0.0065789411768027994,-0.0056609945338124135,-0.00025086383377941014,-0.006328077343023389,-0.006211692982655714
-0.033112551411966784,0.032876173067238,0.0022491748298329615,-0.03536172624179974,-0.03524534188143207
0.020547925072554207,-0.01237468831159061,-0.0006864042500823923,0.0212343293226366,0.021350713683004275
0.046979820667626404,-0.01716532127985071,-0.0009971890946722656,0.04797700976229867,0.04809339412266635
-0.03205125266043052,0.025842707133391096,0.001792889693471812,-0.03384414235390233,-0.033727757993534654
0.05298016120569704,0.004051376711240895,0.00037921110788102623,0.05260095009781601,0.05271733445818369
0.04402511432283096,-0.034411425771964765,-0.0021160032346561526,0.046141117557487114,0.046257501917854785
-0.030120453808230585,-0.01353207320412908,-0.0007614877904707669,-0.029358966017759818,-0.029242581657392144
-0.01863352243678007,0.010976067492112662,0.0008284396257876636,-0.019461962062567735,-0.019345577702200058
-0.006329107716228521,-0.005941674758709992,-0.00026907252575230527,-0.0060600351904762165,-0.005943650830108541
0.019108261393313564,0.029506792849203878,0.002030591541494293,0.01707766985181927,0.017194054212186945
-0.006249993946403354,0.004379678623643857,0.0004005091825823677,-0.006650503128985722,-0.006534118768618046
-0.006289302046118661,-0.0018046635646612463,-6.90374682200815e-07,-0.006288611671436461,-0.006172227311068785
-0.01898739859760079,0.023494191121040897,0.0016405333788155109,-0.0206279319764163,-0.020511547616048627
0.03225811165403902,-0.0005559347650669899,8.031895925926956e-05,0.03217779269477975,0.03229417705514743
0.0,0.0012830081640498037,0.0001996175146321677,-0.0001996175146321677,-8.323315426449255e-05
-0.06875000791624175,0.0013171307943036226,0.00020183116706822197,-0.06895183908330997,-0.0688354547229423
-0.020134208857554015,-0.003856841152281021,-0.00013382219606464094,-0.020000386661489372,-0.0198840023011217
-0.006849308357518291,-0.016070691127224812,-0.0009261766701928373,-0.005923131687325453,-0.005806747326957779
0.006896544920278691,-0.0029854738442266493,-7.729360053069247e-05,0.006973838520809384,0.007090222881177059
0.006849308357518069,-0.01680350261882635,-0.000973716673161124,0.007823025030679193,0.007939409391046868
0.0,0.002859362131449217,0.0003018810205243306,-0.0003018810205243306,-0.00018549666015665547
-0.020408143405366563,-0.00203393834902843,-1.5564218848519997e-05,-0.020392579186518045,-0.020276194826150368
-0.006944520329984494,-0.03101701864061035,-0.0018957963643360751,-0.005048723965648419,-0.004932339605280743
-0.020979001741372683,-0.0101129704925228,-0.0005396788328855028,-0.02043932290848718,-0.020322938548119503
-0.02142855135761923,-0.0032404516759250157,-9.383488981819551e-05,-0.021334716467801034,-0.02121833210743336
-0.0437956655328442,-0.004662369010297374,-0.00018607955992972289,-0.04360958597291447,-0.0434932016125468
-0.022900742519207262,0.00535903441522545,0.00046404336261691553,-0.02336478588182418,-0.0232484015214565
-0.08593751309672404,0.03133081639370272,0.0021489222250513818,-0.08808643532177542,-0.08797005096140774
0.05982910685442233,0.00941267817151159,0.0007270171811429559,0.05910208967327937,0.05921847403364705
0.0,0.007203887818266752,0.0005837253507704611,-0.0005837253507704611,-0.0004673409904027859
-0.008064508376086854,0.0007329020475055348,0.00016393023800904505,-0.008228438614095899,-0.008112054253728225
0.024390220263873053,0.015378879091830777,0.0011140651637578257,0.02327615510011523,0.023392539460482902
-0.05555550299414003,-0.0001551316306374062,0.00010632043770066061,-0.05566182343184069,-0.05554543907147301
0.05882347048478298,0.0011961033180916125,0.000193979698246699,0.05862949078653628,0.05874587514690396
-0.039682502138671305,-0.028819473359129044,-0.0017532340404616958,-0.03792926809820961,-0.03781288373784193
0.022314007898945,0.005981890060832162,0.0005044501515118935,0.021809557747433105,0.02192594210780078
-0.0016167940738045505,0.011416551196032687,0.0008570153193075276,-0.002473809393112078,-0.002357425032744403
-0.06882594102219408,-0.012819816608358736,-0.0007152812543217466,-0.06811065976787234,-0.06799427540750466
0.01739128812274293,0.022513373250030444,0.0015769043486575896,0.015814383774085342,0.015930768134453016
-0.025641002128344415,0.008220020548377116,0.0006496453773519855,-0.026290647505696402,-0.026174263145328724
0.03508768627628123,0.011200166146517754,0.0008429776765929585,0.03424470859968827,0.03436109296005594
-0.050847411395418596,-0.0010493573466290318,4.8308938591043034e-05,-0.05089572033400964,-0.05077933597364196
-0.026785688626827175,-0.006921964711350426,-0.00033266730802906567,-0.02645302131879811,-0.026336636958430436
-0.009174302896359121,-0.004158621107493432,-0.00015339970014446007,-0.009020903196214661,-0.008904518835846986
-0.046296360684027316,6.349921218862242e-05,0.00012050377275480021,-0.046416864456782114,-0.046300480096414444
-0.131067955546739,0.022022522061804883,0.0015450611431229275,-0.13261301668986192,-0.13249663232949424
0.02793300144756028,-0.004796355216742376,-0.00019477170617074877,0.02812777315373103,0.028244157514098703
-0.004347834819205754,0.006051112519185553,0.0005089408505706654,-0.004856775669776419,-0.0047403913094087435
-0.02729261520582149,-0.001268524584838171,3.4090805722735e-05,-0.027326706011544227,-0.02721032165117655
0.12233448990430418,-0.003704038628435491,-0.00012390937056936595,0.12245839927487355,0.12257478363524121
-0.050000011920928955,0.005483064382283187,0.0004720896133507775,-0.05047210153427973,-0.05035571717391206
0.0,-0.0059674054882985494,-0.000270741766716776,0.000270741766716776,0.00038712612708445115
0.11578942745346055,-0.028178764954173263,-0.0017116690816387436,0.1175010965350993,0.11761748089546696
0.15094348534692825,-0.0053787488495717906,-0.00023255358507239167,0.15117603893200066,0.1512924232923683
0.1967213146790996,-0.004023574358396065,-0.0001446387528523873,0.19686595343195198,0.19698233779231966
0.06849308357518114,0.00012045854325926086,0.00012419892055092968,0.0683688846546302,0.06848526901499788
0.025641078544558438,0.012192216013040102,0.0009073353649475579,0.02473374317961088,0.024850127539978555
0.20624994924292062,0.0014827787168125717,0.0002125773177741226,0.20603737192514648,0.20615375628551416
0.06476690290489562,-0.016935392189468268,-0.0009822728034233556,0.06574917570831898,0.06586556006868664
-0.02189784663362837,-0.0036630286052607985,-0.0001212489092559202,-0.02177659772437245,-0.021660213364004775
-0.1243781100428667,-0.004040306703826824,-0.0001457242376742836,-0.12423238580519241,-0.12411600144482474
-0.11363639134513459,-0.014512432962598854,-0.0008250871012918692,-0.11281130424384272,-0.11269491988347505
0.0897436602816335,0.0032893427453595248,0.000329775342455511,0.08941388493917798,0.08953026929954566
0.08235293045175962,-0.007684786454732473,-0.0003821541792916888,0.08273508463105131,0.08285146899141899
-0.00543477732709341,0.01658676839931239,0.0011924250993226204,-0.00662720242641603,-0.006510818066048355
-0.06557377155969957,-0.01471920868888299,-0.0008385013541440372,-0.06473527020555553,-0.06461888584518785
0.04678358007099548,0.000390794428747121,0.00014173653963280312,0.04664184353136268,0.04675822789173035
-0.02234634788015233,0.029504621333996228,0.0020304506678308744,-0.024376798547983202,-0.024260414187615528
-0.005714280264718208,0.009080835857702363,0.0007054894284203338,-0.006419769693138542,-0.006303385332770866
0.011494241848790887,0.013219002387319545,0.0009739465300841208,0.010520295318706767,0.010636679679074442
0.03409094449656069,-0.011471189788493708,-0.0006277911920693441,0.034718735688630036,0.03483512004899771
-0.010989065691979993,0.006438699367075529,0.000534084943028726,-0.011523150635008719,-0.011406766274641045
-0.016666651213610217,0.0048322900955937165,0.0004298716461443839,-0.0170965228597546,-0.016980138499386926
-0.03389827312208982,0.004863332840635781,0.00043188549582927116,-0.03433015861791909,-0.03421377425755141
-0.052631597292903565,0.011130616053760978,0.000838465722763092,-0.053470063015666654,-0.05335367865529898
0.04938274239498086,-0.0007131195389205036,7.012184212723e-05,0.04931262055285363,0.0494290049132213
-0.02352945878843815,0.00354113887216001,0.0003461102235984598,-0.02387556901203661,-0.023759184651668937
-0.0361445445698767,-0.00036434366656679096,9.274813305878377e-05,-0.036237292702935485,-0.03612090834256781
-0.13125002188608015,0.0008268557718451586,0.000170025339389382,-0.13142004722546954,-0.13130366286510187
0.0647482261185841,0.015209797205957498,0.0011030962400326641,0.06364512987855145,0.06376151423891911
-0.0135135004518675,-0.002564020390809607,-4.995246484154957e-05,-0.01346354798702595,-0.013347163626658274
-0.01369861671503636,-0.004825492514895946,-0.00019666194295958687,-0.013501954772076774,-0.013385570411709099
-0.02777783296726144,-0.008331340584428193,-0.00042409837039289184,-0.02735373459686855,-0.02723735023650087
-0.02142855135761923,0.021194392772258208,0.001491337546625916,-0.022919888904245147,-0.02280350454387747
0.029197052345843133,-0.005667432349210744,-0.0002512814770159771,0.02944833382285911,0.029564718183226785
0.014184383971608927,0.004850385958537151,0.0004310455870390122,0.013753338384569914,0.01386972274493759
-0.02797200232183028,-0.0025877588476783675,-5.149246021953834e-05,-0.02792050986161074,-0.027804125501243067
-0.007194237817389371,-0.003083722237648967,-8.366731187181603e-05,-0.007110570505517555,-0.006994186145149879
0.028985479703797834,0.004416438203773465,0.0004028939030302626,0.02858258580076757,0.028698970161135248
0.014084577986089863,-0.008034932488803492,-0.0004048693573283908,0.014489447343418255,0.014605831703785929
0.04166662527455389,0.02086134059079603,0.0014697313056256513,0.04019689396892824,0.04031327832929592
0.006666660308837891,-0.0006720045633211713,7.278911206558966e-05,0.006593871196772301,0.006710255557139976
-0.006622510282393357,-0.0016465185803191673,9.569034608190164e-06,-0.006632079317001547,-0.006515694956633872
0.019999980926513672,0.00612227817348443,0.0005135576114367031,0.019486423315076967,0.019602807675444645
-0.03921564960882995,0.00014583690635494584,0.000125845302288561,-0.03934149491111851,-0.039225110550750834
-0.027210938968575293,0.003818756605307172,0.0003641202411938735,-0.027575059209769166,-0.027458674849401492
0.0,0.007121020299379444,0.0005783494496839928,-0.0005783494496839928,-0.0004619650893163176
-0.03496500290228777,-0.0036413861990395313,-0.00011984489189566931,-0.0348451580103921,-0.03472877365002442
-0.04347821955569664,0.002027485447987365,0.0002479143176897514,-0.04372613387338639,-0.043609749513018714
0.022727250149756628,0.007243744595420987,0.0005863109970463917,0.022140939152710235,0.022257323513077912
-0.029629689152511185,-0.015877250249970554,-0.0009136274948807017,-0.028716061657630482,-0.02859967729726281
0.007633671839197387,0.01052407519882892,0.0007991173304762308,0.006834554508721156,0.006950938869088831
0.00757575004991895,0.0017739084702186325,0.00023146390661681813,0.007344286143302132,0.007460670503669807
0.015037579158775127,0.0023892585241640507,0.00027138378195497276,0.014766195376820154,0.01488257973718783
0.11851849170051687,0.002146971596890701,0.00025566579530525587,0.11826282590521162,0.1183792102655793
0.006622510282393357,1.688528477283846e-05,0.00011747976689093635,0.0065050305155024205,0.006621414875870096
0.013157882353605377,-0.002690583513671685,-5.816305010869549e-05,0.013216045403714072,0.013332429764081747
0.0064935004616653025,0.0011248494058304637,0.0001893572117829647,0.006304143249882338,0.0064205276102500125
-0.038709641693780994,-0.0004392872986367369,8.788628177521155e-05,-0.038797527975556204,-0.03868114361518853
0.026845611810072167,0.0009465333975153811,0.00017778923876160077,0.026667822571310566,0.026784206931678243
-0.07843137713222958,0.007759284493458862,0.0006197558441371866,-0.07905113297636678,-0.0789347486159991
-0.014184383971608927,0.003678053944041082,0.00035499237541816475,-0.014539376347027093,-0.014422991986659417
-0.021582713452168112,0.01928286287479275,0.0013673300248540155,-0.022950043477022126,-0.022833659116654453
-0.05147062626161358,0.00392275298702649,0.0003708668443138962,-0.05184149310592748,-0.05172510874555981
0.05426360815665121,-0.0021209574072836856,-2.120944457868877e-05,0.0542848176012299,0.054401201961597576
0.022058802260453536,-0.008052299681943542,-0.00040599602690561635,0.02246479828735915,0.02258118264772683
-0.03597118908694685,0.004376080778473401,0.0004002757779864475,-0.0363714648649333,-0.03625508050456563
0.07462688160516184,-0.004242126544221403,-0.00015881698515624368,0.07478569859031808,0.07490208295068576
0.04166662527455389,-0.011808492232419865,-0.000649673162220242,0.04231629843677413,0.04243268279714181
-0.08666666348775232,-0.0012174356326716262,3.740512184015312e-05,-0.08670406860959247,-0.08658768424922479
-0.007299263086460783,-0.016205413633636034,-0.0009349165827461834,-0.0063643465037145994,-0.006247962143346925
0.007352934086817919,0.00021216287934855416,0.00013014809637561814,0.007222785990442301,0.0073391703508099764
0.0,0.015357313493959523,0.0011126661292195277,-0.0011126661292195277,-0.0009962817688518525
-0.010948894629691175,0.002540373205550228,0.0002811871113022653,-0.01123008174099344,-0.011113697380625766
0.10405906305546697,-0.0015753666901773267,1.4184902546000229e-05,0.10404487815292097,0.10416126251328865
-0.07754014189411129,-0.014284032792181156,-0.0008102699963418848,-0.0767298718977694,-0.07661348753740173
0.028985479703797834,0.014922967493543604,0.0010844886096450068,0.027900991094152828,0.0280173754545205
-0.06338022316147573,-0.007468562068020934,-0.0003681269593259956,-0.06301209620214974,-0.06289571184178207
-0.02255645836920439,-0.001378858764733426,2.6933047827508102e-05,-0.0225833914170319,-0.022467007056664223
-0.030769202554013275,-0.006070216944686235,-0.00027741149965336337,-0.030491791054359913,-0.030375406693992236
0.007936500427734305,0.02161695515261708,0.0015187506222214472,0.006417749805512858,0.006534134165880534
-0.07480317325746988,0.012818562518186694,0.0009479686179124769,-0.07575114187538236,-0.07563475751501468
-0.0042553152634362545,0.0026032365675492386,0.0002852652738997133,-0.004540580537335968,-0.0044241961769682925
-0.09401710969221488,-0.001298238661417761,3.216315133278213e-05,-0.09404927284354767,-0.09393288848317999
0.0660377888969812,0.0005150801927265025,0.00014979938479313574,0.06588798951218806,0.06600437387255574
0.0,0.003701760406026544,0.0003565302951779838,-0.0003565302951779838,-0.00024014593481030866
-0.0442477455993574,0.0038427480627742927,0.00036567664959121974,-0.04461342224894862,-0.04449703788858095
-0.01851861050099135,0.006001641860553519,0.0005057315187231666,-0.019024342019714518,-0.01890795765934684
0.08490569644994705,4.832031784740565e-05,0.00011951906565030365,0.08478617738429675,0.08490256174466443
-0.008695644061371466,0.00091095635360805,0.0001754812335073968,-0.008871125294878863,-0.008754740934511188
-0.017543843138140613,-0.005122452280258649,-0.0002159267447382153,-0.0173279163934024,-0.017211532033034722
-0.05357148369051945,0.006185094896691501,0.00051763274841524,-0.05408911643893469,-0.053972732078567016
-0.047169768882415086,0.0008368043854836138,0.00017067074018798145,-0.047340439622603064,-0.047224055262235394
0.04950490375089078,0.0025483530061645165,0.00028170478842556005,0.04922319896246522,0.0493395833228329
0.014151043126324536,0.006030102155631267,0.0005075778359929974,0.013643465290331539,0.013759849650699214
-0.013953585338433494,0.0033795554893063517,0.000335627753565545,-0.014289213091999039,-0.014172828731631363
-0.028301861329449007,-0.0016443283858672553,9.711120058457143e-06,-0.028311572449507466,-0.02819518808913979
0.0679612178606539,0.0006126972471360848,0.0001561321390001485,0.06780508572165375,0.06792147008202143
-0.03636370926848953,0.0007713239125555216,0.000166422796599429,-0.03653013206508896,-0.036413747704721285
0.05660383512049805,0.0010091453555356455,0.0001818510919178994,0.05642198402858015,0.056538368388947824
-0.04464281437804518,-0.0015082191889665975,1.8540991995272732e-05,-0.044661355370040456,-0.04454497100967278
0.01869157004308586,-0.0001907894500615681,0.00010400719226074191,0.018587562850825117,0.01870394721119279
-0.03669732095175382,0.011314828013585299,0.000850416186446055,-0.03754773713819987,-0.0374313527778322
0.00952380087370197,-0.0013130618315739806,3.1201521280166535e-05,0.009492599352421804,0.00960898371278948
0.009434066238082961,0.0050071702616640845,0.00044121672425705133,0.00899284951382591,0.009109233874193585
-0.009345896432088385,-0.002122957701494954,-2.1339210546923436e-05,-0.009324557221541461,-0.009208172861173787
0.0,-0.001844782063018524,-3.2929997131210916e-06,3.2929997131210916e-06,0.00011967736008079623
-0.028301861329449007,-0.001376327172630698,2.7097280918088e-05,-0.028328958610367095,-0.02821257424999942
-0.009708728874782357,0.0037251273626697223,0.00035804619005805555,-0.010066775064840413,-0.009950390704472737
0.019607824804414697,0.00900758006769764,0.0007007370732591755,0.01890708773115552,0.0190234720915232
-0.02884612739438719,-0.001710746243041017,5.402365128472027e-06,-0.02885152975951566,-0.028735145399147986
0.02970294225053438,0.007384542591010179,0.000595445047487673,0.029107497203046707,0.029223881563414385
0.0,0.00137641065101346,0.00020567685534719023,-0.00020567685534719023,-8.929249497951507e-05
0.0,-0.010115654884377157,-0.0005398529786217348,0.0005398529786217348,0.00065623733898941
0.009615375798129433,-0.0012949592195925508,3.237590000811212e-05,0.00958299989812132,0.009699384258488996
0.04761911790117157,0.0024135455272700224,0.00027295936341484496,0.04734615853775673,0.0474625428981244
0.0,0.00583628034196626,0.0004950039480251442,-0.0004950039480251442,-0.00037861958765746903
-0.018181800448205276,0.0002634624737614111,0.00013347607758034684,-0.018315276525785622,-0.018198892165417948
-0.06666668874246018,0.00422090718967616,0.00039020913334923197,-0.06705689787580942,-0.06694051351544174
0.09126984737071964,0.0022443057531671418,0.0002619801969369564,0.09100786717378267,0.09112425153415035
-0.03636370926848953,-0.017852526697772375,-0.0010417704747164292,-0.0353219387937731,-0.03520555443340542
-0.008490513414194711,0.007662558220206783,0.000613480877968922,-0.009103994292163634,-0.008987609931795959
0.04662228814461922,0.01669359840810869,0.0011993555295812656,0.04542293261503795,0.04553931697540563
0.0,-0.00272251746839014,-6.023471563182564e-05,6.023471563182564e-05,0.00017661907599950078
-0.018181800448205276,0.0023541990752451447,0.0002691093548686443,-0.01845090980307392,-0.018334525442706244
0.0,0.002884262567260709,0.0003034963974745513,-0.0003034963974745513,-0.00018711203710687616
-0.01851861050099135,0.006240171597036381,0.0005212057634783045,-0.019039816264469656,-0.01892343190410198
-0.047169768882415086,0.004184752099316791,0.0003878636282327024,-0.04755763251064779,-0.04744124815028011
0.03960392300071258,-0.0027857656113878804,-6.433784029664207e-05,0.039668260841009224,0.0397846452013769
-0.04761900436850974,0.0007494929370688297,0.00016500654610208793,-0.04778401091461183,-0.047667626554244155
0.019999980926513672,0.005507371620330659,0.00047366650752093053,0.019526314418992743,0.019642698779360417
0.03921564960882984,0.002384924061824778,0.00027110259046870855,0.03894454701836113,0.039060931378728805
-0.02452821234189584,-0.003234911055292722,-9.347545069323072e-05,-0.024434736891202607,-0.024318352530834933
0.015473803298454047,0.006257435156610036,0.0005223257099894886,0.01495147758846456,0.015067861948832233
-0.001904737468207962,0.003075691142146564,0.0003159150278079806,-0.0022206524960159428,-0.0021042681356482676
0.0019083724166533145,0.0019247226272978146,0.00024124773991825122,0.0016671246767350632,0.0017835090371027384
-0.009523800873702193,-0.02052856505826517,-0.0012153742910581235,-0.008308426582644069,-0.008192042222276394
0.0,-0.006111960522950599,-0.0002801195492095428,0.0002801195492095428,0.00039650390957721794
-0.02884612739438719,-0.000994377240208233,5.1875687273885345e-05,-0.028898003081661076,-0.0287816187212934
0.0,0.01055051646463201,0.0008008326663698002,-0.0008008326663698002,-0.000684448306002125
0.03960392300071258,0.005561085699577806,0.00047715112466478483,0.039126771876047794,0.03924315623641547
-0.021904764716046854,-0.015739677754675885,-0.0009047026937420489,-0.021000062022304804,-0.02088367766193713
-0.016553028983993245,0.0016152009236127807,0.00022116800197667338,-0.01677419698596992,-0.016657812625602245
-0.009900980750178201,0.017219001487115193,0.0012334402351594055,-0.011134420985337606,-0.011018036624969932
-0.027000010013580433,-0.0073780374502926405,-0.00036225431589064107,-0.026637755697689794,-0.026521371337322117
0.048304204957648755,-0.008341232507744434,-0.0004247400934952253,0.04872894505114398,0.04884532941151166
0.0,0.008922733898683255,0.0006952328103306885,-0.0006952328103306885,-0.0005788484499630133
-0.00980391240220746,-0.0013617034323515353,2.8045973268366894e-05,-0.009831958375475826,-0.009715574015108152
-0.05940594351556927,-0.018870951812180237,-0.0011078392161551257,-0.05829810429941414,-0.05818171993904647
0.042105286273269815,0.007080513662183874,0.0005757216447510976,0.041529564628518714,0.04164594898888639
0.020202000741265103,-0.006049325659529536,-0.0002760562101010799,0.02047805695136618,0.02059444131173386
0.0,-0.01120034817237281,-0.0006102207645011528,0.0006102207645011528,0.0007266051248688279
0.0,-0.019494949042855536,-0.001148320063601547,0.001148320063601547,0.001264704423969222
-0.008910835463560085,0.013398228752857344,0.000985573561110942,-0.009896409024671027,-0.009780024664303352
-0.0009990476357202294,0.004310201897316901,0.00039600198828524785,-0.0013950496240054773,-0.0012786652636378021
-0.0009999871253968395,0.014985846366661448,0.0010885677785021051,-0.0020885549038989447,-0.0019721705435312696
0.0,-0.003550567117658776,-0.00011395314558996888,0.00011395314558996888,0.00023033750595764403
-0.017017036367603433,0.00291397966743423,0.00030542424801544623,-0.01732246061561888,-0.017206076255251203
-0.03258656360768586,0.009340748456551973,0.0007223508530328237,-0.03330891446071868,-0.03319253010035101
-0.04947367529459601,0.003161136890789118,0.0003214581875300217,-0.04979513348212603,-0.049678749121758355
0.017718751357276297,-0.002747836267090409,-6.187723322217304e-05,0.01778062859049847,0.017897012950866147
-0.009793256853463883,0.007060045042073693,0.0005743937749347167,-0.0103676506283986,-0.010251266268030924
-0.05714290579970849,0.006684706201916635,0.0005500442528820766,-0.057692950052590564,-0.057576565692222886
-0.06759903245959265,-0.0018295015230987977,-2.3016985101975224e-06,-0.06759673076108244,-0.06748034640071478
-0.017499997951090362,0.004962987972138233,0.000438350467110054,-0.017938348418200415,-0.01782196405783274
-0.019083950941586547,0.0003452097520288966,0.00013877930480320644,-0.019222730246389753,-0.01910634588602208
-0.01426723320196599,-0.0001800552456384663,0.0001047035570366561,-0.014371936759002646,-0.01425555239863497
-0.0026315450998550816,0.002183677516658822,0.00025804703462086284,-0.0028895921344759446,-0.0027732077741082694
0.18733503549936192,-0.0015200063176690204,1.7776320398384812e-05,0.18731725917896355,0.1874336435393312
-0.16666664459087177,-0.00400444374710851,-0.0001433976842722428,-0.16652324690659953,-0.16640686254623185
-0.013333320617675781,-0.0027933795260068894,-6.48317811364574e-05,-0.013268488836539324,-0.013152104476171649
0.0,-0.007776699229565143,-0.0003881168772548704,0.0003881168772548704,0.0005045012376225455
0.0,0.00019023558280406583,0.0001287255971998297,-0.0001287255971998297,-1.2341236832154576e-05
0.01351350045186761,8.367659155239515e-05,0.00012181274878184044,0.01339168770308577,0.013508072063453445
-0.05333336194356286,0.003925413156908419,0.0003710394186874322,-0.0537044013622503,-0.05358801700188262
-0.03239436986261468,-0.011017851653977395,-0.0005983815874062916,-0.03179598827520839,-0.03167960391484071
-0.002911170769742344,0.00573117089721964,0.0004881851366766366,-0.0033993559064189804,-0.0032829715460513053
0.0,0.013514947433656221,0.000993145503548016,-0.000993145503548016,-0.0008767611431803407
-0.030656974574398865,0.0052767819301140495,0.0004587073608877408,-0.031115681935286608,-0.03099929757491893
-0.006024019056970142,-0.0015926699031209024,1.306238358426734e-05,-0.0060370814405544095,-0.005920697080186735
0.34848477322646154,0.008979584523029382,0.0006989209059475534,0.347785852320514,0.34790223668088166
0.11235957915637584,0.006249847099511818,0.0005218334466160193,0.11183774570975982,0.1119541300701275
0.10101012411974786,0.0035554240499382495,0.0003470369522343547,0.1006630871675135,0.10077947152788118
-0.018348605792718242,0.002300662213150728,0.00026563623441126864,-0.01861424202712951,-0.018497857666761836
-0.08878506911520301,-0.00175271131343413,2.6799466157752873e-06,-0.08878774906181879,-0.08867136470145111
-0.05641026236680213,-0.0033793036283190636,-0.00010284269374132874,-0.056307419673060806,-0.05619103531269313
0.03260866396255957,-0.006855308680100647,-0.0003283431019272436,0.032937007064486816,0.033053391424854486
-0.01052630588288439,-0.009069835815006422,-0.00047200709706559567,-0.010054298785818795,-0.00993791442545112
-0.0840425493464636,0.0038199203649145197,0.0003641957382839461,-0.08440674508474755,-0.08429036072437987
-0.03600466674600111,0.004544163641626575,0.00041117989167024997,-0.03641584663767136,-0.036299462277303685
0.024096434859411042,0.008074036650198346,0.0006401748995657086,0.023456259959845335,0.02357264432021301
0.016470586090352013,-0.011111495877577093,-0.0006044566104086782,0.01707504270076069,0.017191427061128365
0.006944423844202907,0.004895437361786659,0.00043396822658376923,0.006510455617619138,0.006626839977986813
-0.03448279405745802,-0.00806733006032423,-0.0004069710992687294,-0.03407582295818929,-0.03395943859782162
0.0,-0.006204391417766519,-0.00028611585939882075,0.00028611585939882075,0.0004025002197664959
-0.011904750923180218,-0.0003685605881837972,9.247456684361515e-05,-0.011997225490023834,-0.011880841129656159
-0.001204803789763953,0.00880379946585852,0.0006875171244355854,-0.0018923209141995384,-0.0017759365538318633
-0.05669480235991253,0.0021779408643529674,0.00025767487824671494,-0.05695247723815925,-0.05683609287779157
-0.021739155289382417,-0.007688267521873571,-0.0003823800080950266,-0.02135677528128739,-0.021240390920919717
0.03137253526997785,-0.01192558460112425,-0.0006572693470775574,0.03202980461705541,0.032146188977423086
-0.0012674108459153066,-0.0008273801774386635,6.270936135070686e-05,-0.0013301202072660136,-0.0012137358468983384
0.0025381140696765225,0.0031831687125787322,0.0003228874676181191,0.0022152266020584034,0.0023316109624260785
0.17341767214292503,0.0039531157988739185,0.00037283658439288665,0.17304483555853215,0.17316121991889982
0.14347352598900787,0.004080919686204165,0.00038112766232039025,0.14309239832668746,0.14320878268705514
-0.15094337288532833,0.010592724697279676,0.0008035708596546392,-0.15174694374498296,-0.15163055938461528
-0.07777777189089907,-0.02278464425831217,-0.0013617339116373855,-0.07641603797926169,-0.07629965361889401
0.0,-0.0012248353901096465,3.692507411355529e-05,-3.692507411355529e-05,7.945928625411985e-05
-0.05903610382669722,-0.009733809463420173,-0.0005150813522843135,-0.058521022474412904,-0.058404638114045226
0.3892445748708353,-0.010760206333523925,-0.0005816672489447666,0.38982624211978006,0.38994262648014777
0.050691194114466986,-0.0009564073932939454,5.433892189247144e-05,0.05063685519257451,0.05075323955294219
-0.2719298300650642,-0.004186874918536865,-0.00015523262208450044,-0.2717745974429797,-0.27165821308261207
0.02048195167729272,0.007377489898070522,0.0005949875150292873,0.019886964162263432,0.02000334852263111
-0.04368358955355067,-0.013979844477308045,-0.0007905362536840269,-0.042893053299866646,-0.04277666893949897
-0.1469136015959328,0.0006687560771996282,0.00015976886819744202,-0.14707337046413024,-0.14695698610376257
0.11577430489424012,0.012611779574887017,0.0009345538968676779,0.11483975099737244,0.11495613535774012
-0.05317770053483373,-0.01743184580508239,-0.0010144794576999307,-0.052163221077133795,-0.052046836716766125
0.006849308357518069,0.0017543350239683786,0.0002301941098089064,0.006619114247709163,0.0067354986080768375
0.0,0.003045016966140013,0.00031392508846462473,-0.00031392508846462473,-0.0001975407280969496
-0.05714285019187826,0.005395190996116739,0.0004663889644293795,-0.05760923915630764,-0.05749285479593996
-0.07792210473026062,0.013423475684721353,0.0009872114164523368,-0.07890931614671295,-0.07879293178634528
0.009389643772233391,-0.006468448774604507,-0.0003032461687235845,0.009692889940956975,0.00980927430132465
-0.062015446567252885,-0.002827986549257977,-6.707685781297716e-05,-0.061948369709439906,-0.061831985349072235
-0.00826445466776271,-0.011725787945559007,-0.0006443078505569895,-0.007620146817205721,-0.007503762456838046
0.059999920527143535,0.009184457300265958,0.0007122117079472085,0.05928770881919633,0.059404093179564
0.02987420514251271,0.012944354874931063,0.0009561292009294621,0.02891807594158325,0.029034460301950924
-0.0015266979680548243,0.008282747245164312,0.000653714674006896,-0.0021804126420617203,-0.002064028281694045
-0.021406726156478206,0.01011922818616795,0.000772853511739516,-0.022179579668217722,-0.022063195307850048
-0.015624985448084439,0.014409702179091433,0.0010511913226179596,-0.0166761767707024,-0.01655979241033472
-0.039682502138671416,-0.0013361790618444669,2.9701827009166965e-05,-0.039712203965680586,-0.03959581960531291
0.041322273338813664,0.0010015590452223666,0.00018135894186437957,0.04114091439694929,0.04125729875731696
0.06349209803242228,0.010453846497412655,0.0007945613529676201,0.06269753667945466,0.06281392103982233
0.0,-0.006961116506509657,-0.00033520721969722994,0.00033520721969722994,0.00045159158006490507
-0.07313436354473257,-0.01809053260189253,-0.00105721073666376,-0.07207715280806881,-0.07196076844770113
0.32045089138699434,-0.004433512667192274,-0.00017123286148787654,0.32062212424848224,0.3207385086088499
0.14634147050620405,0.003105840267646931,0.00031787090531837045,0.14602359960088568,0.14613998396125336
0.11702122870156417,-0.0067161276923011215,-0.00031931395234518947,0.11734054265390936,0.11745692701427704
0.2857143668090443,0.005554424471774233,0.0004767189878967571,0.2852376478211475,0.28535403218151517
-0.3185185181914698,-0.008129889770918997,-0.00041102956295475956,-0.31810748862851507,-0.31799110426814736
0.05326083076304511,0.01630870818887753,0.0011743863767030474,0.05208644438634206,0.052202828746709735
-0.05056756048210753,-0.0006708332980633891,7.286509607303191e-05,-0.05064042557818056,-0.05052404121781289
-0.001086942507887323,0.013546192203295337,0.000995172459263654,-0.002082114967150977,-0.0019657306067833017
0.06637648264116947,0.0009078513609139804,0.00017527980194746045,0.066201202839222,0.06631758719958968
0.0,-0.0056430132712504966,-0.00024969732740585574,0.00024969732740585574,0.00036608168777353087
0.04693877848919481,-0.004104971538103408,-0.00014991926797700727,0.04708869775717182,0.047205082117539494
-0.11988306335799315,-0.020308668519432915,-0.0012011088459489663,-0.11868195451204418,-0.1185655701516765
0.14064227536342666,-0.0032339665839667964,-9.341417958851616e-05,0.14073568954301519,0.14085207390338286
-0.06504851818219481,-0.006450532698506817,-0.0003020838912202626,-0.06474643429097456,-0.06463004993060688
0.048805805777119904,-0.004132299323336697,-0.00015169211543641047,0.048957497892556316,0.04907388225292399
-0.000990145286618338,-0.025556664705103427,-0.0015415644161790138,0.0005514191295606758,0.0006678034899283509
0.0009911266459952106,0.005015682586245518,0.0004417689480424398,0.0005493576979527708,0.0006657420583204459
-0.009900980750178201,-0.047820446201610634,-0.0029858925286054337,-0.006915088221572767,-0.006798703861205092
0.0,-0.0005749176607442452,7.908747349903521e-05,-7.908747349903521e-05,3.729688686863994e-05
-0.059000015258789174,-0.06663446415643826,-0.004206422609899845,-0.054793592648889326,-0.054677208288521656
-0.010626982598737178,0.0474068481332115,0.003191829719507101,-0.013818812318244278,-0.013702427957876604
0.041890477520918123,-0.04415240397919251,-0.0027479340083856447,0.04463841152930377,0.04475479588967144
0.03092780464424627,0.04629002144148742,0.0031193773291609975,0.027808427315085274,0.027924811675452948
0.0,0.00526166928318772,0.0004577269514809966,-0.0004577269514809966,-0.0003413425911133215
0.009999990463256836,0.021784622088531824,0.0015296277532741418,0.008470362709982695,0.00858674707035037
-0.009900980750178201,-0.00973854541245922,-0.0005153885895942551,-0.009385592160583945,-0.009269207800216272
0.09000003337860107,0.0009473866272851073,0.00017784459071261448,0.08982218878788846,0.08993857314825614
-0.0275230180553947,-0.0445937143129993,-0.002776563328230588,-0.02474645472716411,-0.024630070366796437
-0.00943395377648304,-0.015008981502439234,-0.0008572999136296234,-0.008576653862853416,-0.008460269502485742
-0.01904760174740394,0.00025804116011829414,0.00013312437831028965,-0.019180726125714233,-0.019064341765346556
0.009708728874782135,0.034284877594586316,0.0023405623396893054,0.00736816653509283,0.007484550895460506
0.009615375798129433,0.013119972745138542,0.0009675221364478469,0.008647853661681587,0.00876423802204926
-0.01904760174740394,-0.01556552007023193,-0.0008934044854984515,-0.01815419726190549,-0.018037812901537813
-0.048543644373911565,0.015121610152536658,0.0010973752424371858,-0.04964101961634875,-0.049524635255981074
0.020408143405366452,0.028280001568408375,0.0019510053698814187,0.018457138035485033,0.01857352239585271
0.0,0.002347024984931334,0.0002686439469448849,-0.0002686439469448849,-0.00015225958657720976
0.009999990463256836,0.004921982065451136,0.00043569027284732283,0.009564300190409512,0.009680684550777188
-0.009900980750178201,-0.01187143263889856,-0.0006537563229581871,-0.009247224427220015,-0.009130840066852339
-0.009999990463256836,-0.025281938303220453,-0.0015237419691913991,-0.008476248494065437,-0.008359864133697761
0.020202000741265103,-0.007436289416773878,-0.0003660333213936448,0.02056803406265875,0.020684418423026422
-0.023762365603327562,0.028646463529026667,0.0019747790182142026,-0.025737144621541766,-0.02562076026117409
0.07403652507339498,-0.010612179635699603,-0.0005720642477164775,0.07460858932111146,0.07472497368147912
-0.03682722735631394,-0.026705492278710663,-0.0016160928138437085,-0.035211134542470233,-0.035094750182102556
-0.034313693407726165,0.006965716710316983,0.0005682743714822585,-0.03488196777920842,-0.03476558341884075
-0.010152274434545472,0.00912006281484623,0.0007080342161050639,-0.010860308650650536,-0.01074392429028286
-0.01333334474482084,0.013479804803234297,0.00099086568019137,-0.014324210425012212,-0.014207826064644536
-0.018711025409298365,0.017187073659429952,0.0012313689671180025,-0.01994239437641637,-0.01982601001604869
-0.025423717041599514,0.0057066970727697175,0.00048659743547335466,-0.025910314477072868,-0.025793930116705194
-0.043478283404402074,-0.0098025870260805,-0.0005195431894286487,-0.04295874021497342,-0.04284235585460575
0.02272725117600638,-0.0016610054537223862,8.629221283094687e-06,0.022718621954723284,0.02283500631509096
-0.055555504045367354,-0.02939044252863232,-0.0017902747751172943,-0.05376522927025006,-0.053648844909882386
0.005882347166332069,-0.031883121516435575,-0.0019519834380370992,0.007834330604369168,0.007950714964736844
-0.029239807257405603,0.006082009597382809,0.0005109452503461095,-0.029750752507751714,-0.029634368147384037
0.012048181523292234,0.023336145831710953,0.0016302804370835946,0.01041790108620864,0.010534285446576315
0.07142857649699375,0.010688382331855317,0.0008097764995549178,0.07061879999743882,0.0707351843578065
-0.011111100809073515,-0.020691134941917988,-0.0012259207587922995,-0.009885180050281215,-0.00976879568991354
0.0,0.008114229792425487,0.0006427823670013067,-0.0006427823670013067,-0.0005263980066336315
0.0,-0.024974129488995245,-0.0015037733522829078,0.0015037733522829078,0.001620157712650583
0.03370790053551742,-0.0284510281118181,-0.0017293317294969305,0.03543723226501435,0.03555361662538203
0.11956516598370781,0.022488442948566112,0.0015752870342197055,0.1179898789494881,0.11810626330985578
0.029126186624347072,0.017865633700204997,0.0012753894917990577,0.027850797132548014,0.027967181492915688
-0.0188679075529663,0.018303664125949304,0.0013038060327222546,-0.020171713585688554,-0.02005532922532088
0.009615375798129433,-0.008163308930517088,-0.0004131975788288267,0.01002857337695826,0.010144957737325934
-0.03809520349480777,0.034124984892549115,0.002330189549938365,-0.040425393044746134,-0.040309008684378464
0.04950490375089078,0.0005440035535435594,0.000151675742730824,0.04935322800815996,0.049469612368527635
-0.03962258336890867,0.009794704112697561,0.0007518005184487781,-0.04037438388735745,-0.040257999526989774
-0.007858562043223771,-0.002973672247100878,-7.652799031739801e-05,-0.007782034052906373,-0.007665649692538698
0.04950490375089078,0.01738025794738407,0.001243901496599348,0.04826100225429143,0.04837738661465911
-0.047169768882415086,-0.019369883187983272,-0.0011402066112608028,-0.04602956227115428,-0.045913177910786605
-0.009900980750178201,0.020418716445174567,0.0014410167542876363,-0.011341997504465837,-0.011225613144098163
0.009999990463256836,-0.01264913736003248,-0.0007042087041979459,0.010704199167454782,0.010820583527822458
0.07920796403042596,0.0045541787147385104,0.0004118296039235724,0.07879613442650239,0.07891251878687006
0.05504581737815473,0.01880876515031682,0.00133657367415926,0.05370924370399547,0.05382562806436314
-0.012173860221818433,0.012872958939026846,0.0009514975009033172,-0.013125357722721751,-0.013008973362354076
0.0035210813121711038,-0.02004472508361621,-0.0011839859270728404,0.004705067239243944,0.004821451599611619
-0.017543843138140613,0.010536553156824224,0.0007999268185464009,-0.018343769956687014,-0.01822738559631934
-0.017857125751218117,0.034291437858544604,0.0023409879265852865,-0.020198113677803404,-0.02008172931743573
0.021818117189014608,0.0003892292585989665,0.00014163500165974743,0.02167648218735486,0.021792866547722535
0.010676231692384963,-0.02473750308360323,-0.0014884225831647453,0.012164654275549708,0.012281038635917384
0.0035210813121711038,-0.027942247001422227,-0.0016963253482165728,0.005217406660387677,0.0053337910207553515
-0.0008771294151749265,0.016104667765514558,0.0011611495723631933,-0.00203827898753812,-0.0019218946271704446
0.018437144314926046,0.01878180753005876,0.001334824840575489,0.017102319474350557,0.017218703834718234
0.0,-0.006280017279460592,-0.0002910219692655726,0.0002910219692655726,0.00040740632963324775
0.0,0.006295743615618132,0.0005248109115397197,-0.0005248109115397197,-0.00040842655117204456
-0.018103369872009334,0.011735638864999398,0.0008777156343321579,-0.01898108550634149,-0.018864701145973817
0.0017559035545613444,-0.036695142913972245,-0.0022641558236289193,0.004020059378190263,0.004136443738557939
0.07800173893020057,0.008624176874533207,0.0006758643888785673,0.077325874541322,0.07744225890168968
-0.03252029368516418,0.019480539941325148,0.0013801540163407952,-0.03390044770150498,-0.0337840633411373
-0.008403453102266312,-0.009550141648312915,-0.0005031661891414769,-0.007900286913124836,-0.00778390255275716
-0.026271101939404073,0.004817163683512371,0.00042889034374466974,-0.026699992283148743,-0.02658360792278107
-0.01653616414402581,-0.016616200730203312,-0.0009615657551649492,-0.015574598388860862,-0.015458214028493187
0.03539819647948583,-0.016799952076269054,-0.0009734863372484817,0.036371682816734315,0.03648806717710199
0.0,-0.00039467858438069214,9.0780202561728e-05,-9.0780202561728e-05,2.560415780594714e-05
0.05128210614497419,-0.018648495446902502,-0.0010934077062964235,0.052375513851270615,0.05249189821163829
-0.008130073421291018,-0.004140841830647446,-0.00015224629727930445,-0.007977827124011714,-0.007861442763644038
-0.00409835665112579,-0.02209521492281885,-0.0013170082584081405,-0.002781348392717649,-0.002664964032349974
0.02880655609866367,-0.002685506857766806,-5.7833709972039804e-05,0.02886438980863571,0.028980774169003385
-0.08800001144409175,0.029240425313361795,0.0020133113629085112,-0.09001332280700027,-0.08989693844663259
-0.10526316339839759,0.002213653490450218,0.0002599916791840995,-0.10552315507758168,-0.10540677071721401
0.04117652558675511,0.0433153072475978,0.002926397383802537,0.03825012820295257,0.03836651256332024
-0.012241064972203564,-0.0019086457924624156,-7.43605958885146e-06,-0.012233628912614713,-0.012117244552247037
0.010486098878932593,-0.00024098633145541726,0.00010075074784384692,0.010385348131088745,0.01050173249145642
0.03773592756753197,0.010287014543699957,0.0007837383900834364,0.03695218917744853,0.03706857353781621
-0.04545460949259217,0.0011057487964409862,0.00018811808952918108,-0.04564272758212135,-0.045526343221753675
0.08380958392777149,0.002018354924337773,0.0002473219892036697,0.08356226193856782,0.0836786462989355
-0.07732869792869146,-0.02114181011508598,-0.0012551576079897861,-0.07607354032070167,-0.07595715596033399
0.015238126810987795,0.01688335256005491,0.0012116655343371312,0.014026461276650665,0.014142845637018338
0.015009411495264802,-0.014914054108935981,-0.0008511416469803741,0.015860553142245177,0.01597693750261285
0.007393730208448801,-0.00868600976072853,-0.000447106980229548,0.007840837188678349,0.007957221549046024
-0.005504625484342385,-0.01134836742295231,-0.0006198232826010454,-0.0048848022017413395,-0.004768417841373664
-0.031365349972193646,0.0032431003656709922,0.0003267754401711608,-0.031692125412364804,-0.03157574105199713
0.01809528977963093,0.0032161498496299235,0.0003250270674623907,0.017770262712168538,0.017886647072536215
0.07483633534810763,-0.011732825699560245,-0.000644764413875037,0.07548109976198267,0.07559748412235034
0.009573470425048303,0.029825423296426123,0.0020512621949711203,0.007522208230077182,0.0076385925904448575
-0.05172409009139556,0.0019495059855065833,0.0002428555216415346,-0.051966945613037094,-0.051850561252669417
0.03636360089641055,0.008265549753183832,0.000652599013527811,0.035711001882882745,0.035827386243250416
-0.033333322876378024,0.009035052675189448,0.0007025193158368032,-0.034035842192214824,-0.033919457831847154
0.03901994819263788,7.9107947907886e-05,0.00012151636514851839,0.03889843182748936,0.039014816187857036
-0.04628818705676552,-0.0124780022540123,-0.0006931065810169939,-0.04559508047574852,-0.04547869611538085
-0.04761908920610103,0.01070708742195392,0.0008109899631113726,-0.0484300791692124,-0.048313694808844725
0.012500011462432292,-0.0042913365279230176,-0.00016200940612405806,0.01266202086855635,0.012778405228924025
-0.00854695532900629,0.015473984880403524,0.001120235003509067,-0.009667190332515356,-0.00955080597214768
-0.017241385216472782,0.00018792399994027598,0.00012857563686560265,-0.017369960853338386,-0.01725357649297071
-0.04483431071005972,0.002943716919978634,0.000307353405909982,-0.045141664115969704,-0.04502527975560203
-0.0061224916784620165,-0.002536961462655807,-4.8197059065994716e-05,-0.0060742946193960215,-0.005957910259028347
0.0030801037488017435,0.0022615979258335805,0.0002631019996779233,0.0028170017491238202,0.0029333861094914954
0.0030706458410356685,0.00888576974833133,0.0006928348187085725,0.002377811022327096,0.002494195382694771
0.0,0.0003095972599744812,0.0001364689999057287,-0.0001364689999057287,-2.008463953805356e-05
-0.021428599232486967,0.002336608362904613,0.0002679681848317832,-0.02169656741731875,-0.021580183056951075
-0.061522435648425855,-0.004947922948427275,-0.0002046044264498059,-0.06131783122197605,-0.061201446861608375
0.15555554378179792,0.003552954600872571,0.0003468767505764142,0.15520866703122152,0.1553250513915892
0.07596153757981305,0.011107929092462498,0.0008369939415208056,0.07512454363829225,0.07524092799865992
-0.03485247237305966,0.004938656879440728,0.0004367720254066725,-0.035289244398466334,-0.035172860038098656
0.009259250061012025,0.0006694597815233294,0.00015981451991827468,0.009099435541093751,0.009215819901461426
-0.0275230180553947,0.00047134296924533636,0.00014696200061187095,-0.02766998005600657,-0.027553595695638894
-0.047169768882415086,-0.00102581731454221,4.983606147067382e-05,-0.04721960494388576,-0.04710322058351808
-0.05940594351556927,0.008679141952454561,0.0006794301626109395,-0.06008537367818021,-0.059968989317812534
-0.048421057254653954,-0.005753890884025226,-0.0002568903396618553,-0.0481641669149921,-0.04804778255462443
0.006637214674900971,-0.0015928775670267514,1.3048911712150695e-05,0.00662416576318882,0.006740550123556495
-0.010989065691979993,-0.0025221231757218687,-4.723444833599367e-05,-0.010941831243644,-0.010825446883276324
0.06666667108182578,-0.0004569466961219515,8.674065589667832e-05,0.0665799304259291,0.06669631478629677
0.0208333760189523,0.008899605562620927,0.0006937323955887585,0.02013964362336354,0.020256027983731214
0.03061221510804968,0.0010951470667548424,0.0001874303188452815,0.030424784789204396,0.030541169149572073
-0.02970294225053438,0.014605356896842503,0.0010638841173806581,-0.03076682636791504,-0.030650442007547365
0.0,-0.0004238741534883239,8.888618553559718e-05,-8.888618553559718e-05,2.7498174832077956e-05
-0.04081634763179809,0.00202338180532724,0.0002476481002702937,-0.041063995732068384,-0.04094761137170071
0.021276575507703344,0.0021602108339675574,0.0002565246701689075,0.021020050837534436,0.02113643519790211
-0.009375003686485361,0.0014741105602813498,0.00021201498463395408,-0.009587018671119316,-0.00947063431075164
0.009463726154067764,-0.006886302644093845,-0.0003303537870176417,0.009794079941085406,0.00991046430145308
0.0,0.006800039312997219,0.0005575263086439614,-0.0005575263086439614,-0.00044114194827628625
-0.13541666472641134,-0.0009395233752043097,5.5434246241634794e-05,-0.13547209897265297,-0.1353557146122853
-0.012048181523292234,-0.0053832058728249255,-0.00023284272750685416,-0.01181533879578538,-0.011698954435417705
0.024390220854836775,0.01102570580548079,0.0008316598339747709,0.023558561020862005,0.02367494538122968
0.07142857649699375,0.0023489303072772305,0.0002687675517614272,0.07115980894523231,0.07127619330559999
0.022222267845531718,0.000719922777789872,0.00016308822812262762,0.02205917961740909,0.022175563977776765
0.06521739271277549,-0.0033401068031253534,-0.00010029986081988537,0.06531769257359538,0.06543407693396305
0.020408143405366452,0.004272002277298181,0.0003935238474947582,0.020014619557871694,0.020131003918239368
-0.050000011920928955,0.0016722378083675604,0.00022486818094714513,-0.0502248801018761,-0.05010849574150843
0.10526312157057616,0.0013545591394890089,0.0002042592726064179,0.10505886229796974,0.10517524665833741
-0.07142850655276456,0.0033563334079245166,0.0003341212572421733,-0.07176262781000674,-0.07164624344963906
-0.017435917061147665,-0.0047369876733168725,-0.0001909203293528168,-0.01724499673179485,-0.017128612371427175
-0.059498936480176456,0.006158039788692005,0.0005158775904662395,-0.06001481407064269,-0.05989842971027502
-0.03440623455306968,-0.003245756135652589,-9.417900837267242e-05,-0.03431205554469701,-0.03419567118432933
0.003448299959071477,-0.003869693865664492,-0.00013465599580632538,0.0035829559548778023,0.0036993403152454775
0.053837330531300465,-0.015370160722531612,-0.0008807308524072749,0.05471806138370774,0.054834445744075415
-0.04130433360097108,0.0069006220464606915,0.0005640514566557121,-0.041868385057626786,-0.041752000697259116
0.04875281339658266,0.009817931917032618,0.0007533073860398172,0.04799950601054284,0.04811589037091052
-0.016216200542241266,0.0036312500921620305,0.00035195604850086365,-0.01656815659074213,-0.016451772230374456
-0.18461542593052171,0.00016046065922270536,0.00012679399545550548,-0.18474221992597722,-0.18462583556560955
0.024258769634790678,0.018131549330308916,0.0012926403537046566,0.02296612928108602,0.023082513641453695
0.00789471372673023,-0.0011962619960680376,3.877872850233051e-05,0.007855934998227898,0.007972319358595574
-0.07180150065203283,0.005967198922915307,0.000503497086844951,-0.07230499773887779,-0.07218861337851011
0.0731364055181325,0.0011193985360786751,0.00018900359510643926,0.07294740192302605,0.07306378628339373
-0.023591096206738604,0.00397384638616094,0.0003741814489214238,-0.023965277655660026,-0.023848893295292353
0.07382551248393265,-0.003000518154814724,-7.826957672403771e-05,0.07390378206065669,0.07402016642102437
0.04124998984858408,-0.0018711970276237277,-5.006629357484502e-06,0.04125499647794156,0.04137138083830924
-0.01560625615500244,-0.0072065416718331,-0.0003511287946475213,-0.01525512736035492,-0.015138742999987244
0.04878051439826536,0.003108858515779689,0.00031806670946013787,0.04846244768880523,0.0485788320491729
-0.022093015680318406,0.013885824750712539,0.001017205591245596,-0.023110221271564,-0.022993836911196327
-0.02259214427810663,-0.0028167751776319028,-6.634953755873647e-05,-0.022525794740547892,-0.02240941038018022
0.13017030395177343,-0.00494150905632218,-0.0002041883351995881,0.130374492286973,0.1304908766473407
-0.00430571369214261,-0.001607929836799582,1.2072419179103851e-05,-0.004317786111321714,-0.004201401750954038
-0.06810813248984704,0.0036984360198231148,0.000356314630806191,-0.06846444712065324,-0.06834806276028556
-0.04524359077192852,0.007504645877610239,0.0006032365609490535,-0.04584682733287757,-0.0457304429725099
0.21506680825968272,-0.003988635996082901,-0.00014237218107081642,0.21520918044075354,0.21532556480112122
-0.078000009059906,-0.010202524371008104,-0.0005454885011259784,-0.07745452055878002,-0.07733813619841236
0.0,-0.0006290422223540482,7.557622695189953e-05,-7.557622695189953e-05,4.080813341577561e-05
0.0,-0.011358438273891824,-0.000620476613353967,0.000620476613353967,0.0007368609737216422
0.0,-0.017081454337735447,-0.0009917483575621157,0.0009917483575621157,0.0011081327179297909
0.0,0.007448895819775148,0.0005996198628686645,-0.0005996198628686645,-0.00048323550250098927
0.0,0.013779387810288313,0.001010300660684744,-0.001010300660684744,-0.0008939163003170688
0.0,-0.012475001040294531,-0.00069291188195634,0.00069291188195634,0.0008092962423240152
0.0,-0.000503600390907244,8.371407018672016e-05,-8.371407018672016e-05,3.2670290180954986e-05
0.0,0.015486673802446171,0.0011210581775428878,-0.0011210581775428878,-0.0010046738171752127
0.0,-0.004055288780130728,-0.0001466961765154747,0.0001466961765154747,0.0002630805368831498
0.0,-0.005934396967956612,-0.00026860039042421143,0.00026860039042421143,0.00038498475079188656
0.0,0.0011692656800530443,0.00019223864832234946,-0.00019223864832234946,-7.585428795467432e-05
0.0,-0.008407570124922548,-0.0004290436429805974,0.0004290436429805974,0.0005454280033482725
0.0,0.003679773444691614,0.0003551039253419407,-0.0003551039253419407,-0.00023871956497426556
0.0,0.013644592157896263,0.001001556002899936,-0.001001556002899936,-0.0008851716425322607
0.0,0.006680165568110796,0.0005497496863433673,-0.0005497496863433673,-0.00043336532597569214
0.0,0.002414323726029899,0.0002730098478460779,-0.0002730098478460779,-0.00015662548747840275
0.0,-0.0038835019016946193,-0.00013555177061523816,0.00013555177061523816,0.0002519361309829133
0.0,0.005658384242170911,0.0004834632159143054,-0.0004834632159143054,-0.0003670788555466303
0.0,-0.002496683664631072,-4.558409971751726e-05,4.558409971751726e-05,0.0001619684600851924
0.0,-0.0076588713308223255,-0.0003804729760330998,0.0003804729760330998,0.0004968573364007749
0.0,-0.016147208958519288,-0.0009311406451967177,0.0009311406451967177,0.0010475250055643928
0.0,0.00035058102206497743,0.00013912775757228172,-0.00013912775757228172,-2.2743397204606587e-05
0.0,-0.004278673417828949,-0.00016118790660015717,0.00016118790660015717,0.0002775722669678323
0.0,-0.006702266480503982,-0.00031841472784129975,0.00031841472784129975,0.0004347990882089749
0.0,0.002517410777005402,0.0002796974595518617,-0.0002796974595518617,-0.00016331309918418658
0.0,-0.0033873413051768164,-0.00010336412549568154,0.00010336412549568154,0.00021974848586335668
0.0,-0.01111286391927968,-0.0006045453599811769,0.0006045453599811769,0.000720929720348852
0.0,-0.005745837446504476,-0.0002563678854590635,0.0002563678854590635,0.00037275224582673864
0.0,-0.004403818556987793,-0.00016930650238537867,0.00016930650238537867,0.0002856908627530538
0.0,-0.015051375861739213,-0.0008600501815908354,0.0008600501815908354,0.0009764345419585105
0.0,-0.007387777046316768,-0.00036288615699739694,0.00036288615699739694,0.00047927051736507207
0.0,0.016035901237667627,0.0011566884510851724,-0.0011566884510851724,-0.0010403040907174972
0.0,0.0004863370186602989,0.00014793471618997428,-0.00014793471618997428,-3.155035582229914e-05
0.0,0.0016937032123527374,0.0002262607155632994,-0.0002262607155632994,-0.00010987635519562425
0.0,0.001380031526917458,0.00020591175402604096,-0.00020591175402604096,-8.952739365836583e-05
0.0,-0.002165632329979128,-2.4107660534483506e-05,2.4107660534483506e-05,0.00014049202090215865
0.0,0.011078977592776207,0.0008351157581178479,-0.0008351157581178479,-0.0007187313977501728
0.0,-0.014334892170861036,-0.0008135694192372908,0.0008135694192372908,0.0009299537796049659
0.0,-0.0022766655169013106,-3.131076542073855e-05,3.131076542073855e-05,0.0001476951257884137
0.0,-0.024642584749729912,-0.001482264904244863,0.001482264904244863,0.0015986492646125382
0.0,0.00010955419561042845,0.00012349151799852186,-0.00012349151799852186,-7.107157630846705e-06
0.0,0.005726850663809513,0.00048790486826996596,-0.00048790486826996596,-0.00037152050790229083
0.0,0.023049400920118535,0.0016116783080170147,-0.0016116783080170147,-0.0014952939476493396
0.0,-0.00010646449242102118,0.00010947764241398816,-0.00010947764241398816,6.906717953686984e-06
0.0,0.008114163624478143,0.0006427780744588873,-0.0006427780744588873,-0.0005263937140912122
0.0,-0.012620113782869202,-0.000702325844881047,0.000702325844881047,0.0008187102052487222
0.0,0.011650737147309576,0.0008722077677699596,-0.0008722077677699596,-0.0007558234074022845
0.0,-0.007023250955987548,-0.0003392380952313406,0.0003392380952313406,0.00045562245559901574
0.0,0.010814652782245693,0.0008179680981517769,-0.0008179680981517769,-0.0007015837377841018
0.0,0.010337815429059649,0.000787034018315894,-0.000787034018315894,-0.0006706496579482189
0.0,0.0014447466011910937,0.0002101100435702426,-0.0002101100435702426,-9.372568320256746e-05
0.0,0.009815695418065262,0.0007531622966563057,-0.0007531622966563057,-0.0006367779362886305
0.0,-0.0016863570122068738,6.984578452822913e-06,-6.984578452822913e-06,0.00010939978191485223
0.0,-0.022261677039013494,-0.0013278072286599656,0.0013278072286599656,0.0014441915890276407
0.0,0.007174604262178752,0.0005818256257261621,-0.0005818256257261621,-0.00046544126535848695
0.0,-0.015954853497705423,-0.0009186618845838457,0.0009186618845838457,0.0010350462449515208
0.0,0.004772721486371312,0.00042600722549636594,-0.00042600722549636594,-0.0003096228651286908
0.0,0.008984905521485453,0.0006992660974262556,-0.0006992660974262556,-0.0005828817370585804
0.0,-0.002109799583246086,-2.0485598140762646e-05,2.0485598140762646e-05,0.0001368699585084378
0.0,0.02492023877666627,0.0017330459970786144,-0.0017330459970786144,-0.0016166616367109393
0.0,0.0024593113157624913,0.00027592834758841876,-0.00027592834758841876,-0.0001595439872207436
0.0,0.0062321108631679945,0.0005206828359363356,-0.0005206828359363356,-0.0004042984755686605
0.0,-0.0046870230309741245,-0.00018767895108227082,0.00018767895108227082,0.00030406331144994594
0.0,-0.00943264946713962,-0.0004955440670736012,0.0004955440670736012,0.0006119284274412764
0.0,-0.0016388318166757898,1.0067701414880181e-05,-1.0067701414880181e-05,0.00010631665895279496
0.0,-0.008125926498228409,-0.0004107724518182203,0.0004107724518182203,0.0005271568121858954
0.0,-1.4923577632885987e-05,0.00011541621653655927,-0.00011541621653655927,9.681438311158813e-07
0.0,-0.004987097282612596,-0.0002071458003021465,0.0002071458003021465,0.0003235301606698216
0.0,0.01649736234989274,0.0011866250212622944,-0.0011866250212622944,-0.0010702406608946193
0.0,-0.002314313728559836,-3.375313445357868e-05,3.375313445357868e-05,0.00015013749482125383
0.0,0.007409672577889825,0.0005970753162055398,-0.0005970753162055398,-0.0004806909558378647
0.0,0.006680490923747229,0.0005497707932830086,-0.0005497707932830086,-0.0004333864329153335
0.0,0.002717099891568653,0.0002926519795175958,-0.0002926519795175958,-0.00017626761914992062
0.0,-0.010061659913606968,-0.00053635013907827,0.00053635013907827,0.0006527344994459451
0.0,-0.00890905606969361,-0.0004615767617651669,0.0004615767617651669,0.000577961122132842
0.0,-0.009040932945028057,-0.00047013206843911977,0.00047013206843911977,0.0005865164288067949
0.0,-0.000313861457302278,9.602308767642446e-05,-9.602308767642446e-05,2.0361272691250684e-05
0.0,0.016540974699349675,0.0011894543044359321,-0.0011894543044359321,-0.001073069944068257
0.0,0.01908056557933535,0.0013542063032192702,-0.0013542063032192702,-0.001237821942851595
0.0,-0.0004833595887074882,8.502716067136025e-05,-8.502716067136025e-05,3.1357199696314895e-05
0.0,-0.0043168283608459035,-0.00016366314903981465,0.00016366314903981465,0.0002800475094074898
0.0,-0.0028999798130677767,-7.174730855568402e-05,7.174730855568402e-05,0.00018813166892335916
0.0,-0.0075036694675360005,-0.0003704044971324886,0.0003704044971324886,0.00048678885750016375
0.0,0.01904028588598905,0.0013515932209147612,-0.0013515932209147612,-0.001235208860547086
0.0,0.0023292692665812798,0.00026749207240042206,-0.00026749207240042206,-0.00015110771203274693
0.0,0.005106758007594747,0.00044767732400392726,-0.00044767732400392726,-0.00033129296363625213
0.0,0.0006208264404641284,0.00015665950774282523,-0.00015665950774282523,-4.02751473751501e-05
0.0,0.0004136855394443195,0.00014322156474903577,-0.00014322156474903577,-2.6837204381360642e-05
0.0,0.002188441817939202,0.000258356111238256,-0.000258356111238256,-0.0001419717508705809
0.0,-0.0012519007957618733,3.516924812038927e-05,-3.516924812038927e-05,8.121511224728588e-05
0.0,-0.00012814640056846294,0.00010807106242786538,-0.00010807106242786538,8.313297939809757e-06
0.0,0.0011396405267545262,0.00019031676269161307,-0.00019031676269161307,-7.393240232393793e-05
0.0,0.007100510313353237,0.0005770188963183045,-0.0005770188963183045,-0.0004606345359506294
0.0,0.0018721339981915275,0.00023783613459756064,-0.00023783613459756064,-0.00012145177422988548
0.0,-2.1174829462955458e-05,0.00011501067632060615,-0.00011501067632060615,1.3736840470689937e-06
0.0,-0.003497536135912971,-0.00011051284333147541,0.00011051284333147541,0.00022689720369915056
0.0,0.0002264032488046297,0.00013107191814147473,-0.00013107191814147473,-1.4687557773799589e-05
0.0,-0.008072242646582573,-0.00040728979564287225,0.00040728979564287225,0.0005236741560105474
0.0,0.006454730908207917,0.0005351249642644115,-0.0005351249642644115,-0.0004187406038967363
0.0,-0.0004890148137838279,8.466028676177136e-05,-8.466028676177136e-05,3.1724073605903785e-05
0.0,-0.0008081822874276279,6.395479453314081e-05,-6.395479453314081e-05,5.2429565834534334e-05
0.0,0.0008443492265819419,0.00017116019999083727,-0.00017116019999083727,-5.477583962316214e-05
0.0,-0.00780580496271055,-0.0003900050663130179,0.0003900050663130179,0.000506389426680693
0.0,0.0050732955705157234,0.00044550650057075995,-0.00044550650057075995,-0.0003291221402030848
0.0,-0.0011659590635981765,4.074458400006104e-05,-4.074458400006104e-05,7.56397763676141e-05
0.0,-0.0010676612969652277,4.712149835124494e-05,-4.712149835124494e-05,6.92628620164302e-05
0.0,0.020435540463669577,0.0014421081862566456,-0.0014421081862566456,-0.0013257238258889705
0.0,0.0040499740579702515,0.0003791201129370139,-0.0003791201129370139,-0.00026273575256933877
0.0,-0.006147829935223559,-0.00028244652140562625,0.00028244652140562625,0.0003988308817733014
0.0,0.0031349558295050706,0.0003197597319989323,-0.0003197597319989323,-0.00020337537163125715
0.0,0.002092692232889659,0.0002521445061943458,-0.0002521445061943458,-0.00013576014582667069
0.0,0.01630974737217783,0.0011744537920994312,-0.0011744537920994312,-0.001058069431731756
0.0,0.003958951318527193,0.00037321515463205123,-0.00037321515463205123,-0.0002568307942643761
0.0,-0.003124690820504483,-8.632508480916613e-05,8.632508480916613e-05,0.00020270944517684127
0.0,-0.0012797755200721905,3.33609188411137e-05,-3.33609188411137e-05,8.302344152656144e-05
0.0,0.001185553958514829,0.00019329532499199231,-0.00019329532499199231,-7.691096462431716e-05
0.0,-0.0005407337436069692,8.130510182609944e-05,-8.130510182609944e-05,3.50792585415757e-05
0.0,-7.531901909729743e-05,0.00011149815643598116,-0.00011149815643598116,4.886203931693974e-06
0.0,-0.002232653981520283,-2.845558568265851e-05,2.845558568265851e-05,0.00014483994605033365
0.0,-0.0105018557847808,-0.0005649071598974937,0.0005649071598974937,0.0006812915202651688
0.0,-0.0057367349435899495,-0.00025577737477448114,0.00025577737477448114,0.00037216173514215627
0.0,0.009648981834660786,0.000742347012861313,-0.000742347012861313,-0.0006259626524936379
0.0,-0.004477753072888002,-0.00017410288883078386,0.00017410288883078386,0.000290487249198459
0.0,0.002651506710448004,0.00028839672416077806,-0.00028839672416077806,-0.0001720123637931029
0.0,0.0008722869484341089,0.0001729726161374189,-0.0001729726161374189,-5.658825576974376e-05
0.0,0.0036244096381636837,0.0003515122847128871,-0.0003515122847128871,-0.00023512792434521196
0.0,0.007174435557619541,0.0005818146812809158,-0.0005818146812809158,-0.00046543032091324066
0.0,-0.00032158936312698394,9.552175183486682e-05,-9.552175183486682e-05,2.0862608532808316e-05
0.0,-0.0034567355331607263,-0.00010786596784142202,0.00010786596784142202,0.00022425032820909716
0.0,-0.00989094181235195,-0.0005252750684312927,0.0005252750684312927,0.0006416594287989678
0.0,-0.006188030354815854,-0.00028505446094894234,0.00028505446094894234,0.0004014388213166175
0.0,0.00019538952303133073,0.0001290599510364038,-0.0001290599510364038,-1.2675590668728651e-05
0.0,-0.0029661372528556607,-7.603916931378522e-05,7.603916931378522e-05,0.00019242352968146037
0.0,0.008077922524027725,0.0006404269895718019,-0.0006404269895718019,-0.0005240426292041268
0.0,0.010269933278491461,0.0007826302696349711,-0.0007826302696349711,-0.000666245909267296
0.0,0.004117058019306619,0.00038347208033600417,-0.00038347208033600417,-0.00026708771996832904
0.0,-0.0024437290975140025,-4.214875473892257e-05,4.214875473892257e-05,0.0001585331151065977
0.0,-0.016571304555192734,-0.0009586531858101714,0.0009586531858101714,0.0010750375461778465
0.0,0.00043958226653084687,0.00014490157454237544,-0.00014490157454237544,-2.851721417470029e-05
0.0,-0.01444390628760639,-0.0008206415400938197,0.0008206415400938197,0.0009370259004614948
0.0,-0.0030853828766044256,-8.377504323489717e-05,8.377504323489717e-05,0.0002001594036025723
0.0,0.002995542646406335,0.0003107155191088648,-0.0003107155191088648,-0.0001943311587411897
0.0,-0.0007289817322603254,6.909280706555182e-05,-6.909280706555182e-05,4.7291553302123314e-05
0.0,0.00015587969925845435,0.00012649681282014293,-0.00012649681282014293,-1.0112452452467793e-05
0.0,0.010926475234507071,0.000825222405396344,-0.000825222405396344,-0.0007088380450286689
0.0,-0.009379454163327194,-0.0004920931046772354,0.0004920931046772354,0.0006084774650449105
0.0,0.002163809008205897,0.0002567580961125935,-0.0002567580961125935,-0.0001403737357449184
0.0,0.007853184882181896,0.0006258474854525545,-0.0006258474854525545,-0.0005094631250848793
0.0,-0.023705000038029778,-0.001421440557891025,0.001421440557891025,0.0015378249182587001
0.0,-0.01220484261628385,-0.000675385775411113,0.000675385775411113,0.0007917701357787881
0.0,0.001698692425988746,0.0002265843830190961,-0.0002265843830190961,-0.00011020002265142096
0.0,0.00013048788935265954,0.0001248495587416711,-0.0001248495587416711,-8.465198373995966e-06
0.0,-0.0039854205221913075,-0.00014216358221544545,0.00014216358221544545,0.0002585479425831206
0.0,-0.013852035718884714,-0.0007822448597519541,0.0007822448597519541,0.0008986292201196292
0.0,-0.0015935449138314572,1.3005618628676716e-05,-1.3005618628676716e-05,0.00010337874173899843
0.0,0.00483994963594836,0.00043036854688266197,-0.00043036854688266197,-0.00031398418651498684
0.0,0.019862053761098286,0.0014049041305684244,-0.0014049041305684244,-0.0012885197702007492
0.0,0.0006633863793055195,0.000159420517418626,-0.000159420517418626,-4.303615705095086e-05
0.0,0.002320181125065268,0.0002669024933891771,-0.0002669024933891771,-0.00015051813302150195
0.0,0.013026314842639719,0.0009614462260482069,-0.0009614462260482069,-0.0008450618656805317
0.0,-0.0020295818770267315,-1.528159951972185e-05,1.528159951972185e-05,0.000131665959887397
0.0,-0.0052265872985560735,-0.00022268234169009005,0.00022268234169009005,0.0003390667020577652
0.0,0.007856028682432292,0.0006260319725599409,-0.0006260319725599409,-0.0005096476121922657
0.0,0.004269642628790704,0.00039337076897683754,-0.00039337076897683754,-0.0002769864086091624
0.0,0.00016250753698754394,0.0001269267834591481,-0.0001269267834591481,-1.0542423091472957e-05
0.0,-0.004745224843287543,-0.00019145470291183418,0.00019145470291183418,0.0003078390632795093
0.0,-0.0017098123935156417,5.4629471604366936e-06,-5.4629471604366936e-06,0.00011092141320723845
0.0,0.0015848622233496368,0.00021919982609912032,-0.00021919982609912032,-0.00010281546573144516
0.0,0.0033065906083264984,0.0003308942706738097,-0.0003308942706738097,-0.00021450991030613452
0.0,0.0029209195962771606,0.0003058744650788708,-0.0003058744650788708,-0.00018949010471119566
0.0,0.0003385605486661003,0.00013834794810202637,-0.00013834794810202637,-2.1963587734351235e-05
0.0,0.0065488820784729285,0.0005412328746413138,-0.0005412328746413138,-0.0004248485142736386
0.0,0.0004482397633895907,0.00014546321615291176,-0.00014546321615291176,-2.9078855785236616e-05
0.0,-0.0063214251654488685,-0.00029370824130872924,0.00029370824130872924,0.00041009260167640437
0.0,-0.004135401260425775,-0.0001518933487687371,0.0001518933487687371,0.0002682777091364122
0.0,0.011870590853387819,0.0008864704341709822,-0.0008864704341709822,-0.0007700860738033071
0.0,0.011486656421599406,0.0008615632865129142,-0.0008615632865129142,-0.000745178926145239
0.0,-0.007589201039747917,-0.00037595322452478196,0.00037595322452478196,0.0004923375848924571
0.0,0.00548810949285139,0.0004724169070328996,-0.0004724169070328996,-0.0003560325466652245
0.0,-0.009378687628036508,-0.0004920433768953814,0.0004920433768953814,0.0006084277372630565
0.0,-0.002440296594621194,-4.1926076465474474e-05,4.1926076465474474e-05,0.00015831043683314962
0.0,-0.00478746019469678,-0.00019419465548404835,0.00019419465548404835,0.0003105790158517235
0.0,-0.001218442012279497,3.733983453217049e-05,-3.733983453217049e-05,7.904452583550465e-05
0.0,-0.011049941573072375,-0.0006004633708751798,0.0006004633708751798,0.000716847731242855
0.0,0.016941941334216226,0.0012154663897132527,-0.0012154663897132527,-0.0010990820293455775
0.0,0.025403420320955883,0.0017643916464209141,-0.0017643916464209141,-0.001648007286053239
0.0,-0.0020856174946130013,-1.8916822843743547e-05,1.8916822843743547e-05,0.0001353011832114187
0.0,0.004865096315322948,0.00043199989850011244,-0.00043199989850011244,-0.0003156155381324373
0.0,-0.0031231161538831653,-8.622293076722023e-05,8.622293076722023e-05,0.00020260729113489537
0.0,-0.003242371304872038,-9.395942275317993e-05,9.395942275317993e-05,0.00021034378312085507
0.0,0.002655865938542279,0.000288679522286785,-0.000288679522286785,-0.00017229516191910986
0.0,0.007597415119266371,0.000609254820862063,-0.000609254820862063,-0.0004928704604943879
0.0,-4.7513986152325494e-05,0.00011330196459658794,-0.00011330196459658794,3.082395771087203e-06
0.0,-0.0009306715612543703,5.6008493870496565e-05,-5.6008493870496565e-05,6.037586649717858e-05
0.0,0.0011286697641588184,0.0001896050515730763,-0.0001896050515730763,-7.322069120540116e-05
0.0,0.00019699191031485874,0.00012916390341309044,-0.00012916390341309044,-1.2779543045415299e-05
0.0,0.005642922184040833,0.000482460139000496,-0.000482460139000496,-0.00036607577863282087
0.0,0.0034032703971196288,0.0003371662212352753,-0.0003371662212352753,-0.00022078186086760016
0.0,0.004428106846314561,0.0004036508880221699,-0.0004036508880221699,-0.00028726652765449475
0.0,0.001507477027169024,0.00021417958215058772,-0.00021417958215058772,-9.779522178291256e-05
0.0,6.614683421224399e-06,0.00011681347764146685,-0.00011681347764146685,-4.291172737917045e-07
0.0,0.005445481690718124,0.00046965149483184625,-0.00046965149483184625,-0.0003532671344641711
0.0,-0.0018496216125600817,-3.6069579441362794e-06,3.6069579441362794e-06,0.00011999131831181142
0.0,0.005105995170664235,0.00044762783614742325,-0.00044762783614742325,-0.0003312434757797481
0.0,-0.0038996213232838084,-0.0001365974929585414,0.0001365974929585414,0.00025298185332621654
0.0,-0.0025633010773032927,-4.9905800499331675e-05,4.9905800499331675e-05,0.00016629016086700682
0.0,0.010052705569688847,0.0007685379607129303,-0.0007685379607129303,-0.0006521536003452552
0.0,-0.011538744820964397,-0.0006321737194737118,0.0006321737194737118,0.0007485580798413869
0.0,0.010416510240551347,0.0007921392215158709,-0.0007921392215158709,-0.0006757548611481958
0.0,0.0005491705981217621,0.00015201094669173374,-0.00015201094669173374,-3.56265863240586e-05
0.0,-0.0018053993582290984,-7.381081427163992e-07,7.381081427163992e-07,0.00011712246851039154
0.0,0.005657940611518475,0.0004834344360674071,-0.0004834344360674071,-0.00036705007569973197
0.0,-0.000606117484177382,7.706343359843299e-05,-7.706343359843299e-05,3.9320926769242156e-05
0.0,0.001595272232703504,0.00021987515922538062,-0.00021987515922538062,-0.00010349079885770546
0.0,0.000592263093356804,0.00015480650513324725,-0.00015480650513324725,-3.8422144765572094e-05
0.0,0.0006906716689645265,0.00016119060804390385,-0.00016119060804390385,-4.48062476762287e-05
0.0,-0.0010450813177572682,4.858633929720807e-05,-4.858633929720807e-05,6.779802107046707e-05
0.0,0.007336475471722448,0.0005923267680668334,-0.0005923267680668334,-0.0004759424076991583
0.0,-0.012404137955230099,-0.0006883147497976418,0.0006883147497976418,0.000804699110165317
0.0,-0.006303057332801343,-0.00029251665680358455,0.00029251665680358455,0.0004089010171712597
0.0,0.008772467921830174,0.0006854845393667388,-0.0006854845393667388,-0.0005691001789990636
0.0,-0.018309580659152336,-0.0010714211378537988,0.0010714211378537988,0.001187805498221474
0.0,0.006109463971145868,0.0005127263100390134,-0.0005127263100390134,-0.0003963419496713382
0.0,0.012725994077109837,0.0009419633846239734,-0.0009419633846239734,-0.0008255790242562983
0.0,-0.0008640799292052304,6.032852217458399e-05,-6.032852217458399e-05,5.605583819309115e-05
0.0,0.002323855425648391,0.00026714085791079,-0.00026714085791079,-0.00015075649754311488
0.0,0.00461072337316093,0.0004154978504781778,-0.0004154978504781778,-0.0002991134901105027
0.0,0.00956601649469957,0.0007369647657851908,-0.0007369647657851908,-0.0006205804054175157
0.0,0.001084512714484509,0.00018674043182209551,-0.00018674043182209551,-7.035607145442039e-05
0.0,0.0018164914425815581,0.00023422641055641615,-0.00023422641055641615,-0.00011784205018874102
0.0,0.004481139122655131,0.0004070912742654803,-0.0004070912742654803,-0.00029070691389780515
0.0,0.0032490857396794137,0.00032716373197797297,-0.00032716373197797297,-0.00021077937161029784
0.0,-0.0024032529493148713,-3.952292773213514e-05,3.952292773213514e-05,0.00015590728809981028
0.0,0.00131405176760091,0.0002016314200114905,-0.0002016314200114905,-8.524705964381536e-05
0.0,0.005602990523162488,0.00047986963475971735,-0.00047986963475971735,-0.0003634852743920422
0.0,-0.0016184626244926115,1.1389120999517964e-05,-1.1389120999517964e-05,0.00010499523936815718
0.0,-0.005510332450180511,-0.00024108986600576682,0.00024108986600576682,0.00035747422637344195
0.0,-0.0024225306518709244,-4.077353862898886e-05,4.077353862898886e-05,0.000157157898996664
0.0,0.006697492376419811,0.0005508737360176447,-0.0005508737360176447,-0.0004344893756499696
0.0,-0.008282433828555424,-0.0004209256208577018,0.0004209256208577018,0.0005373099812253769
0.0,0.007174256352702191,0.0005818030556413068,-0.0005818030556413068,-0.00046541869527363163
0.0,-0.0033400389194234714,-0.00010029545697056538,0.00010029545697056538,0.00021667981733824052
0.0,0.0077851108025177584,0.0006214312856707746,-0.0006214312856707746,-0.0005050469253030994
0.0,-0.0005883499068413123,7.821607747612384e-05,-7.821607747612384e-05,3.81682828915513e-05
0.0,0.00405666949441863,0.00037955446893753766,-0.00037955446893753766,-0.00026317010856986254
0.0,-0.0044735804606589324,-0.00017383219711807345,0.00017383219711807345,0.0002902165574857486
0.0,0.005172264111710456,0.000451926930375814,-0.000451926930375814,-0.00033554257000813887
0.0,-0.010546128701639845,-0.000567779296351432,0.000567779296351432,0.0006841636567191072
0.0,0.004048451943253761,0.00037902136811795837,-0.00037902136811795837,-0.00026263700775028324
0.0,-0.00429489561132812,-0.0001622402961108856,0.0001622402961108856,0.00027862465647856074
0.0,0.006302737952936344,0.0005252646582681482,-0.0005252646582681482,-0.00040888029790047304
0.0,0.0035443321494683655,0.0003463173824851006,-0.0003463173824851006,-0.00022993302211742547
0.0,0.01218913260513399,0.0009071353336670867,-0.0009071353336670867,-0.0007907509732994116
0.0,0.0035522505198095633,0.00034683107441520645,-0.00034683107441520645,-0.0002304467140475313
0.0,-0.002836767069231527,-6.764648035627735e-05,6.764648035627735e-05,0.0001840308407239525
0.0,-0.022966290584432447,-0.0013735179338339586,0.0013735179338339586,0.0014899022942016337
0.0,0.014307223290395576,0.001044543164491863,-0.001044543164491863,-0.0009281588041241879
0.0,-0.014327681394279534,-0.0008131016313491137,0.0008131016313491137,0.0009294859917167888
0.0,-0.006701003439812281,-0.00031833279004567195,0.00031833279004567195,0.0004347171504133471
0.0,0.008847902373522176,0.0006903782318080396,-0.0006903782318080396,-0.0005739938714403645
0.0,0.004661629963028435,0.0004188003361257725,-0.0004188003361257725,-0.00030241597575809737
0.0,0.01041921875000007,0.0007923149318434349,-0.0007923149318434349,-0.0006759305714757598
0.0,6.340190171760796e-06,0.00011679567031987892,-0.00011679567031987892,-4.1130995220378123e-07
0.0,0.0040347322693841114,0.00037813132566643834,-0.00037813132566643834,-0.0002617469652987632
0.0,-0.0018421130247733286,-3.1198500183452025e-06,3.1198500183452025e-06,0.00011950421038602035
0.0,0.007186011722218666,0.0005825656669105231,-0.0005825656669105231,-0.0004661813065428479
0.0,0.002484899676771457,0.0002775883526132598,-0.0002775883526132598,-0.00016120399224558467
0.0,-0.009307883608932754,-0.0004874500765487906,0.0004874500765487906,0.0006038344369164657
0.0,0.009407983261396247,0.0007267126061692046,-0.0007267126061692046,-0.0006103282458015295
0.0,0.010534666895180678,0.0007998044502632054,-0.0007998044502632054,-0.0006834200898955303
0.0,0.0019077786269059427,0.00024014852431075056,-0.00024014852431075056,-0.00012376416394307543
0.0,0.005230269513137653,0.0004556899403553641,-0.0004556899403553641,-0.000339305579987689
0.0,0.004139081299929126,0.00038490080632920233,-0.00038490080632920233,-0.0002685164459615272
0.0,-0.0036871039064235722,-0.0001228107568822986,0.0001228107568822986,0.00023919511724997372
0.0,0.004321655306021466,0.00039674501031758804,-0.00039674501031758804,-0.0002803606499499129
0.0,4.2889368592202715e-05,0.00011916674128493555,-0.00011916674128493555,-2.782380917260412e-06
0.0,0.010142153479971716,0.0007743407544314912,-0.0007743407544314912,-0.0006579563940638161
0.0,0.0051141362697153525,0.0004481559772553218,-0.0004481559772553218,-0.00033177161688764667
0.0,-0.005009741163373271,-0.00020861478676171115,0.00020861478676171115,0.0003249991471293863
0.0,0.010300096519028301,0.000784587062836345,-0.000784587062836345,-0.0006682027024686698
0.0,-0.000707617924973758,7.047875075428639e-05,-7.047875075428639e-05,4.590560961338875e-05
0.0,0.001722386289245481,0.00022812148545603203,-0.00022812148545603203,-0.00011173712508835689
0.0,-0.008273657594813577,-0.0004203562763770005,0.0004203562763770005,0.0005367406367446756
0.0,-0.002923832356719225,-7.329470513582334e-05,7.329470513582334e-05,0.00018967906550349848
0.0,-0.0005513654411685165,8.061538702300693e-05,-8.061538702300693e-05,3.576897334466821e-05
0.0,0.006340981548631053,0.0005277456519120538,-0.0005277456519120538,-0.00041136129154437865
0.0,-0.007047981897774669,-0.00034084247652099367,0.00034084247652099367,0.0004572268368886688
0.0,0.00367034439193481,0.0003544922302454747,-0.0003544922302454747,-0.00023810786987779956
0.0,-0.014307241527974024,-0.0008117756268909798,0.0008117756268909798,0.0009281599872586549
0.0,0.005935988427895333,0.0005014723546417912,-0.0005014723546417912,-0.00038508799427411605
0.0,-0.005510807488524838,-0.00024112068337770788,0.00024112068337770788,0.000357505043745383
0.0,-0.013779732742503992,-0.0007775543168890912,0.0007775543168890912,0.0008939386772567663
0.0,0.008490293972530871,0.0006671789443521942,-0.0006671789443521942,-0.0005507945839845191
0.0,0.012831541229424204,0.0009488105915684949,-0.0009488105915684949,-0.0008324262312008198
0.0,-0.00034681344994402785,9.388537853027539e-05,-9.388537853027539e-05,2.2498981837399754e-05
0.0,-0.010153367167240024,-0.0005422995041740611,0.0005422995041740611,0.0006586838645417362
0.0,-0.008369555515669425,-0.0004265775044750697,0.0004265775044750697,0.0005429618648427448
0.0,0.014784291377196501,0.0010754922128112675,-0.0010754922128112675,-0.0009591078524435923
0.0,-0.005885016114436148,-0.0002653968845433076,0.0002653968845433076,0.00038178124491098275
0.0,0.007567364431436019,0.0006073053293420382,-0.0006073053293420382,-0.000490920968974363
0.0,0.007791157767295331,0.0006218235730827073,-0.0006218235730827073,-0.0005054392127150322
0.0,-0.013851474486292426,-0.0007822084506625647,0.0007822084506625647,0.0008985928110302399
0.0,-0.02501035094286319,-0.0015061231626285869,0.0015061231626285869,0.001622507522996262
0.0,0.002669776576555538,0.0002895819532393835,-0.0002895819532393835,-0.00017319759287170837
0.0,-0.012145015629135836,-0.0006715045928980161,0.0006715045928980161,0.0007878889532656913
0.0,0.009497272121224087,0.000732505081737476,-0.000732505081737476,-0.0006161207213698009
0.0,0.009590486444071455,0.0007385522155988269,-0.0007385522155988269,-0.0006221678552311518
0.0,0.0061998311850259835,0.0005185887421451306,-0.0005185887421451306,-0.0004022043817774554
0.0,-0.004289562412875814,-0.00016189431317644907,0.00016189431317644907,0.0002782786735441242
0.0,0.005403747467634501,0.0004669440521784314,-0.0004669440521784314,-0.00035055969181075627
0.0,-0.0005449081736377259,8.103429218633879e-05,-8.103429218633879e-05,3.5350068181336355e-05
0.0,0.0008240472350893313,0.00016984313994622538,-0.00016984313994622538,-5.3458779578550235e-05
0.0,0.010201732142340214,0.0007782058272616878,-0.0007782058272616878,-0.0006618214668940126
0.0,0.0052515464964768555,0.0004570702514758833,-0.0004570702514758833,-0.0003406858911082082
0.0,0.007229670722828763,0.000585397976504987,-0.000585397976504987,-0.0004690136161373118
0.0,0.00018159245054127915,0.00012816488747005982,-0.00012816488747005982,-1.178052710238468e-05
0.0,0.013554249906357896,0.00099569519018682,-0.00099569519018682,-0.0008793108298191449
0.0,0.003086483632862347,0.0003166151738162565,-0.0003166151738162565,-0.00020023081344858136
0.0,0.001374879432867404,0.00020557751995733503,-0.00020557751995733503,-8.919315958965989e-05
0.0,-0.003708760911961373,-0.0001242157213504473,0.0001242157213504473,0.00024060008171812247
0.0,0.0027740472164057284,0.0002963463484280421,-0.0002963463484280421,-0.000179961988060367
0.0,0.0050329647425946256,0.00044289010099043654,-0.00044289010099043654,-0.0003265057406227614
0.0,0.0016100503211176065,0.00022083386467026473,-0.00022083386467026473,-0.00010444950430258957
0.0,0.0020330263437824403,0.00024827377466547264,-0.00024827377466547264,-0.0001318894142977975
0.0,-0.0018519369130487462,-3.7571594534808263e-06,3.7571594534808263e-06,0.00012014151982115597
0.0,-0.0038112215188927934,-0.00013086269347557984,0.00013086269347557984,0.00024724705384325497
0.0,0.0025564722015867236,0.0002822315085696837,-0.0002822315085696837,-0.00016584714820200853
0.0,0.0008282942843145236,0.00017011866064300216,-0.00017011866064300216,-5.373430027532703e-05
0.0,-0.003736037754951127,-0.00012598526401122684,0.00012598526401122684,0.000242369624378902
0.0,0.00037381693747806644,0.00014063515135686195,-0.00014063515135686195,-2.4250790989186795e-05
0.0,-0.00013640921141577778,0.00010753502545695319,-0.00010753502545695319,8.849334910721956e-06
0.0,0.01254056989753427,0.0009299342800746581,-0.0009299342800746581,-0.000813549919706983
0.0,0.0016404581697111453,0.0002228065264379408,-0.0002228065264379408,-0.00010642216607026567
0.0,-0.0014798348405500317,2.0382382343870237e-05,-2.0382382343870237e-05,9.60019780238049e-05
0.0,-0.005723033522392118,-0.00025488851643658706,0.00025488851643658706,0.0003712728768042622
0.0,-0.0038058649299111957,-0.00013051519311702443,0.00013051519311702443,0.00024689955348469956
0.0,0.003885449938943575,0.00036844686722986846,-0.00036844686722986846,-0.00025206250686219333
0.0,-0.003569960525698801,-0.00011521126269969523,0.00011521126269969523,0.00023159562306737037
0.0,-0.0011529207361400395,4.15904251654427e-05,-4.15904251654427e-05,7.479393520223244e-05
0.0,0.002776056134700333,0.00029647667387023717,-0.00029647667387023717,-0.00018009231350256201
0.0,-0.005176618120080079,-0.00021944066914497207,0.00021944066914497207,0.0003358250295126472
0.0,-0.014281601380197961,-0.0008101122622803657,0.0008101122622803657,0.0009264966226480408
0.0,-0.0033045953891290836,-9.799611320383587e-05,9.799611320383587e-05,0.00021438047357151102
0.0,-0.005900302398330837,-0.0002663885583776513,0.0002663885583776513,0.0003827729187453264
0.0,0.0038211953199089876,0.00036427844900138994,-0.00036427844900138994,-0.0002478940886337148
0.0,-0.005779602928505545,-0.00025855836845906164,0.00025855836845906164,0.00037494272882673677
0.0,0.008619376484360286,0.0006755529710505379,-0.0006755529710505379,-0.0005591686106828628
0.0,0.003947010921615535,0.00037244053999905446,-0.00037244053999905446,-0.0002560561796313793
0.0,-0.00403965777164117,-0.00014568213921050982,0.00014568213921050982,0.00026206649957818495
0.0,-0.015874194741040237,-0.0009134292735027871,0.0009134292735027871,0.0010298136338704623
0.0,0.002747645185721348,0.0002946335578516264,-0.0002946335578516264,-0.0001782491974839513
0.0,0.0019634016027962886,0.0002437569781481118,-0.0002437569781481118,-0.00012737261778043667
0.0,-0.0031743183568806455,-8.954459385572236e-05,8.954459385572236e-05,0.0002059289542233975
0.0,0.004164221602432239,0.00038653174425705823,-0.00038653174425705823,-0.0002701473838893831
0.0,0.008116953209842404,0.0006429590444600637,-0.0006429590444600637,-0.0005265746840923886
0.0,0.0012098628337211537,0.00019487232537027344,-0.00019487232537027344,-7.848796500259829e-05
0.0,5.443114110303959e-05,0.00011991549578143685,-0.00011991549578143685,-3.5311354137617105e-06
0.0,0.009992880823750605,0.0007646569235948232,-0.0007646569235948232,-0.0006482725632271481
0.0,0.007345789391592916,0.0005929309940968057,-0.0005929309940968057,-0.0004765466337291306
0.0,0.0030522833735622257,0.0003143964853168573,-0.0003143964853168573,-0.00019801212494918212
0.0,-0.0033804153149811222,-0.00010291481268026425,0.00010291481268026425,0.0002192991730479394
0.0,0.002714679741101511,0.00029249497602937236,-0.00029249497602937236,-0.00017611061566169723
0.0,0.0056931530442476674,0.000485718787739906,-0.000485718787739906,-0.0003693344273722309
0.0,0.004217739327674108,0.0003900036232409618,-0.0003900036232409618,-0.0002736192628732867
0.0,0.012177672896303449,0.0009063919029238966,-0.0009063919029238966,-0.0007900075425562214
0.0,-0.0018429538196846895,-3.17439527731005e-06,3.17439527731005e-06,0.00011955875564498519
0.0,-0.007216886263627376,-0.0003517998839115977,0.0003517998839115977,0.0004681842442792728
0.0,-0.004719586526811925,-0.0001897914571039812,0.0001897914571039812,0.00030617581747165634
0.0,-0.0025971430708935372,-5.210124706938594e-05,5.210124706938594e-05,0.00016848560743706108
0.0,-0.00273946595048713,-6.133422198295825e-05,6.133422198295825e-05,0.0001777185823506334
0.0,0.0034854258676535466,0.0003424959292949943,-0.0003424959292949943,-0.0002261115689273192
0.0,-0.004073801130465626,-0.0001478971363802656,0.0001478971363802656,0.00026428149674794074
0.0,-0.0060292307798877065,-0.00027475258611487285,0.00027475258611487285,0.000391136946482548
0.0,0.007998543475556064,0.0006352773975645651,-0.0006352773975645651,-0.00051889303719689
0.0,-0.0006666695473820372,7.313521290665045e-05,-7.313521290665045e-05,4.32491474610247e-05
0.0,-0.008979414583967338,-0.00046614116068051034,0.00046614116068051034,0.0005825255210481855
0.0,0.0070532243451535415,0.0005739512928563843,-0.0005739512928563843,-0.00045756693248870915
0.0,-0.008506361953748875,-0.000435452608846269,0.000435452608846269,0.0005518369692139441
0.0,-0.012332078852067663,-0.0006836400278295849,0.0006836400278295849,0.00080002438819726
0.0,0.0005739063518743759,0.00015361564015014566,-0.00015361564015014566,-3.723127978247052e-05
0.0,0.02183049604365883,0.0015326037545894853,-0.0015326037545894853,-0.0014162193942218102
0.0,0.006286271807078414,0.000524196442728499,-0.000524196442728499,-0.0004078120823608239
0.0,0.004074720335558668,0.0003807254891128655,-0.0003807254891128655,-0.00026434112874519037
0.0,-0.007063723409320266,-0.0003418636825394303,0.0003418636825394303,0.0004582480429071054
0.0,0.013827532394934838,0.0010134239655499565,-0.0010134239655499565,-0.0008970396051822813
0.0,0.0067439531397044394,0.0005538878055973029,-0.0005538878055973029,-0.00043750344522962774
0.0,0.006548755402622897,0.0005412246567430472,-0.0005412246567430472,-0.00042484029637537206
0.0,9.173641713244862e-05,0.00012233561740001975,-0.00012233561740001975,-5.9512570323446044e-06
0.0,0.005737513079636436,0.0004885965758726309,-0.0004885965758726309,-0.0003722122155049558
0.0,-0.004724557241463034,-0.00019011392446697492,0.00019011392446697492,0.00030649828483465005
0.0,0.003258134764679621,0.0003277507733662429,-0.0003277507733662429,-0.0002113664129985678
0.0,0.004394843515520774,0.0004014929812988245,-0.0004014929812988245,-0.0002851086209311494
0.0,0.001329699787098182,0.0002026465608790584,-0.0002026465608790584,-8.626220051138326e-05
0.0,0.00558419502875096,0.0004786503063644139,-0.0004786503063644139,-0.00036226594599673875
0.0,-0.004875923596155185,-0.00019993358072760073,0.00019993358072760073,0.00031631794109527586
0.0,-0.0038393812241105385,-0.0001326895104469021,0.0001326895104469021,0.00024907387081457723
0.0,0.002903421198789946,0.00030473928382418773,-0.00030473928382418773,-0.00018835492345651257
0.0,0.003570558689741876,0.0003480187883947237,-0.0003480187883947237,-0.00023163442802704858
0.0,-0.0028055878101066467,-6.562377453311079e-05,6.562377453311079e-05,0.00018200813490078593
0.0,0.004265540341705787,0.0003931046394982079,-0.0003931046394982079,-0.00027672027913053275
0.0,-0.013182771972194418,-0.0007388274176555036,0.0007388274176555036,0.0008552117780231787
0.0,0.013427559516743681,0.000987476348687555,-0.000987476348687555,-0.0008710919883198797
0.0,0.000722931253898329,0.00016328339831955438,-0.00016328339831955438,-4.689903795187924e-05
0.0,-0.0023703916199453445,-3.7391100224415594e-05,3.7391100224415594e-05,0.00015377546059209074
0.0,0.008095344244797742,0.0006415571965440059,-0.0006415571965440059,-0.0005251728361763307
0.0,0.00483725876385388,0.0004301939807509556,-0.0004301939807509556,-0.00031380962038328046
0.0,0.004222034052096646,0.0003902822367918345,-0.0003902822367918345,-0.00027389787642415937
0.0,-0.00369819718572606,-0.000123530416081168,0.000123530416081168,0.00023991477644884316
0.0,-0.0020429655768170463,-1.6149846176672714e-05,1.6149846176672714e-05,0.00013253420654434786
0.0,-0.0036356111002209257,-0.00011947024136394983,0.00011947024136394983,0.00023585460173162497
0.0,0.00812856425584818,0.0006437122929665427,-0.0006437122929665427,-0.0005273279325988676
0.0,0.004961457973002625,0.000438251210801601,-0.000438251210801601,-0.0003218668504339259
0.0,-0.0012633420978621634,3.442701148512562e-05,-3.442701148512562e-05,8.195734888254952e-05
0.0,0.00014980445507073448,0.00012610269082556823,-0.00012610269082556823,-9.718330457893079e-06
0.0,0.0024850813860768373,0.0002776001407211377,-0.0002776001407211377,-0.00016121578035346252
0.0,-0.0007856896412440362,6.541396988531172e-05,-6.541396988531172e-05,5.097039048236342e-05
0.0,-0.002719020284730922,-6.0007841294502524e-05,6.0007841294502524e-05,0.00017639220166217767
0.0,-0.0031928479771501372,-9.074667408059396e-05,9.074667408059396e-05,0.0002071310344482691
0.0,-0.0013034931835718133,3.1822272400528154e-05,-3.1822272400528154e-05,8.456208796714699e-05
0.0,-0.004339572538419101,-0.00016513864209871578,0.00016513864209871578,0.0002815230024663909
0.0,0.011237870620775636,0.0008454236955742112,-0.0008454236955742112,-0.000729039335206536
0.0,0.0018171001772671058,0.00023426590127004375,-0.00023426590127004375,-0.00011788154090236861
0.0,-0.003179659038540561,-8.989106225158523e-05,8.989106225158523e-05,0.00020627542261926037
0.0,-0.01131687458772268,-0.0006177802340169896,0.0006177802340169896,0.0007341645943846647
0.0,-0.0037705618911193506,-0.0001282249635174777,0.0001282249635174777,0.0002446093238851528
0.0,-0.00010141014414954963,0.00010980553537770708,-0.00010980553537770708,6.578824989968062e-06
0.0,0.006320039831068547,0.0005263870906360744,-0.0005263870906360744,-0.00041000273026839927
0.0,-0.003100987910356179,-8.478739546924497e-05,8.478739546924497e-05,0.0002011717558369201
0.0,0.01664796429762072,0.0011963950878129304,-0.0011963950878129304,-0.0010800107274452552
0.0,-0.0005799292044108562,7.876235741731862e-05,-7.876235741731862e-05,3.7622002950356525e-05
0.0,0.0048187283492318045,0.0004289918489936986,-0.0004289918489936986,-0.0003126074886260235
0.0,0.00531812014989308,0.00046138911344419136,-0.00046138911344419136,-0.00034500475307651623
0.0,0.0029157468493599126,0.0003055388911876062,-0.0003055388911876062,-0.00018915453081993103
0.0,0.004745529147706984,0.0004242431649219451,-0.0004242431649219451,-0.00030785880455427
0.0,-0.00033658435338035364,9.454897522133872e-05,-9.454897522133872e-05,2.1835385146336424e-05
0.0,-0.00017925389411521664,0.00010475554346731466,-0.00010475554346731466,1.162881690036049e-05
0.0,0.003959675229718407,0.00037326211724190864,-0.00037326211724190864,-0.0002568777568742335
0.0,-0.008861912729460575,-0.0004585184110702079,0.0004585184110702079,0.000574902771437883
0.0,-0.00033296507498215,9.47837702644918e-05,-9.47837702644918e-05,2.1600590103183345e-05
0.0,-0.0025117674736410134,-4.656263830939783e-05,4.656263830939783e-05,0.00016294699867707297
0.0,0.006081764662643874,0.0005109293605868064,-0.0005109293605868064,-0.0003945450002191313
0.0,-0.0002122089839386998,0.00010261763339632955,-0.00010261763339632955,1.3766726971345592e-05
0.0,0.0003483091890779111,0.0001389803759493318,-0.0001389803759493318,-2.2596015581656667e-05
0.0,0.002306686808393188,0.00026602707063448796,-0.00026602707063448796,-0.0001496427102668128
0.0,-0.012576216507389826,-0.0006994780775759405,0.0006994780775759405,0.0008158624379436156
0.0,0.010817971767347556,0.0008181834121355267,-0.0008181834121355267,-0.0007017990517678515
0.0,0.005166188100786506,0.0004515327586404218,-0.0004515327586404218,-0.00033514839827274666
0.0,-0.0013471203041567348,2.899203097299237e-05,-2.899203097299237e-05,8.739232939468277e-05
0.0,-0.0038951743709020326,-0.00013630900385615654,0.00013630900385615654,0.00025269336422383167
0.0,0.0027737519941737343,0.00029632719634603176,-0.00029632719634603176,-0.0001799428359783566
0.0,0.0005748652214816463,0.00015367784532091368,-0.00015367784532091368,-3.729348495323853e-05
0.0,-0.00888957673985069,-0.0004603130706124411,0.0004603130706124411,0.0005766974309801162
0.0,-0.02087544856898549,-0.0012378778179791513,0.0012378778179791513,0.0013542621783468264
0.0,-0.004876293940238585,-0.00019995760622259622,0.00019995760622259622,0.00031634196659027135
0.0,0.00614065260021901,0.0005147496237229643,-0.0005147496237229643,-0.0003983652633552892
0.0,-0.010209232261157553,-0.000545923665040942,0.000545923665040942,0.0006623080254086172
0.0,0.011267044743841437,0.0008473163213218154,-0.0008473163213218154,-0.0007309319609541402
0.0,-0.0064652996420466735,-0.0003030418736588063,0.0003030418736588063,0.00041942623402648144
0.0,-0.02283191982018462,-0.0013648008400050508,0.0013648008400050508,0.0014811852003727259
0.0,0.007641088938743268,0.0006120880918074061,-0.0006120880918074061,-0.000495703731439731
0.0,-0.0020282227794392593,-1.5193430182746225e-05,1.5193430182746225e-05,0.00013157779055042137
0.0,0.012439792925644788,0.0009233965311478633,-0.0009233965311478633,-0.0008070121707801881
0.0,0.013301886798946505,0.000979323527060736,-0.000979323527060736,-0.0008629391666930608
0.0,0.0015692347655638095,0.00021818601914052395,-0.00021818601914052395,-0.00010180165877284882
0.0,0.011062113608869106,0.0008340217334550406,-0.0008340217334550406,-0.0007176373730873655
0.0,-0.00026926239009483766,9.891638262570372e-05,-9.891638262570372e-05,1.7467977741971426e-05
0.0,0.005810025082904069,0.0004933006790288819,-0.0004933006790288819,-0.00037691631866120667
0.0,0.004809216724759979,0.00042837479718596083,-0.00042837479718596083,-0.0003119904368182857
0.0,0.0011584739056558213,0.00019153854878412328,-0.00019153854878412328,-7.515418841644815e-05
0.0,-0.006524484290135191,-0.00030688138542690914,0.00030688138542690914,0.00042326574579458427
0.0,0.006031458262132583,0.0005076658112879222,-0.0005076658112879222,-0.000391281450920247
0.0,-0.0019187235651341172,-8.089839378356897e-06,8.089839378356897e-06,0.00012447419974603204
0.0,0.00618651346579302,0.0005177247758739654,-0.0005177247758739654,-0.0004013404155062903
0.0,-0.0013476817370097205,2.8955608892002475e-05,-2.8955608892002475e-05,8.742875147567267e-05
0.0,2.1699977565736717e-05,0.0001177921125791372,-0.0001177921125791372,-1.4077522114620625e-06
0.0,0.004948082937896281,0.00043738352625251336,-0.00043738352625251336,-0.00032099916588483824
0.0,0.0027826887923012578,0.0002969069571909128,-0.0002969069571909128,-0.00018052259682323766
0.0,-0.007378510346287226,-0.00036228499428098284,0.00036228499428098284,0.00047866935464865797
0.0,0.01526770113133269,0.0011068526669115548,-0.0011068526669115548,-0.0009904683065438797
0.0,-5.335132643191631e-05,0.00011292327624712965,-0.00011292327624712965,3.461084120545483e-06
0.0,0.0017184082710823834,0.00022786341772995384,-0.00022786341772995384,-0.0001114790573622787
0.0,0.0005380892952486782,0.00015129206444504904,-0.00015129206444504904,-3.490770407737389e-05
0.0,-0.0004632463094992323,8.633197830075187e-05,-8.633197830075187e-05,3.0052382066923265e-05
0.0,-0.005082138985368356,-0.000213311482585929,0.000213311482585929,0.00032969584295360413
0.0,0.00030517087837123036,0.0001361818453005281,-0.0001361818453005281,-1.9797484932852948e-05
0.0,-0.011701095130556172,-0.0006427059426830224,0.0006427059426830224,0.0007590903030506975
0.0,-0.0028217776974703845,-6.667406823367249e-05,6.667406823367249e-05,0.00018305842860134763
0.0,0.009613634629240364,0.0007400539180205988,-0.0007400539180205988,-0.0006236695576529237
0.0,0.0072196189337276895,0.0005847458823591143,-0.0005847458823591143,-0.0004683615219914391
0.0,-0.006131649335692324,-0.00028139683023871724,0.00028139683023871724,0.00039778119060639237
0.0,0.006040504799839086,0.000508252691316891,-0.000508252691316891,-0.0003918683309492159
0.0,-0.0029326714097337447,-7.386812491889576e-05,7.386812491889576e-05,0.0001902524852865709
0.0,-0.004864709743258144,-0.0001992060995047747,0.0001992060995047747,0.00031559045987244983
0.0,0.004403939814465518,0.00040208308951054,-0.00040208308951054,-0.0002856987291428649
0.0,-0.007000319763734719,-0.0003377504698866789,0.0003377504698866789,0.000454134830254354
0.0,-0.0019000838946738874,-6.880619818943866e-06,6.880619818943866e-06,0.000123264980186619
0.0,0.0046402218845611465,0.00041741152041321325,-0.00041741152041321325,-0.0003010271600455381
0.0,0.007924102207026662,0.000630448136332435,-0.000630448136332435,-0.0005140637759647598
0.0,0.0070393485966973035,0.0005730511253094001,-0.0005730511253094001,-0.000456666764941725
0.0,0.002853326841976367,0.0003014894905295884,-0.0003014894905295884,-0.00018510513016191328
0.0,-0.0011264502910314222,4.3307654020963686e-05,-4.3307654020963686e-05,7.307670634671146e-05
0.0,-0.012537288005457836,-0.00069695265170775,0.00069695265170775,0.0008133370120754251
0.0,-0.010750112394172895,-0.0005810124203671457,0.0005810124203671457,0.0006973967807348208
0.0,0.0037505537703756975,0.00035969568861487155,-0.00035969568861487155,-0.00024331132824719642
0.0,0.010918212704340347,0.0008246863866341475,-0.0008246863866341475,-0.0007083020262664724
0.0,-0.020884795550912827,-0.0012384841888585147,0.0012384841888585147,0.0013548685492261899
0.0,-0.009486773662544357,-0.0004990552898637542,0.0004990552898637542,0.0006154396502314293
0.0,0.008217286225508769,0.0006494679924190699,-0.0006494679924190699,-0.0005330836320513948
0.0,0.006757307791485534,0.0005547541678099453,-0.0005547541678099453,-0.0004383698074422701
0.0,0.010488490558689278,0.0007968088324282993,-0.0007968088324282993,-0.0006804244720606242
0.0,0.001363852909705754,0.00020486219145902083,-0.00020486219145902083,-8.847783109134567e-05
0.0,0.003775123551313042,0.0003612896148456663,-0.0003612896148456663,-0.00024490525447799116
0.0,0.004092139025126507,0.0003818554994405542,-0.0003818554994405542,-0.00026547113907287906
0.0,-0.002213313863220212,-2.7200925661726005e-05,2.7200925661726005e-05,0.00014358528602940115
0.0,0.0017169605671216726,0.00022776950019266334,-0.00022776950019266334,-0.00011138513982498821
0.0,-0.008096390978489132,-0.00040885638102488924,0.00040885638102488924,0.0005252407413925644
0.0,0.0032360358580392212,0.0003263171412530449,-0.0003263171412530449,-0.0002099327808853698
0.0,0.004760757069291355,0.0004252310525924014,-0.0004252310525924014,-0.00030884669222472626
0.0,0.002992016977140688,0.00031048679681223746,-0.00031048679681223746,-0.0001941024364445623
0.0,-0.0001432614814260713,0.00010709049512362432,-0.00010709049512362432,9.293865244050824e-06
0.0,-0.0013484450597095465,2.8906089521971607e-05,-2.8906089521971607e-05,8.747827084570354e-05
0.0,0.001871216126306141,0.000237776589090079,-0.000237776589090079,-0.00012139222872240386
0.0,-0.008988392160571124,-0.0004667235669654599,0.0004667235669654599,0.000583107927333135
0.0,0.005616468420812426,0.00048074399235594444,-0.00048074399235594444,-0.0003643596319882693
0.0,-0.0013736249452109828,2.7272583708814566e-05,-2.7272583708814566e-05,8.911177665886058e-05
0.0,0.001519476431128819,0.00021495802477383263,-0.00021495802477383263,-9.857366440615747e-05
0.0,0.009672737603931392,0.0007438881313543791,-0.0007438881313543791,-0.000627503770986704
0.0,0.0004217577030636299,0.00014374523377827528,-0.00014374523377827528,-2.7360873410600123e-05
0.0,-0.004701005088166399,-0.00018858601524275603,0.00018858601524275603,0.00030497037561043116
0.0,-0.00936180703333589,-0.000490948274633243,0.000490948274633243,0.0006073326350009181
0.0,0.00374696520677964,0.0003594628861466193,-0.0003594628861466193,-0.00024307852577894415
0.0,0.0038447864907102947,0.000365808889425391,-0.000365808889425391,-0.00024942452905771587
0.0,-0.00649839809746755,-0.00030518908434939653,0.00030518908434939653,0.00042157344471707166
0.0,0.008116098951240547,0.0006429036257651695,-0.0006429036257651695,-0.0005265192653974944
0.0,0.0023622298736216685,0.00026963034039225185,-0.00026963034039225185,-0.00015324598002457672
0.0,0.004248391856225497,0.00039199215823941525,-0.00039199215823941525,-0.0002756077978717401
0.0,0.005987805879090757,0.0005048339309978822,-0.0005048339309978822,-0.000388449570630207
0.0,-0.0011140717108722997,4.411069510895448e-05,-4.411069510895448e-05,7.227366525872066e-05
0.0,0.0053671102654548886,0.00046456727080923917,-0.00046456727080923917,-0.00034818291044156404
0.0,0.0018436779311643559,0.00023599009161591879,-0.00023599009161591879,-0.00011960573124824364
0.0,0.0007278261010281728,0.00016360094389539342,-0.00016360094389539342,-4.721658352771829e-05
0.0,-0.00037921654875650024,9.178327801550313e-05,-9.178327801550313e-05,2.4601082352172018e-05
0.0,0.001891663548679423,0.00023910308373632864,-0.00023910308373632864,-0.00012271872336865348
0.0,0.006525279593556643,0.0005397017002317436,-0.0005397017002317436,-0.0004233173398640685
0.0,0.004627758701298612,0.00041660299083079596,-0.00041660299083079596,-0.00030021863046312083
0.0,0.0009387712266117898,0.0001772856800264742,-0.0001772856800264742,-6.0901319658799056e-05
0.0,-0.00024598362294592224,0.00010042655634983418,-0.00010042655634983418,1.5957804017840963e-05
0.0,-0.0035370410325543666,-0.00011307566190776353,0.00011307566190776353,0.00022946002227543867
0.0,-0.00708889350376507,-0.00034349655317305385,0.00034349655317305385,0.000459880913540729
0.0,0.003134561695468774,0.00031973416316783424,-0.00031973416316783424,-0.0002033498028001591
0.0,0.0008367051734305964,0.00017066430396072657,-0.00017066430396072657,-5.427994359305143e-05
0.0,0.0021725690603942027,0.000257326390840238,-0.000257326390840238,-0.00014094203047256283
0.0,0.007718881307192449,0.000617134750422027,-0.000617134750422027,-0.0005007503900543519
0.0,0.0012774785766593855,0.00019925879127156732,-0.00019925879127156732,-8.287443090389216e-05
0.0,0.0017300583227324307,0.00022861919666679,-0.00022861919666679,-0.00011223483629911488
0.0,-0.00013246407875799893,0.00010779095978714662,-0.00010779095978714662,8.593400580528521e-06
0.0,-0.006435310620591883,-0.00030109638264875,0.00030109638264875,0.00041748074301642515
0.0,0.0048975112174378665,0.00043410276473572804,-0.00043410276473572804,-0.0003177184043680529
0.0,-0.00117888399729138,3.990609907838365e-05,-3.990609907838365e-05,7.64782612892915e-05
0.0,0.001910868625069062,0.00024034898312386995,-0.00024034898312386995,-0.00012396462275619482
0.0,-0.0003722566922789161,9.223478785315604e-05,-9.223478785315604e-05,2.4149572514519105e-05
0.0,0.006677770440579822,0.0005495943061791137,-0.0005495943061791137,-0.00043320994581143855
0.0,0.0006588129971369927,0.0001591238263809463,-0.0001591238263809463,-4.2739466013271156e-05
0.0,0.005479508115899812,0.00047185890611384235,-0.00047185890611384235,-0.0003554745457461672
0.0,-0.003923521850109468,-0.00013814800237229566,0.00013814800237229566,0.0002545323627399708
0.0,-0.00704880201475111,-0.00034089568033117017,0.00034089568033117017,0.0004572800406988453
0.0,0.004644267890169251,0.0004176739987187849,-0.0004176739987187849,-0.00030128963835110976
0.0,-0.004131071874054704,-0.0001516124865779958,0.0001516124865779958,0.00026799684694567093
0.0,0.0014709227452411877,0.0002118081801034459,-0.0002118081801034459,-9.542381973577076e-05
0.0,0.004843552990250188,0.0004306023088748905,-0.0004306023088748905,-0.00031421794850721536
0.0,-0.0019320956634630848,-8.957333408591089e-06,8.957333408591089e-06,0.00012534169377626623
0.0,0.004201084929208676,0.0003889231951069115,-0.0003889231951069115,-0.00027253883473923635
0.0,-0.01183402645755216,-0.0006513296552644891,0.0006513296552644891,0.0007677140156321643
0.0,0.010264935568841116,0.0007823060510134907,-0.0007823060510134907,-0.0006659216906458156
0.0,-0.0023202504717819705,-3.4138271413952244e-05,3.4138271413952244e-05,0.0001505226317816274
0.0,0.005016150134305564,0.0004417992794938664,-0.0004417992794938664,-0.0003254149191261913
0.0,0.0017544380056517817,0.00023020079058505522,-0.00023020079058505522,-0.00011381643021738007
0.0,0.00048815592189166424,0.00014805271470120008,-0.00014805271470120008,-3.166835433352493e-05
0.0,-0.004849150767687549,-0.00019819673522311875,0.00019819673522311875,0.0003145810955907939
0.0,0.0002881549022029084,0.00013507796037674994,-0.00013507796037674994,-1.869360000907479e-05
0.0,-0.004527786939807377,-0.0001773487579378083,0.0001773487579378083,0.0002937331183054834
0.0,6.091277451791832e-05,0.00012033598164350932,-0.00012033598164350932,-3.951621275834174e-06
0.0,-0.019999240340662028,-0.0011810351752903762,0.0011810351752903762,0.0012974195356580513
0.0,-0.002859121137017251,-6.909666565094851e-05,6.909666565094851e-05,0.00018548102601862365
0.0,0.007189032358413172,0.0005827616259740731,-0.0005827616259740731,-0.00046637726560639796
0.0,-0.009685469956760784,-0.0005119454021574254,0.0005119454021574254,0.0006283297625251005
0.0,1.563854864095049e-05,0.0001173988868282055,-0.0001173988868282055,-1.0145264605303598e-06
0.0,-0.0055566200056119674,-0.00024409269899600426,0.00024409269899600426,0.0003604770593636794
0.0,0.011531402436471216,0.0008644661144628087,-0.0008644661144628087,-0.0007480817540951336
0.0,0.0027594252503462258,0.00029539777117749743,-0.00029539777117749743,-0.0001790134108098223
0.0,-0.00163664161317445,1.0209787452214678e-05,-1.0209787452214678e-05,0.00010617457291546046
0.0,0.006707160027472625,0.0005515009098065583,-0.0005515009098065583,-0.00043511654943888316
0.0,0.004345814053963171,0.00039831227142364507,-0.00039831227142364507,-0.00028192791105596994
0.0,-6.137292417629503e-05,0.00011240288760018753,-0.00011240288760018753,3.98147276748761e-06
0.0,0.008531672245722488,0.0006698632953113379,-0.0006698632953113379,-0.0005534789349436628
0.0,0.005000651911710952,0.0004407938564668055,-0.0004407938564668055,-0.00032440949609913037
0.0,0.002477812999687634,0.00027712861548650716,-0.00027712861548650716,-0.000160744255118832
0.0,0.0029498896671826813,0.000307753853260721,-0.000307753853260721,-0.00019136949289304584
0.0,-0.0019925870761225983,-1.2881619490819727e-05,1.2881619490819727e-05,0.00012926597985849487
0.0,0.004787778824361766,0.00042698404682212906,-0.00042698404682212906,-0.00031059968645445393
0.0,0.0010510808940034089,0.00018457159459298324,-0.00018457159459298324,-6.81872342253081e-05
0.0,4.9987292607633904e-05,0.00011962720803884087,-0.00011962720803884087,-3.242847671165727e-06
0.0,-0.0016899010514689339,6.754664431319449e-06,-6.754664431319449e-06,0.0001096296959363557
0.0,0.00332041473363498,0.00033179108924957036,-0.00033179108924957036,-0.00021540672888189523
0.0,-0.0005440661600049079,8.108891650795801e-05,-8.108891650795801e-05,3.529544385971713e-05
0.0,-0.0007791410646480479,6.583879858188546e-05,-6.583879858188546e-05,5.054556178578968e-05
0.0,-0.0015344207755288997,1.6841204918758147e-05,-1.6841204918758147e-05,9.9543155448917e-05
0.0,0.005035885365550108,0.00044307957185103867,-0.00044307957185103867,-0.00032669521148336354
0.0,-0.003073114142502442,-8.297912823859882e-05,8.297912823859882e-05,0.00019936348860627397
0.0,-0.006545009043329442,-0.00030821289678960024,0.00030821289678960024,0.0004245972571572754
0.0,0.0036460744169486414,0.00035291775345832563,-0.00035291775345832563,-0.0002365333930906505
0.0,0.0008819054148185845,0.00017359659914765937,-0.00017359659914765937,-5.721223877998423e-05
0.0,-0.005962558462297207,-0.0002704273234620891,0.0002704273234620891,0.0003868116838297642
0.0,-0.0007101514711097545,7.03143908988448e-05,-7.03143908988448e-05,4.606996946883034e-05
0.0,0.007484376300642026,0.0006019216037461734,-0.0006019216037461734,-0.0004855372433784983
0.0,0.0012956437010964716,0.0002004372253976085,-0.0002004372253976085,-8.405286502993333e-05
0.0,0.0048911800862372345,0.0004336920424701521,-0.0004336920424701521,-0.00031730768210247695
0.0,-0.00047726958102545236,8.542224042461049e-05,-8.542224042461049e-05,3.096211994306466e-05
0.0,-0.00801332329681892,-0.00040346749468996,0.00040346749468996,0.0005198518550576351
0.0,-0.0057765015647701645,-0.00025835717232216226,0.00025835717232216226,0.0003747415326898374
0.0,0.00783249148610099,0.000624505033645528,-0.000624505033645528,-0.0005081206732778529
0.0,-0.016168772358634453,-0.0009325395371590161,0.0009325395371590161,0.0010489238975266912
0.0,0.008575824615237426,0.0006727276114442764,-0.0006727276114442764,-0.0005563432510766013
0.0,-0.002546802239196233,-4.883546410099173e-05,4.883546410099173e-05,0.00016521982446866687
0.0,-0.002785928622506484,-6.434841538880574e-05,6.434841538880574e-05,0.00018073277575648088
0.0,-0.013248560995234304,-0.0007430953779514885,0.0007430953779514885,0.0008594797383191636
0.0,5.143341477165109e-06,0.00011671802662686134,-0.00011671802662686134,-3.336662591861954e-07
0.0,0.0111655096821337,0.0008407293925000228,-0.0008407293925000228,-0.0007243450321323477
0.0,-0.0015651598591330806,1.4847054796205525e-05,-1.4847054796205525e-05,0.00010153730557146962
0.0,-0.015126053030587783,-0.0008648947464883719,0.0008648947464883719,0.000981279106856047
0.0,0.017461650296527242,0.001249181698348649,-0.001249181698348649,-0.0011327973379809738
0.0,-0.02066141501469354,-0.0012239927248508834,0.0012239927248508834,0.0013403770852185586
0.0,-0.011451012338901223,-0.0006264822114863257,0.0006264822114863257,0.0007428665718540008
0.0,-0.016467929557809624,-0.0009519468940301405,0.0009519468940301405,0.0010683312543978156
0.0,0.0015788647774723774,0.00021881075114863895,-0.00021881075114863895,-0.00010242639078096379
0.0,-0.008100314924121665,-0.00040911094087985327,0.00040911094087985327,0.0005254953012475284
0.0,0.0001449777086941495,0.0001257895631799188,-0.0001257895631799188,-9.405202812243676e-06
0.0,0.012884107385910504,0.0009522207390130016,-0.0009522207390130016,-0.0008358363786453264
0.0,0.00914265720638352,0.0007094999920284217,-0.0007094999920284217,-0.0005931156316607466
0.0,0.019574487182363987,0.001386248697127102,-0.001386248697127102,-0.0012698643367594269
0.0,-0.0072993302004167315,-0.0003571483057698815,0.0003571483057698815,0.0004735326661375566
0.0,0.012303377138681793,0.0009145467696587677,-0.0009145467696587677,-0.0007981624092910926
0.0,0.007053449392805167,0.0005739658924719046,-0.0005739658924719046,-0.0004575815321042295
0.0,-0.0015015683952100956,1.89724518707648e-05,-1.89724518707648e-05,9.741190849691034e-05
0.0,0.011939073060167393,0.0008909131105630522,-0.0008909131105630522,-0.0007745287501953771
0.0,-0.0013853554985293615,2.651158235175806e-05,-2.651158235175806e-05,8.987277801591708e-05
0.0,0.0062301242403934864,0.0005205539568812452,-0.0005205539568812452,-0.0004041695965135701
0.0,0.011731393541549506,0.0008774402255923631,-0.0008774402255923631,-0.000761055865224688
0.0,-0.00011892184463624389,0.00010866949111167384,-0.00010866949111167384,7.7148692560013e-06
0.0,-0.0028298416808328897,-6.719720658150584e-05,6.719720658150584e-05,0.00018358156694918098
0.0,0.005700497411807115,0.0004861952421344915,-0.0004861952421344915,-0.0003698108817668164
0.0,0.0037755130048497954,0.00036131488003665396,-0.00036131488003665396,-0.00024493051966897883
0.0,0.00034958621780534216,0.00013906322119696838,-0.00013906322119696838,-2.2678860829293246e-05
0.0,0.003120184693883088,0.00031880147760559663,-0.00031880147760559663,-0.0002024171172379215
0.0,0.0006966942090356198,0.00016158131094108505,-0.00016158131094108505,-4.519695057340991e-05
0.0,-0.0007011166816754955,7.0900508776969e-05,-7.0900508776969e-05,4.548385159070615e-05
0.0,0.0005298447465655887,0.00015075721220356782,-0.00015075721220356782,-3.4372851835892685e-05
0.0,0.00024027020881067784,0.00013197151555145517,-0.00013197151555145517,-1.5587155183780023e-05
0.0,0.0007353590216279127,0.00016408963037448896,-0.00016408963037448896,-4.770527000681383e-05
0.0,0.005133983312177293,0.00044944352319089425,-0.00044944352319089425,-0.0003330591628232191
0.0,-0.0015011590075549863,1.8999010256600892e-05,-1.8999010256600892e-05,9.738535011107425e-05
0.0,0.0019670962134916703,0.00024399666025659138,-0.00024399666025659138,-0.00012761229988891623
0.0,0.0052368773596394025,0.00045611861409466454,-0.00045611861409466454,-0.0003397342537269894
0.0,0.0028640233144536786,0.00030218340750434855,-0.00030218340750434855,-0.00018579904713667342
0.0,-0.0011500296768531815,4.177797812913647e-05,-4.177797812913647e-05,7.460638223853867e-05
0.0,0.0028059818899186517,0.0002984180605818427,-0.0002984180605818427,-0.00018203370021416758
0.0,-0.002542427180532325,-4.8551638991461784e-05,4.8551638991461784e-05,0.00016493599935913693
0.0,-0.006829362527492333,-0.0003266598857302389,0.0003266598857302389,0.00044304424609791404
0.0,0.006384461097458161,0.0005305663198518852,-0.0005305663198518852,-0.00041418195948421003
0.0,0.0037647427417917267,0.0003606161760130164,-0.0003606161760130164,-0.0002442318156453413
0.0,-0.0011618962070774064,4.100815548231906e-05,-4.100815548231906e-05,7.537620488535608e-05
0.0,0.0016652165347093018,0.0002244126867656534,-0.0002244126867656534,-0.00010802832639797826
0.0,-0.007256565211683386,-0.00035437399380203985,0.00035437399380203985,0.000470758354169715
0.0,-0.00023782354133117245,0.0001009559289219521,-0.0001009559289219521,1.5428431445723056e-05
0.0,-0.01635096881921505,-0.0009443592484709707,0.0009443592484709707,0.0010607436088386458
0.0,0.0045356892119050585,0.00041063012625481557,-0.00041063012625481557,-0.00029424576588714044
0.0,-0.016213587335965784,-0.0009354468389409505,0.0009354468389409505,0.0010518311993086256
0.0,-0.006342586611898127,-0.0002950810571536505,0.0002950810571536505,0.00041146541752132564
0.0,-0.008489022887163578,-0.00043432776393542987,0.00043432776393542987,0.000550712124303105
0.0,0.020352415732846962,0.0014367155989469015,-0.0014367155989469015,-0.0013203312385792264
0.0,0.02401520473971619,0.001674333324998409,-0.001674333324998409,-0.0015579489646307338
0.0,0.004570048934014581,0.00041285915965535123,-0.00041285915965535123,-0.0002964747992876761
0.0,0.003810463907886641,0.000363582265378121,-0.000363582265378121,-0.00024719790501044587
0.0,0.0017463617463617798,0.0002296768558555653,-0.0002296768558555653,-0.00011329249548789016
0.0,-0.00013929653841071588,0.00010734771461987859,-0.00010734771461987859,9.036645747796558e-06
0.0,0.003309574570383944,0.00033108785055989767,-0.00033108785055989767,-0.00021470349019222254
0.0,0.0008617745425745227,0.0001722906401974997,-0.0001722906401974997,-5.590627982982454e-05
0.0,-0.0048886047197381766,-0.00020075624884851006,0.00020075624884851006,0.0003171406092161852
0.0,-0.010310858415930158,-0.0005525165033832919,0.0005525165033832919,0.0006689008637509671
0.0,-0.0003399636723855348,9.432974716967976e-05,-9.432974716967976e-05,2.2054613197995384e-05
0.0,-0.018278105145113743,-0.0010693792129550055,0.0010693792129550055,0.0011857635733226806
0.0,-0.008893471722946522,-0.00046056575156799297,0.00046056575156799297,0.0005769501119356681
0.0,0.01162984267174294,0.0008708522712448059,-0.0008708522712448059,-0.0007544679108771308
0.0,0.017888280629516196,0.0012768586760285843,-0.0012768586760285843,-0.0011604743156609092
0.0,-0.008403811034715436,-0.00042879977786432644,0.00042879977786432644,0.0005451841382320016
0.0,-0.008093685160912578,-0.00040868084532833524,0.00040868084532833524,0.0005250652056960104
0.0,-0.0025785552362955766,-5.089539028071872e-05,5.089539028071872e-05,0.00016727975064839386
0.0,-0.005813067327385291,-0.0002607293191609921,0.0002607293191609921,0.0003771136795286672
0.0,-0.009247875921837956,-0.0004835571714083811,0.0004835571714083811,0.0005999415317760562
0.0,0.013424199395820402,0.000987258366081527,-0.000987258366081527,-0.0008708740057138518
0.0,0.0015499523698385698,0.00021693510378163652,-0.00021693510378163652,-0.00010055074341396139
0.0,0.004731623968765364,0.0004233410881181078,-0.0004233410881181078,-0.00030695672775043266
0.0,0.015269721916580492,0.0011069837622038365,-0.0011069837622038365,-0.0009905994018361613
0.0,-0.005491522439307173,-0.0002398695958776365,0.0002398695958776365,0.0003562539562453116
0.0,0.002568460857030219,0.00028300925389969204,-0.00028300925389969204,-0.0001666248935320169
0.0,-0.013387862410411011,-0.0007521323400718753,0.0007521323400718753,0.0008685167004395504
0.0,-0.013495609366348305,-0.0007591222558466513,0.0007591222558466513,0.0008755066162143264
0.0,0.009534685287099887,0.0007349322025416291,-0.0007349322025416291,-0.0006185478421739539
0.0,-0.012991965252009852,-0.0007264491291762672,0.0007264491291762672,0.0008428334895439424
0.0,0.01296246371066978,0.0009573039834139581,-0.0009573039834139581,-0.0008409196230462829
0.0,0.014439495293299576,0.0010531241044508348,-0.0010531241044508348,-0.0009367397440831597
0.0,-0.0041560462088314765,-0.00015323265760837086,0.00015323265760837086,0.000269617017976046
0.0,0.010291406686777416,0.0007840233235176586,-0.0007840233235176586,-0.0006676389631499835
0.0,-0.0034181723141418763,-0.00010536423913269748,0.00010536423913269748,0.00022174859950037262
0.0,-0.004247194360987749,-0.00015914575186756844,0.00015914575186756844,0.0002755301122352436
0.0,0.010675561019232394,0.000808944736888616,-0.000808944736888616,-0.0006925603765209409
0.0,-2.903358867545336e-05,0.00011450085156953313,-0.00011450085156953313,1.8835087981420108e-06
0.0,0.009644506431775834,0.0007420566780768926,-0.0007420566780768926,-0.0006256723177092175
0.0,0.004074738491730789,0.000380726666966224,-0.000380726666966224,-0.0002643423065985489
0.0,0.0015975744623728527,0.0002200245127857012,-0.0002200245127857012,-0.00010364015241802604
0.0,-0.0003143092177338991,9.599403991654036e-05,-9.599403991654036e-05,2.039032045113478e-05
0.0,-0.0010620573331896477,4.7485046763870144e-05,-4.7485046763870144e-05,6.8899313603805e-05
0.0,0.006126533626735764,0.0005138336773315729,-0.0005138336773315729,-0.0003974493169638977
0.0,-0.0003033391953459752,9.670570301525121e-05,-9.670570301525121e-05,1.967865735242393e-05
0.0,0.002758770892866691,0.0002953553207562419,-0.0002953553207562419,-0.00017897096038856674
0.0,-0.0007657236475081541,6.67092325993205e-05,-6.67092325993205e-05,4.967512776835464e-05
0.0,-0.001476028227480719,2.0629330431732156e-05,-2.0629330431732156e-05,9.575502993594299e-05
0.0,-0.0029563045487578377,-7.540128796591608e-05,7.540128796591608e-05,0.00019178564833359122
0.0,0.006124919257840311,0.0005137289476664935,-0.0005137289476664935,-0.00039734458729881835
0.0,-0.0045385421527393,-0.00017804648560797723,0.00017804648560797723,0.00029443084597565236
0.0,-0.00438850348301556,-0.00016831296083964184,0.00016831296083964184,0.00028469732120731697
0.0,0.0011960799848387271,0.00019397818453829765,-0.00019397818453829765,-7.759382417062252e-05
0.0,-0.014173946589881803,-0.0008031283256065625,0.0008031283256065625,0.0009195126859742376
0.0,0.0039444211911976446,0.00037227253527592367,-0.00037227253527592367,-0.00025588817490824854
0.0,-0.01696133008584244,-0.0009839554840100429,0.0009839554840100429,0.001100339844377718
0.0,-0.0019176795748703235,-8.022112137711211e-06,8.022112137711211e-06,0.00012440647250538635
0.0,0.012601439566208406,0.0009338831049260846,-0.0009338831049260846,-0.0008174987445584094
0.0,-0.006074710968194674,-0.00027770304242170045,0.00027770304242170045,0.0003940874027893756
0.0,0.013533671171787054,0.0009943601768664866,-0.0009943601768664866,-0.0008779758164988115
0.0,-0.003320173700583018,-9.900673187077624e-05,9.900673187077624e-05,0.00021539109223845139
0.0,0.012158421402569175,0.0009051429922834927,-0.0009051429922834927,-0.0007887586319158176
0.0,-0.004872579408787825,-0.00019971663178617054,0.00019971663178617054,0.00031610099215384567
0.0,0.00901275466979845,0.0007010727675025813,-0.0007010727675025813,-0.0005846884071349062
0.0,-0.0017457310425351702,3.1327808071861696e-06,-3.1327808071861696e-06,0.00011325157956048897
0.0,-0.006139421956948832,-0.00028190106692419577,0.00028190106692419577,0.0003982854272918709
0.0,-0.014558905652342857,-0.0008281019445819844,0.0008281019445819844,0.0009444863049496595
0.0,-0.002377499996742527,-3.785224508623976e-05,3.785224508623976e-05,0.0001542366054539149
0.0,0.0023685613495147972,0.0002700410850192161,-0.0002700410850192161,-0.00015365672465154096
0.0,0.012236645187396533,0.0009102176383630131,-0.0009102176383630131,-0.000793833277995338
0.0,-0.008795775050879251,-0.000454227832289572,0.000454227832289572,0.0005706121926572471
0.0,-0.003965371271123064,-0.00014086291831180882,0.00014086291831180882,0.00025724727867948395
0.0,0.0035296669586522,0.0003453660010958605,-0.0003453660010958605,-0.00022898164072818533
0.0,0.0066088151237357895,0.0005451209375092527,-0.0005451209375092527,-0.0004287365771415775
0.0,-0.0020619040578628844,-1.7378450606942122e-05,1.7378450606942122e-05,0.00013376281097461726
0.0,0.002682533127767339,0.0002904095146101103,-0.0002904095146101103,-0.00017402515424243516
0.0,0.004457481018385057,0.000405556491637051,-0.000405556491637051,-0.0002891721312693759
0.0,0.005202865037342352,0.00045391211771532105,-0.00045391211771532105,-0.0003375277573476459
0.0,-0.00458128059365126,-0.00018081907532729798,0.00018081907532729798,0.0002972034356949731
0.0,0.0016297588743277025,0.0002221124263315467,-0.0002221124263315467,-0.00010572806596387156
0.0,0.005148195696902835,0.0004503655294909894,-0.0004503655294909894,-0.00033398116912331427
0.0,-0.0007784436134247175,6.588404464258097e-05,-6.588404464258097e-05,5.050031572509418e-05
0.0,-0.011311245518606405,-0.0006174150569345293,0.0006174150569345293,0.0007337994173022044
0.0,0.009235131672624686,0.0007154991288459788,-0.0007154991288459788,-0.0005991147684783037
0.0,-0.0014806053255762563,2.033239832908126e-05,-2.033239832908126e-05,9.605196203859388e-05
0.0,0.005087480356207541,0.00044642671642657273,-0.00044642671642657273,-0.0003300423560588976
0.0,0.002357715893671175,0.0002693375029808512,-0.0002693375029808512,-0.00015295314261317607
0.0,0.002252800575326619,0.00026253128528000907,-0.00026253128528000907,-0.00014614692491233392
0.0,-0.004141314249916261,-0.00015227694474280516,0.00015227694474280516,0.0002686613051104803
0.0,0.0027692316953564777,0.0002960339490080018,-0.0002960339490080018,-0.00017964958864032665
0.0,-0.0037403355807980043,-0.00012626407876216802,0.00012626407876216802,0.00024264843912984318
0.0,-0.010128906614839228,-0.0005407126639742734,0.0005407126639742734,0.0006570970243419485
0.0,0.010923001659165044,0.0008249970626117902,-0.0008249970626117902,-0.000708612702244115
0.0,0.002940748690645867,0.00030716084665987817,-0.00030716084665987817,-0.00019077648629220302
0.0,-0.011837383677612334,-0.0006515474496815458,0.0006515474496815458,0.000767931810049221
0.0,-0.004455724813014705,-0.00017267383981645404,0.00017267383981645404,0.00028905820018412917
0.0,0.0037738134388320965,0.0003612046233411024,-0.0003612046233411024,-0.00024482026297342724
0.0,0.013457901176364917,0.0009894447165488501,-0.0009894447165488501,-0.000873060356181175
0.0,-0.005089560528435566,-0.00021379294362125386,0.00021379294362125386,0.000330177303988929
0.0,-0.0029496376848567873,-7.496878556485189e-05,7.496878556485189e-05,0.00019135314593252703
0.0,-0.00030495478248648844,9.660089431842296e-05,-9.660089431842296e-05,1.9783466049252182e-05
0.0,0.010779286625573148,0.0008156737738781288,-0.0008156737738781288,-0.0006992894135104537
0.0,0.0007684139066803652,0.0001662340145053596,-0.0001662340145053596,-4.984965413768445e-05
0.0,0.003047948049283322,0.0003141152379136034,-0.0003141152379136034,-0.00019773087754592822
0.0,-0.0006433745436266181,7.464643995531284e-05,-7.464643995531284e-05,4.173792041236231e-05
0.0,-0.0009305162517933008,5.6018569329635605e-05,-5.6018569329635605e-05,6.036579103803954e-05
0.0,0.0023378744854138933,0.0002680503225555215,-0.0002680503225555215,-0.00015166596218784637
0.0,-0.002233886303356414,-2.8535530640425925e-05,2.8535530640425925e-05,0.00014491989100810107
0.0,-0.010281980197837881,-0.0005506430740094903,0.0005506430740094903,0.0006670274343771655
0.0,0.009162641262365545,0.0007107964265024876,-0.0007107964265024876,-0.0005944120661348125
0.0,-0.0012667608976734135,3.4205222177728704e-05,-3.4205222177728704e-05,8.217913818994644e-05
0.0,-0.0063184691730722164,-0.0002935164759120743,0.0002935164759120743,0.00040990083627974943
0.0,0.002059461282371222,0.00024998870009087864,-0.00024998870009087864,-0.0001336043397232035
0.0,-0.0010085961899480855,5.0953255078722574e-05,-5.0953255078722574e-05,6.543110528895257e-05
0.0,0.0021188711112078984,0.00025384282010893194,-0.00025384282010893194,-0.0001374584597412568
0.0,-0.008623167576889856,-0.0004430301915322323,0.0004430301915322323,0.0005594145518999074
0.0,-0.0014361829335245435,2.3214231753092477e-05,-2.3214231753092477e-05,9.317012861458267e-05
0.0,-0.006474509789282434,-0.0003036393676008971,0.0003036393676008971,0.00042002372796857225
0.0,0.00041835300422188304,0.0001435243592492896,-0.0001435243592492896,-2.7139998881614462e-05
0.0,0.012042424827124476,0.0008976178953054141,-0.0008976178953054141,-0.000781233534937739
0.0,0.0017386264178671507,0.00022917503847986933,-0.00022917503847986933,-0.00011279067811219419
0.0,-0.0069942998817651425,-0.0003373599394296892,0.0003373599394296892,0.00045374429979736435
0.0,-0.004622572493653387,-0.0001834978229604406,0.0001834978229604406,0.0002998821833281157
0.0,0.0056898566086796,0.00048550493662200363,-0.00048550493662200363,-0.0003691205762543285
0.0,0.0019796413026920145,0.000244810503359022,-0.000244810503359022,-0.00012842614299134682
0.0,0.009902710578908236,0.0007588072695479292,-0.0007588072695479292,-0.0006424229091802541
0.0,-0.0053035017498218595,-0.0002276720467962264,0.0002276720467962264,0.0003440564071639015
0.0,0.006094866554531064,0.0005117793253954177,-0.0005117793253954177,-0.00039539496502774253
0.0,0.0006358685039113965,0.0001576353381564142,-0.0001576353381564142,-4.1250977788739075e-05
0.0,-0.00735329696164333,-0.00036064931526318827,0.00036064931526318827,0.0004770336756308634
0.0,-0.0029735743006855664,-7.6521636196416e-05,7.6521636196416e-05,0.00019290599656409115
0.0,-0.0003900796440671206,9.107855164421898e-05,-9.107855164421898e-05,2.5305808723456162e-05
0.0,-0.02086619391956246,-0.0012372774370270462,0.0012372774370270462,0.0013536617973947214
0.0,0.0026584898861461426,0.0002888497467965067,-0.0002888497467965067,-0.00017246538642883157
0.0,0.006936040108400654,0.0005663491482026568,-0.0005663491482026568,-0.0004499647878349817
0.0,-0.0003080227407983305,9.640186530629217e-05,-9.640186530629217e-05,1.9982495061382977e-05
0.0,-0.003861756863082544,-0.00013414109513865097,0.00013414109513865097,0.0002505254555063261
0.0,0.00608097510857486,0.0005108781394975977,-0.0005108781394975977,-0.0003944937791299225
0.0,-0.016652749054007043,-0.0009639367706880792,0.0009639367706880792,0.0010803211310557543
0.0,0.0022622025726091177,0.0002631412251947625,-0.0002631412251947625,-0.0001467568648270874
0.0,0.012338485100151564,0.0009168243439211961,-0.0009168243439211961,-0.000800439983553521
0.0,0.011066049239604414,0.0008342770513628285,-0.0008342770513628285,-0.0007178926909951534
0.0,0.004453159211633695,0.0004052761211623208,-0.0004052761211623208,-0.00028889176079464565
0.0,-0.000734986066058041,6.870328527197004e-05,-6.870328527197004e-05,4.768107509570511e-05
0.0,0.008014680412562258,0.0006363242561932377,-0.0006363242561932377,-0.0005199398958255626
0.0,0.001106182994042637,0.00018814625742161707,-0.00018814625742161707,-7.176189705394193e-05
0.0,0.00077123387202227,0.00016641695536021933,-0.00016641695536021933,-5.003259499254418e-05
0.0,-0.0042616893616069795,-0.00016008609243313128,0.00016008609243313128,0.0002764704528008064
0.0,-0.0023877098952062026,-3.8514596330498034e-05,3.8514596330498034e-05,0.00015489895669817318
0.0,-0.005676040278268291,-0.00025183990299269344,0.00025183990299269344,0.00036822426336036856
0.0,-0.01070332804283558,-0.0005779773585170858,0.0005779773585170858,0.000694361718884761
0.0,-0.005775015185050969,-0.00025826074575534063,0.00025826074575534063,0.00037464510612301576
0.0,0.012386154626733425,0.0009199168301351415,-0.0009199168301351415,-0.0008035324697674664
0.0,0.007318795346650031,0.0005911797975183975,-0.0005911797975183975,-0.0004747954371507224
0.0,2.836730636679441e-05,0.00011822464513986453,-0.00011822464513986453,-1.8402847721893902e-06
0.0,-0.002271519985995063,-3.097695712575423e-05,3.097695712575423e-05,0.00014736131749342937
0.0,-0.002756886733696673,-6.246436813238828e-05,6.246436813238828e-05,0.00017884872850006342
0.0,-0.002249704779339723,-2.9561729606761438e-05,2.9561729606761438e-05,0.00014594608997443658
0.0,0.0031146787487494887,0.000318444287999546,-0.000318444287999546,-0.00020205992763187085
0.0,-0.00775298528243118,-0.0003865784719077127,0.0003865784719077127,0.0005029628322753878
0.0,-0.0028748824444340126,-7.011915589566257e-05,7.011915589566257e-05,0.00018650351626333772
0.0,0.012808166466444781,0.0009472941902645304,-0.0009472941902645304,-0.0008309098298968552
0.0,-0.00955710249815489,-0.0005036177634220958,0.0005036177634220958,0.0006200021237897709
0.0,0.0009500546545004873,0.0001780176748184074,-0.0001780176748184074,-6.163331445073227e-05
0.0,-0.0012752120935421996,3.365696402226554e-05,-3.365696402226554e-05,8.27273963454096e-05
0.0,0.003911964108786803,0.00037016693265937476,-0.00037016693265937476,-0.00025378257229169963
0.0,0.00521142418513576,0.0004544673790835828,-0.0004544673790835828,-0.00033808301871590766
0.0,-0.002625530186397551,-5.39428169284674e-05,5.39428169284674e-05,0.00017032717729614254
0.0,-0.008254876246131082,-0.00041913786566381297,0.00041913786566381297,0.0005355222260314881
0.0,-0.021100170073477753,-0.0012524562752127464,0.0012524562752127464,0.0013688406355804215
0.0,-0.031850965718637325,-0.00194989738079005,0.00194989738079005,0.002066281741157725
0.0,-0.03941369286646568,-0.0024405175132204996,0.0024405175132204996,0.0025569018735881748
0.0,-0.01352199497897244,-0.0007608339813270066,0.0007608339813270066,0.0008772183416946817
0.0,0.03903385877450183,0.002648645089450932,-0.002648645089450932,-0.002532260729083257
0.0,0.024297748621125326,0.0016926629187818062,-0.0016926629187818062,-0.001576278558414131
0.0,0.0006087363616984476,0.00015587518273292242,-0.00015587518273292242,-3.9490822365247266e-05
0.0,-0.008391670369217175,-0.00042801217111901877,0.00042801217111901877,0.0005443965314866939
0.0,-0.029576446640986798,-0.00180234150190145,0.00180234150190145,0.001918725862269125
0.0,0.01829297500443139,0.0013031125926295244,-0.0013031125926295244,-0.0011867282322618493
0.0,0.0011647935451044589,0.00019194852554020573,-0.00019194852554020573,-7.556416517253058e-05
0.0,-0.015329595723932221,-0.0008780992613693001,0.0008780992613693001,0.0009944836217369753
0.0,0.02508305358648033,0.0017436083540156289,-0.0017436083540156289,-0.0016272239936479538
0.0,-0.01389756050907287,-0.0007851982095362836,0.0007851982095362836,0.0009015825699039587
0.0,0.005277955033794246,0.0004587834641599708,-0.0004587834641599708,-0.0003423991037922957
0.0,0.004487043210972708,0.00040747429278983394,-0.00040747429278983394,-0.0002910899324221588
0.0,-0.004089655710746709,-0.00014892567755662788,0.00014892567755662788,0.000265310037924303
0.0,0.01283131142251781,0.0009487956832037417,-0.0009487956832037417,-0.0008324113228360666
0.0,0.008705414349693852,0.0006811345434197207,-0.0006811345434197207,-0.0005647501830520456
0.0,-0.002561059320011938,-4.9760369990249075e-05,4.9760369990249075e-05,0.00016614473035792422
0.0,-0.016164165744279924,-0.0009322406902350828,0.0009322406902350828,0.001048625050602758
0.0,0.004565783605198437,0.00041258245309861173,-0.00041258245309861173,-0.0002961980927309366
0.0,-0.012318429274285614,-0.0006827545327524589,0.0006827545327524589,0.0007991388931201341
0.0,-0.002048642890328245,-1.651815303903432e-05,1.651815303903432e-05,0.00013290251340670946
0.0,-0.003362984329369434,-0.00010178400466590196,0.00010178400466590196,0.0002181683650335771
0.0,-0.00046579328582951884,8.616674718239515e-05,-8.616674718239515e-05,3.0217613185279986e-05
0.0,-0.02566609046896018,-0.0015486632420000828,0.0015486632420000828,0.001665047602367758
0.0,0.001232853252514099,0.0001963637929443833,-0.0001963637929443833,-7.997943257670815e-05
0.0,0.019075555906861608,0.0013538813085282734,-0.0013538813085282734,-0.0012374969481605983
0.0,0.001973884228037459,0.0002444370221168432,-0.0002444370221168432,-0.00012805266174916805
0.0,0.014315289284541954,0.001045066433286165,-0.001045066433286165,-0.0009286820729184899
0.0,0.018289840800508328,0.0013029092660366514,-0.0013029092660366514,-0.0011865249056689762
0.0,-0.0035882361830883447,-0.00011639686747869168,0.00011639686747869168,0.00023278122784636682
0.0,0.008035633639867479,0.0006376835641458305,-0.0006376835641458305,-0.0005212992037781554
0.0,0.008818435459823082,0.0006884666117245996,-0.0006884666117245996,-0.0005720822513569244
0.0,0.000725111326717931,0.0001634248271447062,-0.0001634248271447062,-4.7040466777031066e-05
0.0,0.0012754772073804155,0.0001991289555599917,-0.0001991289555599917,-8.274459519231655e-05
0.0,-0.006825423947869114,-0.0003264043765179455,0.0003264043765179455,0.0004427887368856206
0.0,-0.0047162741982138545,-0.00018957657495053667,0.00018957657495053667,0.0003059609353182118
0.0,0.01485277361914017,0.0010799348914845533,-0.0010799348914845533,-0.0009635505311168781
0.0,0.004570474275370051,0.0004128867530126243,-0.0004128867530126243,-0.0002965023926449492
0.0,0.00027054553471672627,0.0001339355801164006,-0.0001339355801164006,-1.7551219748725454e-05
0.0,-0.0014210903493528937,2.4193339619907274e-05,-2.4193339619907274e-05,9.219102074776787e-05
0.0,-0.005825414995899281,-0.0002615303549042002,0.0002615303549042002,0.00037791471527187534
0.0,0.01662757156411132,0.001195072141021458,-0.001195072141021458,-0.0010786877806537828
0.0,0.011030344539323389,0.0008319607646004142,-0.0008319607646004142,-0.0007155764042327391
0.0,-0.0019131006866738298,-7.725063905051767e-06,7.725063905051767e-06,0.0001241094242727269
0.0,-0.002554118539720318,-4.931009769041832e-05,4.931009769041832e-05,0.00016569445805809347
0.0,0.01184003327863703,0.0008844880591522972,-0.0008844880591522972,-0.0007681036987846221
0.0,-0.0004497742019048401,8.72059602761529e-05,-8.72059602761529e-05,2.917840009152224e-05
0.0,-0.004809877003672414,-0.00019564891101559319,0.00019564891101559319,0.0003120332713832683
0.0,0.011873817006551102,0.0008866797258274537,-0.0008866797258274537,-0.0007702953654597786
0.0,0.002728067346863705,0.000293363476080159,-0.000293363476080159,-0.00017697911571248385
0.0,-0.003545367230984642,-0.00011361581104929072,0.00011361581104929072,0.00023000017141696586
0.0,-0.0011321483923818487,4.2937998579943167e-05,-4.2937998579943167e-05,7.344636178773198e-05
0.0,-0.0003476213457177524,9.383296755157063e-05,-9.383296755157063e-05,2.2551392816104512e-05
0.0,-0.009822729385718598,-0.0005208498936055861,0.0005208498936055861,0.0006372342539732612
0.0,0.0015105949543003927,0.00021438185281197732,-0.00021438185281197732,-9.799749244430219e-05
0.0,-0.003228085812548187,-9.30326737116289e-05,9.30326737116289e-05,0.00020941703407930404
0.0,-0.013990375564759017,-0.0007912194415630601,0.0007912194415630601,0.0009076038019307352
0.0,-0.011207364706699363,-0.0006106759512258894,0.0006106759512258894,0.0007270603115935645
0.0,0.014903265264943455,0.001083210458282934,-0.001083210458282934,-0.0009668260979152589
0.0,-0.0013393792481354305,2.9494219913051432e-05,-2.9494219913051432e-05,8.689014045462371e-05
0.0,0.01616245179852549,0.0011648982214118807,-0.0011648982214118807,-0.0010485138610442056
0.0,-0.00112310916925773,4.352440408678431e-05,-4.352440408678431e-05,7.285995628089083e-05
0.0,0.003810195689989637,0.0003635648651602398,-0.0003635648651602398,-0.0002471805047925647
0.0,-0.0012348607728660532,3.627469303812186e-05,-3.627469303812186e-05,8.010966732955329e-05
0.0,0.0012219959743400288,0.0001956594439507632,-0.0001956594439507632,-7.927508358308803e-05
0.0,-0.00012913227667687988,0.00010800710525244218,-0.00010800710525244218,8.377255115232968e-06
0.0,0.0005936176807606053,0.00015489438187908915,-0.00015489438187908915,-3.8510021511414024e-05
0.0,-0.004640997274763192,-0.0001846931019082855,0.0001846931019082855,0.00030107746227596064
0.0,0.01068057336863748,0.00080926990524136,-0.00080926990524136,-0.0006928855448736849
0.0,-0.010995693172566212,-0.000596944090472724,0.000596944090472724,0.0007133284508403991
0.0,-0.014373526666262015,-0.0008160757718901768,0.0008160757718901768,0.0009324601322578519
0.0,0.0205256690573854,0.0014479551382516444,-0.0014479551382516444,-0.0013315707778839693
0.0,-0.006989502964787397,-0.0003370487469197816,0.0003370487469197816,0.00045343310728745674
0.0,-0.0064899016523778386,-0.0003046378907212753,0.0003046378907212753,0.0004210222510889504
0.0,-0.007738985017979982,-0.00038567022657969236,0.00038567022657969236,0.0005020545869473675
0.0,0.0022513871531610885,0.00026243959172073106,-0.00026243959172073106,-0.00014605523135305593
0.0,-0.019422767297482935,-0.001143637385411321,0.001143637385411321,0.0012600217457789961
0.0,0.004755560017433602,0.0004248939019560161,-0.0004248939019560161,-0.00030850954158834096
0.0,0.010618561082731848,0.0008052469548785305,-0.0008052469548785305,-0.0006888625945108554
0.0,0.014514969430300617,0.001058020371414685,-0.001058020371414685,-0.0009416360110470099
0.0,-0.015040520909943678,-0.0008593459835173954,0.0008593459835173954,0.0009757303438850705
0.0,-0.01779722000676387,-0.0010381825393676477,0.0010381825393676477,0.0011545668997353228
0.0,0.0077784025360287945,0.0006209960973413716,-0.0006209960973413716,-0.0005046117369736964
0.0,0.008816736053143037,0.0006883563653658298,-0.0006883563653658298,-0.0005719720049981547
0.0,0.01241806830075265,0.0009219871799795293,-0.0009219871799795293,-0.0008056028196118542
0.0,-0.001598636221499028,1.2675327981760427e-05,-1.2675327981760427e-05,0.00010370903238591472
0.0,-0.00217855994238203,-2.4946319233276113e-05,2.4946319233276113e-05,0.00014133067960095126
0.0,0.010629762908764828,0.0008059736558773021,-0.0008059736558773021,-0.000689589295509627
0.0,-0.007217228595965963,-0.00035182209218832247,0.00035182209218832247,0.0004682064525559976
0.0,-0.00941191309542666,-0.00049419882728945,0.00049419882728945,0.0006105831876571251
0.0,-0.015303731089594375,-0.0008764213335429943,0.0008764213335429943,0.0009928056939106694
0.0,0.0020122259542274534,0.00024692438182363216,-0.00024692438182363216,-0.000130540021455957
0.0,-0.013115396702646942,-0.0007344565520905053,0.0007344565520905053,0.0008508409124581805
0.0,-0.023700443014411654,-0.0014211449280887977,0.0014211449280887977,0.0015375292884564728
0.0,-0.010838374390218508,-0.0005867382797485606,0.0005867382797485606,0.0007031226401162358
0.0,0.0008532721255336551,0.00017173905914835827,-0.00017173905914835827,-5.535469878068313e-05
0.0,0.00780279851675636,0.0006225787485545343,-0.0006225787485545343,-0.0005061943881868591
0.0,-0.02496545230421965,-0.0015032104334494617,0.0015032104334494617,0.0016195947938171368
0.0,0.016695905386662213,0.0011995051912180427,-0.0011995051912180427,-0.0010831208308503676
0.0,-0.021599098001850003,-0.0012848234466717263,0.0012848234466717263,0.0014012078070394015
0.0,0.0005318215543925753,0.00015088545452924054,-0.00015088545452924054,-3.4501094161565407e-05
0.0,-0.011693855152413501,-0.0006422362603890934,0.0006422362603890934,0.0007586206207567686
0.0,0.005195438361131455,0.0004534303236753027,-0.0004534303236753027,-0.0003370459633076276
0.0,0.020283701024494727,0.0014322578393778055,-0.0014322578393778055,-0.0013158734790101303
0.0,-0.015637982053378963,-0.0008981053436773663,0.0008981053436773663,0.0010144897040450414
0.0,0.014144335590226431,0.001033976078906708,-0.001033976078906708,-0.0009175917185390329
0.0,-0.010863483795639506,-0.0005883672132763869,0.0005883672132763869,0.000704751573644062
0.0,0.005528577205787588,0.00047504218681515597,-0.00047504218681515597,-0.00035865782644748084
0.0,0.0247602174153414,0.001722664860756983,-0.001722664860756983,-0.001606280500389308
0.0,-0.00044323658717015935,8.76300778390653e-05,-8.76300778390653e-05,2.875428252860985e-05
0.0,-0.018743090830274922,-0.0010995444343060825,0.0010995444343060825,0.0012159287946737576
0.0,0.004992038934619414,0.0004402351030067545,-0.0004402351030067545,-0.0003238507426390794
0.0,0.0015267325638141926,0.00021542875506853237,-0.00021542875506853237,-9.904439470085721e-05
0.0,-0.018481246310869337,-0.0010825576793596415,0.0010825576793596415,0.0011989420397273166
0.0,-0.014153935656373462,-0.0008018301474948824,0.0008018301474948824,0.0009182145078625576
0.0,-0.0006636203533073592,7.333302461815113e-05,-7.333302461815113e-05,4.305133574952401e-05
0.0,-0.00018895027740828407,0.00010412650571911199,-0.00010412650571911199,1.2257854648563159e-05
0.0,-0.012301161792504733,-0.0006816343317941964,0.0006816343317941964,0.0007980186921618715
0.0,0.019518049565855122,0.0013825873947497461,-0.0013825873947497461,-0.001266203034382071
0.0,0.01651665412216241,0.0011878765449098824,-0.0011878765449098824,-0.0010714921845422073
0.0,0.01648043921048603,0.001185527158978681,-0.001185527158978681,-0.0010691427986110058
0.0,-0.004665713707027619,-0.00018629654191527602,0.00018629654191527602,0.00030268090228295115
0.0,-2.6032942938902792e-05,0.00011469551378329104,-0.00011469551378329104,1.6888465843841017e-06
0.0,0.014454197186153817,0.0010540778668275718,-0.0010540778668275718,-0.0009376935064598967
0.0,-0.012454371867771763,-0.0006915735965525149,0.0006915735965525149,0.00080795795692019
0.0,0.004439786812972857,0.00040440860764852474,-0.00040440860764852474,-0.0002880242472808496
0.0,0.011348275359951865,0.00085258603089278,-0.00085258603089278,-0.0007362016705251049
0.0,-0.0018701144822791393,-4.936400916084709e-06,4.936400916084709e-06,0.00012132076128375985
0.0,-0.008120976341902342,-0.00041045131814451056,0.00041045131814451056,0.0005268356785121857
0.0,0.023868791801894718,0.0016648350139342408,-0.0016648350139342408,-0.0015484506535665657
0.0,0.004094308735004493,0.0003819962559860259,-0.0003819962559860259,-0.00026561189561835077
0.0,0.0034987406745825567,0.0003433597066349811,-0.0003433597066349811,-0.00022697534626730595
0.0,0.0033058923144386743,0.00033084896994656893,-0.00033084896994656893,-0.0002144646095788938
0.0,0.0008850141950174084,0.00017379827641606145,-0.00017379827641606145,-5.741391604838629e-05
0.0,-0.011240108649505087,-0.0006128001634633034,0.0006128001634633034,0.0007291845238309785
0.0,0.0050523932937867055,0.0004441504979573597,-0.0004441504979573597,-0.00032776613758968455
0.0,0.00015580493345068724,0.00012649196250493375,-0.00012649196250493375,-1.0107602137258614e-05
0.0,0.01639550053418848,0.0011800168947844296,-0.0011800168947844296,-0.0010636325344167545
0.0,-0.001260972921287129,3.458070812157353e-05,-3.458070812157353e-05,8.180365224610161e-05
0.0,-0.0018369416879204792,-2.78436760280996e-06,2.78436760280996e-06,0.0001191687279704851
0.0,0.005600351545632654,0.0004796984352069819,-0.0004796984352069819,-0.0003633140748393068
0.0,0.006595236486620859,0.0005442400445973002,-0.0005442400445973002,-0.0004278556842296251
0.0,0.004405643688967897,0.0004021936257123177,-0.0004021936257123177,-0.00028580926534464257
0.0,0.0009855772666846896,0.00018032214889943958,-0.00018032214889943958,-6.393778853176444e-05
0.0,-0.000877387766836879,5.946519695689751e-05,-5.946519695689751e-05,5.6919163410777634e-05
0.0,-0.006386031602501285,-0.000297899483182584,0.000297899483182584,0.00041428384355025915
0.0,-0.0003780702927851376,9.185763958448166e-05,-9.185763958448166e-05,2.4526720783193475e-05
0.0,0.0005452554858313974,0.0001517569598860706,-0.0001517569598860706,-3.5372599518395465e-05
0.0,0.008816651779288476,0.0006883508982309091,-0.0006883508982309091,-0.000571966537863234
0.0,0.004350315260639448,0.00039860428018879615,-0.00039860428018879615,-0.000282219919821121
0.0,-0.00203975921756705,-1.5941838619464388e-05,1.5941838619464388e-05,0.00013232619898713953
0.0,0.006330915127309877,0.0005270926085237155,-0.0005270926085237155,-0.0004107082481560404
0.0,-0.003208322345054082,-9.175054957179039e-05,9.175054957179039e-05,0.00020813490993946553
0.0,-0.010144492387214377,-0.000541723766656845,0.000541723766656845,0.0006581081270245202
0.0,0.010507619269939372,0.000798049777746476,-0.000798049777746476,-0.0006816654173788008
0.0,-0.011975786526205012,-0.000660526118695777,0.000660526118695777,0.0007769104790634521
0.0,0.0027865779152880243,0.0002971592579810257,-0.0002971592579810257,-0.0001807748976133506
0.0,-0.0027397858070188352,-6.13549721767543e-05,6.13549721767543e-05,0.00017773933254442944
0.0,0.0096621337827838,0.000743200224990179,-0.000743200224990179,-0.0006268158646225039
0.0,0.01004013710204088,0.0007677226009701603,-0.0007677226009701603,-0.0006513382406024852
0.0,0.0001729273803483533,0.00012760275455127627,-0.00012760275455127627,-1.121839418360112e-05
0.0,-0.0009842848497145784,5.253041537179886e-05,-5.253041537179886e-05,6.385394499587628e-05
0.0,0.006541025289023228,0.0005407231776755311,-0.0005407231776755311,-0.00042433881730785596
0.0,0.0030844851678346608,0.0003164855265134548,-0.0003164855265134548,-0.00020010116614577967
0.0,0.0007615448773992117,0.0001657883969404636,-0.0001657883969404636,-4.940403657278845e-05
0.0,-0.005194027008290192,-0.00022057004362485997,0.00022057004362485997,0.0003369544039925351
0.0,4.785972478082989e-05,0.00011948918539323464,-0.00011948918539323464,-3.1048250255594944e-06
0.0,-0.0018120458796383465,-1.1692908563415362e-06,1.1692908563415362e-06,0.00011755365122401668
0.0,0.0018727515871905798,0.0002378761997209718,-0.0002378761997209718,-0.00012149183935329663
0.0,0.001649352800310755,0.00022338355173019315,-0.00022338355173019315,-0.000106999191362518
0.0,-0.009230768513682652,-0.000482447354977002,0.000482447354977002,0.0005988317153446771
0.0,-0.005063088369821722,-0.00021207560360475287,0.00021207560360475287,0.000328459963972428
0.0,0.007809946463542827,0.0006230424604577185,-0.0006230424604577185,-0.0005066581000900433
0.0,-0.008676638198860664,-0.00044649901476486603,0.00044649901476486603,0.0005628833751325412
0.0,-0.005936889314214544,-0.0002687620775017996,0.0002687620775017996,0.00038514643786947473
0.0,-0.0002390081258001331,0.00010087908085145103,-0.00010087908085145103,1.5505279516224106e-05
0.0,0.0031746390805036384,0.00032233412103606406,-0.00032233412103606406,-0.0002059497606683889
0.0,0.0007534970439868616,0.00016526630629546665,-0.00016526630629546665,-4.888194592779152e-05
0.0,0.012483643435067249,0.0009262412645779419,-0.0009262412645779419,-0.0008098569042102667
0.0,-0.009561518078546327,-0.0005039042173155205,0.0005039042173155205,0.0006202885776831956
0.0,-0.0001694649071644072,0.00010539058873343207,-0.00010539058873343207,1.0993771634243072e-05
0.0,-0.00847828902508041,-0.0004336314213682852,0.0004336314213682852,0.0005500157817359603
0.0,0.009796652464963085,0.0007519269147642669,-0.0007519269147642669,-0.0006355425543965918
0.0,-0.009411297455333645,-0.0004941588885982793,0.0004941588885982793,0.0006105432489659545
0.0,0.00020517873267866804,0.00012969501074961125,-0.00012969501074961125,-1.3310650381936102e-05
0.0,-0.003706707658226005,-0.00012408251971565758,0.00012408251971565758,0.0002404668800833327
0.0,0.006019504059596059,0.0005068903010365369,-0.0005068903010365369,-0.0003905059406688618
0.0,-0.0020854589704891735,-1.8906538838370135e-05,1.8906538838370135e-05,0.00013529089920604528
0.0,0.013681382686285826,0.001003942731067943,-0.001003942731067943,-0.0008875583707002678
0.0,0.006974740643369559,0.0005688597850695476,-0.0005688597850695476,-0.00045247542470187245
0.0,-0.00021044390350322129,0.00010273214023758899,-0.00010273214023758899,1.3652220130086149e-05
0.0,0.004286857336424754,0.00039448754629460635,-0.00039448754629460635,-0.0002781031859269312
0.0,-0.0010052630048559275,5.116949026470299e-05,-5.116949026470299e-05,6.521487010297215e-05
0.0,0.0011350423274503196,0.0001900184616809493,-0.0001900184616809493,-7.363410131327417e-05
0.0,0.0028246780734553223,0.00029963094633897854,-0.00029963094633897854,-0.00018324658597130338
0.0,-0.002911814656949452,-7.251507560043168e-05,7.251507560043168e-05,0.00018889943596810683
0.0,0.004897281193053882,0.00043408784226245525,-0.00043408784226245525,-0.0003177034818947801
0.0,0.0012894462510633087,0.0002000351754893456,-0.0002000351754893456,-8.365081512167045e-05
0.0,0.0033095665337075086,0.00033108732919304417,-0.00033108732919304417,-0.00021470296882536904
0.0,-0.0017177585589538413,4.9474520667490575e-06,-4.9474520667490575e-06,0.00011143690830092609
0.0,-0.009175181182794367,-0.00047884121355357427,0.00047884121355357427,0.0005952255739212494
0.0,-0.008115191387155773,-0.0004100760282248312,0.0004100760282248312,0.0005264603885925063
0.0,-0.0017988851350955182,-3.1550807345483525e-07,3.1550807345483525e-07,0.00011669986844112998
0.0,-0.0018407128700851372,-3.0290171659738436e-06,3.0290171659738436e-06,0.00011941337753364899
0.0,0.0031329906996742096,0.0003196322472650507,-0.0003196322472650507,-0.00020324788689737554
0.0,-0.0032579654199809127,-9.497106665759459e-05,9.497106665759459e-05,0.00021135542702526973
0.0,0.00580818525653326,0.0004931813231616065,-0.0004931813231616065,-0.0003767969627939314
0.0,0.002712061607464289,0.0002923251286916718,-0.0002923251286916718,-0.00017594076832399666
0.0,-0.0016515636618127383,9.241742812239414e-06,-9.241742812239414e-06,0.00010714261755543573
0.0,0.01336407865930278,0.0009833581270360708,-0.0009833581270360708,-0.0008669737666683956
0.0,-0.035919799994431734,-0.002213856660585174,0.002213856660585174,0.002330241020952849
0.0,-0.01809650217612302,-0.0010575980034846126,0.0010575980034846126,0.0011739823638522878
0.0,0.01777016508725926,0.0012691961143823094,-0.0012691961143823094,-0.0011528117540146343
0.0,0.017032672570028273,0.0012213524371746459,-0.0012213524371746459,-0.0011049680768069707
0.0,0.013565044705922347,0.0009963954859780536,-0.0009963954859780536,-0.0008800111256103783
0.0,0.00194860235588723,0.00024279690007885632,-0.00024279690007885632,-0.00012641253971118116
0.0,-0.006847477437932237,-0.0003278350623015031,0.0003278350623015031,0.00044421942266917823
0.0,0.005352963242081676,0.00046364950472496956,-0.00046364950472496956,-0.00034726514435729443
0.0,-0.0008715778419239317,5.9842106777188945e-05,-5.9842106777188945e-05,5.65422535904862e-05
0.0,0.015253349296718177,0.0011059216140173334,-0.0011059216140173334,-0.0009895372536496583
0.0,0.003408615474199461,0.00033751297477715227,-0.00033751297477715227,-0.0002211286144094771
0.0,0.007009293213798395,0.0005711013292041229,-0.0005711013292041229,-0.00045471696883644773
0.0,0.00013476775533982632,0.00012512720837471537,-0.00012512720837471537,-8.742848007040218e-06
0.0,0.00525920411762093,0.000457567027708368,-0.000457567027708368,-0.0003411826673406929
0.0,-0.0009289473209127541,5.6120351274341766e-05,-5.6120351274341766e-05,6.026400909333338e-05
0.0,0.002382294987840705,0.0002709320333930635,-0.0002709320333930635,-0.00015454767302538832
0.0,-0.0014351736522938419,2.3279707299332254e-05,-2.3279707299332254e-05,9.310465306834289e-05
0.0,0.004270300173431885,0.00039341342616023564,-0.00039341342616023564,-0.0002770290657925605
0.0,-0.003612528916297486,-0.00011797282067007305,0.00011797282067007305,0.0002343571810377482
0.0,0.004553964713003289,0.00041181572089465674,-0.00041181572089465674,-0.0002954313605269816
0.0,-0.0030114751244342264,-7.898039304474819e-05,7.898039304474819e-05,0.00019536475341242333
0.0,0.0003227842443460638,0.0001373244849565945,-0.0001373244849565945,-2.0940124588919364e-05
0.0,-0.0011985421207814095,3.8630808966564405e-05,-3.8630808966564405e-05,7.775355140111074e-05
0.0,0.0016062090221755643,0.0002205846663904893,-0.0002205846663904893,-0.00010420030602281414
0.0,0.0016313092573088106,0.0002222130050101954,-0.0002222130050101954,-0.00010582864464252026
0.0,-0.0012697872845152114,3.4008890049901636e-05,-3.4008890049901636e-05,8.23754703177735e-05
0.0,-0.006361619481225378,-0.00029631578487651286,0.00029631578487651286,0.000412700145244188
0.0,0.0031339432802557354,0.00031969404444507894,-0.00031969404444507894,-0.0002033096840774038
0.0,0.00021257188969192597,0.00013017463028394354,-0.00013017463028394354,-1.3790269916268407e-05
0.0,0.008603496447961101,0.0006745227784482031,-0.0006745227784482031,-0.000558138418080528
0.0,-0.0009071655678379864,5.7533408544453455e-05,-5.7533408544453455e-05,5.885095182322169e-05
0.0,0.0003897939364765346,0.0001416716342566477,-0.0001416716342566477,-2.5287273888972554e-05
0.0,-0.0028646859974036376,-6.945767729216712e-05,6.945767729216712e-05,0.00018584203765984226
0.0,0.004734588012062169,0.0004235333758056552,-0.0004235333758056552,-0.00030714901543798005
0.0,-0.0007960463737501922,6.47420930114811e-05,-6.47420930114811e-05,5.164226735619405e-05
0.0,0.0027929092187690685,0.0002975699914230248,-0.0002975699914230248,-0.00018118563105534965
0.0,-0.00547907701986905,-0.00023906221869563176,0.00023906221869563176,0.0003554465790633069
0.0,0.001868589648029051,0.00023760620040687736,-0.00023760620040687736,-0.00012122184003920223
0.0,0.0021996173129046337,0.000259081104050074,-0.000259081104050074,-0.00014269674368239886
0.0,-0.0014402713809749113,2.2949000099176418e-05,-2.2949000099176418e-05,9.343536026849872e-05
0.0,-0.000563323157221185,7.983964883773992e-05,-7.983964883773992e-05,3.654471152993522e-05
0.0,0.0019517694055308787,0.00024300235748664166,-0.00024300235748664166,-0.0001266179971189665
0.0,-0.005240276852734871,-0.00022357043017362657,0.00022357043017362657,0.0003399547905413017
0.0,-0.0013652276243513173,2.7817346807059234e-05,-2.7817346807059234e-05,8.856701356061591e-05
0.0,-0.0015788165944199406,1.3961095387114478e-05,-1.3961095387114478e-05,0.00010242326498056066
0.0,0.005228047221710774,0.00045554577266388954,-0.00045554577266388954,-0.0003391614122962144
0.0,-0.0019536804841114863,-1.035761499458577e-05,1.035761499458577e-05,0.0001267419753622609
0.0,-0.0023758642617150993,-3.774612932666114e-05,3.774612932666114e-05,0.00015413048969433629
0.0,-4.1384533048027805e-05,0.00011369960331010683,-0.00011369960331010683,2.684757057568324e-06
0.0,0.004201041336424849,0.0003889203670930276,-0.0003889203670930276,-0.00027253600672535246
0.0,0.0029816787577114923,0.0003098161209454103,-0.0003098161209454103,-0.00019343176057773514
0.0,-0.0001463852229309781,0.00010688784726381677,-0.00010688784726381677,9.496513103858372e-06
0.0,-0.0022230136296667036,-2.7830182886732284e-05,2.7830182886732284e-05,0.00014421454325440743
0.0,-0.02452206896667508,-0.0014744466307191153,0.0014744466307191153,0.0015908309910867904
0.0,0.01467705274849096,0.0010685352739731025,-0.0010685352739731025,-0.0009521509136054272
0.0,-0.014830674258895948,-0.0008457325092091644,0.0008457325092091644,0.0009621168695768395
0.0,-0.0005876766502063147,7.825975395062379e-05,-7.825975395062379e-05,3.812460641705135e-05
0.0,0.010109273363029914,0.0007722077081093126,-0.0007722077081093126,-0.0006558233477416375
0.0,-0.0037722947474507773,-0.0001283373798702284,0.0001283373798702284,0.0002447217402379035
0.0,-1.8603060785604697e-05,0.00011517751580382413,-0.00011517751580382413,1.2068445638510079e-06
0.0,0.0002991382171499968,0.00013579048580951173,-0.00013579048580951173,-1.9406125441836592e-05
0.0,0.010917162352442444,0.0008246182466924077,-0.0008246182466924077,-0.0007082338863247325
0.0,0.006499784427785649,0.0005380477411026624,-0.0005380477411026624,-0.00042166338073498723
0.0,-0.00573677446354337,-0.00025577993856984254,0.00025577993856984254,0.00037216429893751767
0.0,-0.008587762798917709,-0.0004407333617619881,0.0004407333617619881,0.0005571177221296632
0.0,0.006444170055012188,0.0005344398453790958,-0.0005344398453790958,-0.0004180554850114206
0.0,0.005296554012835575,0.00045999004392702594,-0.00045999004392702594,-0.0003436056835593508
0.0,-0.009321411497187015,-0.0004883276772075311,0.0004883276772075311,0.0006047120375752063
0.0,0.007967969231286176,0.0006332939411368186,-0.0006332939411368186,-0.0005169095807691435
0.0,-0.0032606955294726125,-9.514817825426935e-05,9.514817825426935e-05,0.0002115325386219445
0.0,-0.0049555622707156965,-0.0002051000155725605,0.0002051000155725605,0.0003214843759402356
0.0,0.0042966906501935576,0.0003951254671939298,-0.0003951254671939298,-0.00027874110682625465
0.0,0.00048155976529717925,0.00014762479932640732,-0.00014762479932640732,-3.124043895873219e-05
0.0,-0.0032534833570118105,-9.468029981059892e-05,9.468029981059892e-05,0.00021106466017827406
0.0,0.004605905039596125,0.00041518526860057596,-0.00041518526860057596,-0.00029880090823290083
0.0,-0.012446471596532338,-0.0006910610787734177,0.0006910610787734177,0.0008074454391410928
0.0,0.001146589037580359,0.00019076753649779795,-0.00019076753649779795,-7.438317613012282e-05
0.0,-0.0030992637479612117,-8.46755431220671e-05,8.46755431220671e-05,0.00020105990348974224
0.0,0.00020160447857309194,0.0001294631365872436,-0.0001294631365872436,-1.3078776219568447e-05
0.0,-0.003037994040303138,-8.070076636527099e-05,8.070076636527099e-05,0.00019708512673294613
0.0,0.006160403318245855,0.0005160309207609925,-0.0005160309207609925,-0.00039964656039331734
0.0,0.0021919710189710617,0.00025858506265271004,-0.00025858506265271004,-0.00014220070228503488
0.0,-0.0013757239543792377,2.7136413761655003e-05,-2.7136413761655003e-05,8.924794660602014e-05
0.0,-8.414160005176807e-05,0.00011092580525212236,-0.00011092580525212236,5.458555115552788e-06
0.0,0.004749839541692946,0.00042452279501131404,-0.00042452279501131404,-0.0003081384346436389
0.0,-0.0037977277864983394,-0.00012998730862499072,0.00012998730862499072,0.00024637166899266585
0.0,-0.0017404116452881535,3.477868409947421e-06,-3.477868409947421e-06,0.00011290649195772772
0.0,-0.0029867267366989747,-7.737487997641066e-05,7.737487997641066e-05,0.0001937592403440858
0.0,-0.0031082993435224138,-8.526171329641985e-05,8.526171329641985e-05,0.000201646073664095
0.0,-0.00012227640782913607,0.00010845186905473957,-0.00010845186905473957,7.932491312935575e-06
0.0,-0.006786883476427641,-0.00032390412352283684,0.00032390412352283684,0.00044028848389051197
0.0,-0.00652550029741239,-0.00030694729731492866,0.00030694729731492866,0.0004233316576826038
0.0,-0.004423400838946101,-0.00017057687239607435,0.00017057687239607435,0.0002869612327637495
0.0,-0.0016661307322337615,8.296726830651563e-06,-8.296726830651563e-06,0.00010808763353702358
0.0,0.022223543967337278,0.0015581021258247885,-0.0015581021258247885,-0.0014417177654571134
0.0,0.0037719744542996647,0.00036108532208677926,-0.00036108532208677926,-0.00024470096171910413
0.0,0.011077020753253342,0.0008349888112047718,-0.0008349888112047718,-0.0007186044508370967
0.0,0.0019507459501284519,0.00024293596241311058,-0.00024293596241311058,-0.00012655160204543545
0.0,-0.0013979503036608554,2.5694514005807808e-05,-2.5694514005807808e-05,9.068984636186733e-05
0.0,-0.00011550278622274313,0.00010889129719548858,-0.00010889129719548858,7.493063172186566e-06
0.0,0.007480797417763307,0.0006016894292993651,-0.0006016894292993651,-0.00048530506893168995
0.0,-0.0015822634216101639,1.3737487847205037e-05,-1.3737487847205037e-05,0.0001026468725204701
0.0,0.004676369608375142,0.00041975654763659706,-0.00041975654763659706,-0.00030337218726892194
0.0,-0.002386798421690206,-3.8455465907254695e-05,3.8455465907254695e-05,0.00015483982627492984
0.0,0.0074614006258433285,0.0006004310926657026,-0.0006004310926657026,-0.00048404673229802747
0.0,0.002165432272904111,0.0002568634028790073,-0.0002568634028790073,-0.00014047904251133215
0.0,0.0008080244329033981,0.00016880368563606602,-0.00016880368563606602,-5.241932526839086e-05
0.0,0.003914386891670674,0.00037032410692152914,-0.00037032410692152914,-0.000253939746553854
0.0,-0.005254535631502799,-0.00022449544621488705,0.00022449544621488705,0.0003408798065825622
0.0,0.0013352930642269722,0.000203009416012135,-0.000203009416012135,-8.662505564445987e-05
0.0,-0.0026534040390964186,-5.5751089663309115e-05,5.5751089663309115e-05,0.00017213545003098426
0.0,-0.0035155289737457407,-0.000111680100632679,0.000111680100632679,0.00022806446100035415
0.0,0.00039700650631591117,0.00014213953847963358,-0.00014213953847963358,-2.5755178111958426e-05
0.0,0.005821305253253195,0.0004940324624930142,-0.0004940324624930142,-0.00037764810212533907
0.0,0.0034108883546988267,0.0003376604243558294,-0.0003376604243558294,-0.00022127606398815423
0.0,0.013163241364864575,0.0009703291206911122,-0.0009703291206911122,-0.0008539447603234371
0.0,0.0021593430473272335,0.0002564683738636098,-0.0002564683738636098,-0.00014008401349593469
0.0,0.005938984786955759,0.000501666738764119,-0.000501666738764119,-0.0003852823783964438
0.0,-0.0011374349205595102,4.259504330680914e-05,-4.259504330680914e-05,7.3789317060866e-05
0.0,0.006539774750587091,0.0005406420509442404,-0.0005406420509442404,-0.0004242576905765652
0.0,-0.00811717185395111,-0.00041020450792037086,0.00041020450792037086,0.000526588868288046
0.0,0.0038832279549072535,0.0003683027194798771,-0.0003683027194798771,-0.00025191835911220195
0.0,-0.0017506226204834219,2.8154473144058182e-06,-2.8154473144058182e-06,0.00011356891305326932
0.0,0.001975120701520394,0.00024451723640622405,-0.00024451723640622405,-0.0001281328760385489
0.0,0.0036375121488696482,0.0003523622896664015,-0.0003523622896664015,-0.00023597792929872633
0.0,-0.0024573614565177593,-4.303313277465312e-05,4.303313277465312e-05,0.00015941749314232826
0.0,-0.0018629737285675851,-4.473155652420528e-06,4.473155652420528e-06,0.00012085751602009567
0.0,0.0012517152775348706,0.0001975874374092315,-0.0001975874374092315,-8.120307704155636e-05
0.0,0.0022483727122095676,0.0002622440345639105,-0.0002622440345639105,-0.00014585967419623535
0.0,-0.008356529175972627,-0.00042573244099701447,0.00042573244099701447,0.0005421168013646896
0.0,-0.000293304709629405,9.735667463103254e-05,-9.735667463103254e-05,1.9027685736642602e-05
0.0,-0.004637050227782158,-0.00018443704338935555,0.00018443704338935555,0.0003008214037570307
0.0,0.008486575281279274,0.000666937700055175,-0.000666937700055175,-0.0005505533396874999
0.0,0.005722273788525856,0.0004876079506218884,-0.0004876079506218884,-0.0003712235902542133
0.0,-0.0007706704833204681,6.63883143387634e-05,-6.63883143387634e-05,4.9996046028911755e-05
0.0,0.0035169592193697863,0.00034454160632294847,-0.00034454160632294847,-0.00022815724595527334
0.0,-0.0035485942758867184,-0.00011382516055592609,0.00011382516055592609,0.00023020952092360123
0.0,0.0,0.00011638436036767514,-0.00011638436036767514,0.0
0.0,0.0028296382793233654,0.0002999527319610554,-0.0002999527319610554,-0.00018356837159338025
0.0,-0.0021448089967596173,-2.275677925817918e-05,2.275677925817918e-05,0.00013914113962585432
0.0,0.0018498402425362048,0.00023638986195831472,-0.00023638986195831472,-0.00012000550159063956
0.0,-0.0029675026899970147,-7.612774991943472e-05,7.612774991943472e-05,0.00019251211028710986
0.0,0.0017637540575008437,0.0002308051549238147,-0.0002308051549238147,-0.00011442079455613956
0.0,-0.003609308355419394,-0.00011776389180438421,0.00011776389180438421,0.00023414825217205935
0.0,0.003366237154707852,0.0003347637473735002,-0.0003347637473735002,-0.00021837938700582503
0.0,-0.002690124758069401,-5.813328905425755e-05,5.813328905425755e-05,0.0001745176494219327
0.0,0.006564593637664151,0.00054225213754746,-0.00054225213754746,-0.00042586777717978485
0.0,0.008026090549617448,0.0006370644710447909,-0.0006370644710447909,-0.0005206801106771157
0.0,-0.0007353844075136395,6.867744349110471e-05,-6.867744349110471e-05,4.770691687657042e-05
0.0,-0.000866463892926328,6.0173866245090335e-05,-6.0173866245090335e-05,5.621049412258481e-05
0.0,-0.006009543517695892,-0.0002734754056752064,0.0002734754056752064,0.0003898597660428815
0.0,-0.0008899054071440649,5.865313455861414e-05,-5.865313455861414e-05,5.7731225809061005e-05
0.0,0.00029836348965073256,0.0001357402265708989,-0.0001357402265708989,-1.9355866203223752e-05
0.0,0.0005703094032936118,0.00015338229371908386,-0.00015338229371908386,-3.699793335140871e-05
0.0,0.007264758098647794,0.0005876742153054194,-0.0005876742153054194,-0.0004712898549377442
0.0,-0.002115356985885164,-2.084612597225221e-05,2.084612597225221e-05,0.00013723048633992735
0.0,0.00022682918569594257,0.0001310995501332071,-0.0001310995501332071,-1.4715189765531956e-05
0.0,0.0006933223855400961,0.00016136256914892863,-0.00016136256914892863,-4.497820878125349e-05
0.0,0.005752546449780516,0.0004895718423217296,-0.0004895718423217296,-0.00037318748195405444
0.0,0.003566050102845164,0.0003477263008492787,-0.0003477263008492787,-0.00023134194048160352
0.0,0.005245845097992419,0.00045670038213843454,-0.00045670038213843454,-0.0003403160217707594
0.0,0.004007335176634763,0.0003763539819899903,-0.0003763539819899903,-0.0002599696216223152
0.0,0.004992308919898214,0.0004402526178807742,-0.0004402526178807742,-0.00032386825751309906
0.0,-0.0008641180363413437,6.032605003354267e-05,-6.032605003354267e-05,5.6058310334132474e-05
0.0,0.0016785565287558146,0.00022527809808061812,-0.00022527809808061812,-0.00010889373771294298
0.0,0.006048066160828425,0.0005087432228219195,-0.0005087432228219195,-0.00039235886245424435
0.0,-0.001082200145408052,4.617831322649097e-05,-4.617831322649097e-05,7.020604714118417e-05
0.0,0.00041898672168572126,0.00014356547068170735,-0.00014356547068170735,-2.7181110314032207e-05
0.0,0.0014933641914423035,0.0002132640339365812,-0.0002132640339365812,-9.687967356890605e-05
0.0,0.0010179830611165563,0.00018242442428831725,-0.00018242442428831725,-6.604006392064209e-05
0.0,-0.0025783763780462543,-5.0883787130657455e-05,5.0883787130657455e-05,0.0001672681474983326
0.0,0.013673854659866258,0.0010034543620911554,-0.0010034543620911554,-0.0008870700017234803
0.0,-0.005859880503598425,-0.000263766250979929,0.000263766250979929,0.0003801506113476041
0.0,0.0005038772720600271,0.00014907261278172286,-0.00014907261278172286,-3.2688252414047715e-05
0.0,-0.0032772408480052917,-9.622152999775225e-05,9.622152999775225e-05,0.0002126058903654274
0.0,-0.0029133737680216987,-7.261622050038477e-05,7.261622050038477e-05,0.0001890005808680599
0.0,-0.002284215165048731,-3.18005370734094e-05,3.18005370734094e-05,0.00014818489744108454
0.0,0.0007998953585612867,0.0001682763246124161,-0.0001682763246124161,-5.189196424474096e-05
0.0,0.003268670195698986,0.00032843424302750356,-0.00032843424302750356,-0.00021204988265982844
0.0,0.0003666328125562224,0.00014016909245355162,-0.00014016909245355162,-2.378473208587648e-05
0.0,-0.0033790271755046453,-0.00010282475929601958,0.00010282475929601958,0.00021920911966369472
0.0,0.008374752796581397,0.0006596833907063406,-0.0006596833907063406,-0.0005432990303386655
0.0,-0.0016267102694209612,1.0854067893952967e-05,-1.0854067893952967e-05,0.00010553029247372218
0.0,-0.0013143147950017697,3.112023723132326e-05,-3.112023723132326e-05,8.526412313635188e-05
0.0,-0.0020098935338483948,-1.400434895274014e-05,1.400434895274014e-05,0.00013038870932041528
0.0,-0.012407972940626899,-0.0006885635384960133,0.0006885635384960133,0.0008049478988636884
0.0,0.0018898864360001877,0.0002389877963220153,-0.0002389877963220153,-0.00012260343595434016
0.0,-0.001060269661328106,4.760101918867244e-05,-4.760101918867244e-05,6.87833411790027e-05
0.0,-0.0008439958489141475,6.163144556974896e-05,-6.163144556974896e-05,5.475291479792617e-05
0.0,-0.001019587452981141,5.0240214026275754e-05,-5.0240214026275754e-05,6.614414634139939e-05
0.0,0.007251474353500598,0.0005868124530500983,-0.0005868124530500983,-0.00047042809268242315
0.0,0.001085324742930105,0.0001867931109014446,-0.0001867931109014446,-7.040875053376943e-05
0.0,0.002935109936855751,0.00030679504129930215,-0.00030679504129930215,-0.000190410680931627
0.0,-0.002255047489714501,-2.9908329612337992e-05,2.9908329612337992e-05,0.00014629268998001313
0.0,-0.0016421255420062675,9.854026119415825e-06,-9.854026119415825e-06,0.00010653033424825932
0.0,0.0005595225490382383,0.00015268251336738903,-0.00015268251336738903,-3.629815299971389e-05
0.0,-0.0030548611983906016,-8.179499694808039e-05,8.179499694808039e-05,0.00019817935731575553
0.0,0.001929509405943275,0.00024155827471965887,-0.00024155827471965887,-0.0001251739143519837
0.0,-0.0008271302020167459,6.272557811645924e-05,-6.272557811645924e-05,5.36587822512159e-05
0.0,0.0006876864837839225,0.00016099694880960792,-0.00016099694880960792,-4.461258844193279e-05
0.0,-0.001433879303282093,2.336367617340935e-05,-2.336367617340935e-05,9.302068419426579e-05
0.0,-0.003759951034546627,-0.00012753660074104126,0.00012753660074104126,0.00024392096110871639
0.0,-0.006814694227374907,-0.0003257083026299273,0.0003257083026299273,0.00044209266299760245
0.0,0.008613348940219367,0.0006751619435221288,-0.0006751619435221288,-0.0005587775831544536
0.0,-0.0029033798625895946,-7.196788146728818e-05,7.196788146728818e-05,0.00018835224183496333
0.0,-0.0017163507793208632,5.038779575525175e-06,-5.038779575525175e-06,0.00011134558079214997
0.0,0.007557263417987681,0.0006066500418433838,-0.0006066500418433838,-0.0004902656814757087
0.0,-0.0030350729326357184,-8.051126405973765e-05,8.051126405973765e-05,0.0001968956244274128
0.0,0.01084006896297951,0.0008196169332497194,-0.0008196169332497194,-0.0007032325728820442
0.0,0.006090687476747014,0.0005115082142399086,-0.0005115082142399086,-0.00039512385387223344
0.0,-0.00048570348354270987,8.487510414836513e-05,-8.487510414836513e-05,3.150925621931001e-05
0.0,0.0005529198041311911,0.00015225417058609088,-0.00015225417058609088,-3.586981021841572e-05
0.0,-0.0019131470681601481,-7.728072831661862e-06,7.728072831661862e-06,0.000124112433199337
0.0,0.0017322905115801923,0.00022876400643801297,-0.00022876400643801297,-0.00011237964607033783
0.0,0.0011890499458222514,0.00019352212171785797,-0.00019352212171785797,-7.713776135018283e-05
0.0,-0.0012713605313821041,3.3906828112310465e-05,-3.3906828112310465e-05,8.247753225536468e-05
0.0,0.0005821026438950216,0.0001541473618158893,-0.0001541473618158893,-3.7763001448214145e-05
0.0,0.0040886954080285864,0.000381632100150378,-0.000381632100150378,-0.00026524773978270285
0.0,3.744597299082386e-05,0.00011881360948226478,-0.00011881360948226478,-2.429249114589639e-06
0.0,-0.0010252486299153762,4.987295399918564e-05,-4.987295399918564e-05,6.65114063684895e-05
0.0,0.0011306013658478609,0.0001897303612210322,-0.0001897303612210322,-7.334600085335707e-05
0.0,-0.002162809124616749,-2.3924509488347124e-05,2.3924509488347124e-05,0.00014030886985602227
0.0,-0.0014784413679722608,2.047278170474636e-05,-2.047278170474636e-05,9.591157866292878e-05
0.0,0.004776513648450997,0.0004262532360988068,-0.0004262532360988068,-0.0003098688757311317
0.0,-0.0006868970151433507,7.182298747291415e-05,-7.182298747291415e-05,4.456137289476099e-05
0.0,-0.018178214414433458,-0.0010628989575448909,0.0010628989575448909,0.001179283317912566
0.0,0.003686818283279214,0.0003555609482614826,-0.0003555609482614826,-0.00023917658789380746
0.0,0.006767499942466504,0.0005554153677139337,-0.0005554153677139337,-0.0004390310073462585
0.0,0.005160131149745784,0.0004511398233852371,-0.0004511398233852371,-0.00033475546301756196
0.0,0.001837871992654172,0.0002356134404072913,-0.0002356134404072913,-0.00011922908003961616
0.0,0.002489126548973042,0.0002778625643570887,-0.0002778625643570887,-0.00016147820398941355
0.0,0.00444194837709877,0.000404548835751031,-0.000404548835751031,-0.0002881644753833559
0.0,0.00031054999597146526,0.0001365308071680925,-0.0001365308071680925,-2.0146446800417353e-05
0.0,-0.0012046245861250249,3.82362185107597e-05,-3.82362185107597e-05,7.814814185691544e-05
0.0,-0.000459968801852062,8.654460149929715e-05,-8.654460149929715e-05,2.9839758868377985e-05
0.0,0.007571112611303388,0.000607548486667029,-0.000607548486667029,-0.0004911641262993539
0.0,0.0037077313104922904,0.0003569176482957748,-0.0003569176482957748,-0.00024053328792809965
0.0,-0.001217665183814387,3.7390230067666896e-05,-3.7390230067666896e-05,7.899413030000825e-05
0.0,-0.0027790399654609166,-6.390152450329565e-05,6.390152450329565e-05,0.0001802858848709708
0.0,0.0015682572275503848,0.0002181226028860132,-0.0002181226028860132,-0.00010173824251833805
0.0,0.00026720472849017796,0.00013371885052120897,-0.00013371885052120897,-1.7334490153533823e-05
0.0,-0.0008299892344156845,6.254010284718512e-05,-6.254010284718512e-05,5.384425752049002e-05
0.0,-0.000978763178264619,5.288862519810398e-05,-5.288862519810398e-05,6.349573516957116e-05
0.0,0.004511505177332342,0.0004090612247179968,-0.0004090612247179968,-0.0002926768643503217
0.0,-0.0009958307964025304,5.178139008206532e-05,-5.178139008206532e-05,6.460297028560982e-05
0.0,-0.0022395981461527104,-2.8906077536322548e-05,2.8906077536322548e-05,0.0001452904379039977
0.0,0.0002836393681004967,0.0001347850221421667,-0.0001347850221421667,-1.840066177449157e-05
0.0,0.008347228657875183,0.0006578978051215222,-0.0006578978051215222,-0.0005415134447538471
0.0,-0.0066966373620162,-0.0003180495475559399,0.0003180495475559399,0.00043443390792361505
0.0,-0.0005826443900691647,7.85862139810669e-05,-7.85862139810669e-05,3.779814638660824e-05
0.0,-0.00045578207221763645,8.681620905666913e-05,-8.681620905666913e-05,2.956815131100601e-05
0.0,0.0015609155178168965,0.0002176463209137429,-0.0002176463209137429,-0.00010126196054606774
0.0,0.000315801794623205,0.00013687150941738024,-0.00013687150941738024,-2.04871490497051e-05
0.0,-0.00807282488613359,-0.00040732756752595654,0.00040732756752595654,0.0005237119278936317
0.0,0.008808066374833778,0.0006877939335026838,-0.0006877939335026838,-0.0005714095731350087
0.0,-0.008600023246820632,-0.0004415287392040417,0.0004415287392040417,0.0005579130995717168
0.0,0.0015332318107057485,0.00021585038357744253,-0.00021585038357744253,-9.946602320976739e-05
0.0,0.002310833849555216,0.00026629610346409267,-0.00026629610346409267,-0.0001499117430964175
0.0,0.001453279024245635,0.0002106635712127378,-0.0002106635712127378,-9.427921084506264e-05
0.0,-0.009368823820586791,-0.0004914034777660523,0.0004914034777660523,0.0006077878381337274
0.0,0.006403125486305727,0.0005317771429781375,-0.0005317771429781375,-0.0004153927826104623
0.0,0.0009277662125786179,0.00017657174689933447,-0.00017657174689933447,-6.018738653165931e-05
0.0,-0.0007826806116978391,6.560917598564899e-05,-6.560917598564899e-05,5.077518438202615e-05
0.0,0.007305607635895495,0.0005903242653445701,-0.0005903242653445701,-0.000473939904976895
0.0,0.0018745843139260643,0.00023799509501047465,-0.00023799509501047465,-0.0001216107346427995
0.0,0.004673503078699293,0.00041957058599317263,-0.00041957058599317263,-0.0003031862256254975
0.0,-5.291283677333336e-05,0.00011295172258006726,-0.00011295172258006726,3.432637787607883e-06
0.0,0.0005978573436131729,0.00015516942339645828,-0.00015516942339645828,-3.878506302878312e-05
0.0,0.005372639356088893,0.00046492596194354173,-0.00046492596194354173,-0.0003485416015758666
0.0,-0.00015365928181010347,0.00010641595403524668,-0.00010641595403524668,9.96840633242846e-06
0.0,-0.00036787164783502746,9.25192607745931e-05,-9.25192607745931e-05,2.386509959308205e-05
0.0,-0.0010637348279797232,4.7376221904798697e-05,-4.7376221904798697e-05,6.900813846287645e-05
0.0,0.002923171678338221,0.0003060205653912904,-0.0003060205653912904,-0.00018963620502361524
0.0,0.0002826639480466575,0.00013472174328698188,-0.00013472174328698188,-1.8337382919306727e-05
0.0,-0.0009726882691745153,5.32827254537433e-05,-5.32827254537433e-05,6.310163491393185e-05
0.0,-0.001341115577770502,2.9381578235142123e-05,-2.9381578235142123e-05,8.700278213253302e-05
0.0,-0.0007281456077897763,6.914704933695082e-05,-6.914704933695082e-05,4.723731103072432e-05
0.0,0.0024491149692504877,0.0002752668755058959,-0.0002752668755058959,-0.00015888251513822076
0.0,0.0004926487188865458,0.00014834417790138242,-0.00014834417790138242,-3.195981753370727e-05
0.0,-0.002183654185644257,-2.527680032231876e-05,2.527680032231876e-05,0.0001416611606899939
0.0,0.0018891035295691694,0.00023893700648795692,-0.00023893700648795692,-0.0001225526461202818
0.0,0.001647199789928111,0.0002232438785384451,-0.0002232438785384451,-0.00010685951817076995
0.0,-0.0024144327873969473,-4.024820229687387e-05,4.024820229687387e-05,0.00015663256266454901
0.0,-0.00036360867105078576,9.279581474693006e-05,-9.279581474693006e-05,2.3588545620745076e-05
0.0,-0.014474441722801767,-0.0008226224788433659,0.0008226224788433659,0.000939006839211041
0.0,0.0012755699762128092,0.00019913497379335445,-0.00019913497379335445,-8.27506134256793e-05
0.0,0.010043754544535322,0.0007679572769119192,-0.0007679572769119192,-0.000651572916544244
0.0,-0.0004988078808476626,8.402497680468286e-05,-8.402497680468286e-05,3.235938356299228e-05
0.0,0.0014201029158569245,0.0002085113229069305,-0.0002085113229069305,-9.212696253925538e-05
0.0,-0.015436952160958639,-0.0008850638428386033,0.0008850638428386033,0.0010014482032062785
0.0,-0.0018353673110713675,-2.6822323593841333e-06,2.6822323593841333e-06,0.00011906659272705928
0.0,0.001162651069903653,0.00019180953580195367,-0.00019180953580195367,-7.542517543427854e-05
0.0,0.00994077978775465,0.0007612769501169437,-0.0007612769501169437,-0.0006448925897492686
0.0,-0.0034535927149730306,-0.0001076620824115616,0.0001076620824115616,0.00022404644277923674
0.0,-0.0020744620703185834,-1.819313208541481e-05,1.819313208541481e-05,0.00013457749245308995
0.0,0.0016728693563305974,0.00022490915163658092,-0.00022490915163658092,-0.00010852479126890579
0.0,0.00048707205438569545,0.00014798240048664215,-0.00014798240048664215,-3.1598040118967005e-05
0.0,0.000842821736810162,0.00017106110647345025,-0.00017106110647345025,-5.467674610577509e-05
0.0,0.004615148933961866,0.00041578495183510795,-0.00041578495183510795,-0.0002994005914674328
0.0,0.005720976220730423,0.00048752377293423833,-0.00048752377293423833,-0.0003711394125665632
0.0,0.001982540682532896,0.0002449985961056852,-0.0002449985961056852,-0.00012861423573801004
0.0,-0.007550806889900619,-0.0003734624639149608,0.0003734624639149608,0.0004898468242826359
0.0,0.0031287267736885838,0.00031935563171475387,-0.00031935563171475387,-0.0002029712713470787
0.0,-0.00017843612323464875,0.00010480859507817928,-0.00010480859507817928,1.1575765289495857e-05
0.0,-0.001488850703918465,1.9797492264758267e-05,-1.9797492264758267e-05,9.658686810291688e-05
0.0,0.01083929931877714,0.0008195670037820671,-0.0008195670037820671,-0.000703182643414392
0.0,0.0033639480109453057,0.00033461524274098077,-0.00033461524274098077,-0.00021823088237330564
0.0,0.0007571207193879381,0.00016550138658732563,-0.00016550138658732563,-4.911702621965048e-05
0.0,-0.0011007176162897148,4.49770211742123e-05,-4.49770211742123e-05,7.140733919346284e-05
0.0,0.0018471814878802117,0.00023621737939535486,-0.00023621737939535486,-0.00011983301902767972
0.0,0.0014559207541648966,0.00021083494932244598,-0.00021083494932244598,-9.445058895477082e-05
0.0,0.0011101954279371107,0.00018840655781460962,-0.00018840655781460962,-7.202219744693448e-05
0.0,0.0006343478158390425,0.00015753668588867269,-0.00015753668588867269,-4.115232552099754e-05
0.0,-0.0030459176984141134,-8.121480133119683e-05,8.121480133119683e-05,0.00019759916169887197
0.0,0.0006477937229520947,0.00015840896814869676,-0.00015840896814869676,-4.2024607781021627e-05
0.0,-0.002222050282888466,-2.7767687266478245e-05,2.7767687266478245e-05,0.0001441520476341534
0.0,7.216672978804795e-05,0.00012106606444526462,-0.00012106606444526462,-4.6817040775894696e-06
0.0,0.004085143947080816,0.00038140170465858546,-0.00038140170465858546,-0.00026501734429091033
0.0,0.001204615596159142,0.00019453191901457046,-0.00019453191901457046,-7.814755864689533e-05
0.0,0.0037051100814438076,0.0003567476001480948,-0.0003567476001480948,-0.0002403632397804197
0.0,0.003874003457017716,0.0003677042945614971,-0.0003677042945614971,-0.000251319934193822
0.0,0.0021588381272976687,0.00025643561796392846,-0.00025643561796392846,-0.0001400512575962533
0.0,0.0012467201713795006,0.00019726338768542845,-0.00019726338768542845,-8.08790273177533e-05
0.0,0.005646787369921524,0.00048271088690817344,-0.00048271088690817344,-0.0003663265265404983
0.0,-0.0010736344069645076,4.673400215290466e-05,-4.673400215290466e-05,6.965035821477048e-05
0.0,-0.0018044339160793177,-6.754765885004922e-07,6.754765885004922e-07,0.00011705983695617563
0.0,0.002322412261707374,0.00026704723490019865,-0.00026704723490019865,-0.0001506628745325235
0.0,0.0018035072962026,0.0002333840843040708,-0.0002333840843040708,-0.00011699972393639566
0.0,-0.0016867529508860502,6.958892548331749e-06,-6.958892548331749e-06,0.0001094254678193434
0.0,0.0008781073155288421,0.00017335020337797298,-0.00017335020337797298,-5.696584301029783e-05
0.0,0.0017507533144689447,0.00022996175198948616,-0.00022996175198948616,-0.00011357739162181102
0.0,0.0006725789853143649,0.00016001687340096973,-0.00016001687340096973,-4.3632513033294576e-05
0.0,0.0007423349056041584,0.00016454217997112857,-0.00016454217997112857,-4.815781960345343e-05
0.0,0.00032799789456050554,0.00013766271238549097,-0.00013766271238549097,-2.127835201781583e-05
0.0,0.0051168427389869375,0.00044833155522957483,-0.00044833155522957483,-0.0003319471948618997
0.0,-0.003972484039719171,-0.0001413243480847408,0.0001413243480847408,0.0002577087084524159
0.0,0.001617908278173541,0.00022134363738268134,-0.00022134363738268134,-0.0001049592770150062
0.0,-0.004663049754275228,-0.0001861237221339169,0.0001861237221339169,0.00030250808250159204
0.0,0.001270946219078306,0.00019883501475829822,-0.00019883501475829822,-8.245065439062308e-05
0.0,0.008073022498049642,0.0006401091080262578,-0.0006401091080262578,-0.0005237247476585827
0.0,-0.003192470570786421,-9.072219043117394e-05,9.072219043117394e-05,0.00020710655079884908
0.0,0.0009444586571358826,0.00017765464321427353,-0.00017765464321427353,-6.12702828465984e-05
0.0,0.0015921101716727115,0.0002196700254460764,-0.0002196700254460764,-0.00010328566507840126
0.0,0.00018996581088659426,0.0001287080961672936,-0.0001287080961672936,-1.232373579961846e-05
0.0,0.0030970753849743904,0.00031730229722059264,-0.00031730229722059264,-0.0002009179368529175
0.0,0.0012712512404724485,0.0001988548025456748,-0.0001988548025456748,-8.247044217799965e-05
0.0,-0.00018910292286977715,0.00010411660308279195,-0.00010411660308279195,1.22677572848832e-05
0.0,0.001443655000098465,0.00021003922765130777,-0.00021003922765130777,-9.365486728363264e-05
0.0,-0.003761887644002093,-0.00012766223526003613,0.00012766223526003613,0.00024404659562771126
0.0,-0.0008976438525517549,5.8151114978043e-05,-5.8151114978043e-05,5.823324538963214e-05
0.0,0.0009836343625724275,0.00018019610602439926,-0.00018019610602439926,-6.381174565672413e-05
0.0,-0.0023096092988857952,-3.344794191329903e-05,3.344794191329903e-05,0.00014983230228097418
0.0,-0.005525675723266343,-0.00024208523692503228,0.00024208523692503228,0.0003584695972927074
0.0,0.008196058063241196,0.0006480908484894542,-0.0006480908484894542,-0.0005317064881217791
0.0,-0.0026259630899742037,-5.3970900873049214e-05,5.3970900873049214e-05,0.00017035526124072436
0.0,0.0012756828808564435,0.00019914229830607708,-0.00019914229830607708,-8.275793793840192e-05
0.0,0.006541139295859866,0.0005407305736913064,-0.0005407305736913064,-0.0004243462133236312
0.0,-0.0007502611166068096,6.77123401834287e-05,-6.77123401834287e-05,4.867202018424644e-05
0.0,0.0020560951489239088,0.00024977032743172834,-0.00024977032743172834,-0.0001333859670640532
0.0,-0.0003842577408796899,9.145623853639182e-05,-9.145623853639182e-05,2.4928121831283315e-05
0.0,0.00984851271879017,0.000755291267874352,-0.000755291267874352,-0.0006389069075066769
0.0,-0.000369225702197995,9.243141860894416e-05,-9.243141860894416e-05,2.3952941758730977e-05
0.0,0.008190950433802913,0.0006477594989931108,-0.0006477594989931108,-0.0005313751386254356
0.0,-0.002024530803113933,-1.495391897491669e-05,1.495391897491669e-05,0.00013133827934259183
0.0,-0.0010521566439205543,4.812733854372765e-05,-4.812733854372765e-05,6.82570218239475e-05
0.0,-0.0037393815604747083,-0.00012620218818113719,0.00012620218818113719,0.00024258654854881234
0.0,-0.00011410565998426492,0.00010898193358190654,-0.00010898193358190654,7.4024267857685966e-06
0.0,0.0029323579853828274,0.00030661651273815,-0.00030661651273815,-0.00019023215237047488
0.0,0.005506306319651655,0.00047359739780032385,-0.00047359739780032385,-0.0003572130374326487
0.0,0.003201957471006933,0.0003241063590270065,-0.0003241063590270065,-0.00020772199865933135
0.0,0.001548922064604108,0.000216868264335932,-0.000216868264335932,-0.00010048390396825686
0.0,-0.0004729570906678582,8.570200651282053e-05,-8.570200651282053e-05,3.068235385485461e-05
0.0,-0.004070859227173984,-0.00014770628499103397,0.00014770628499103397,0.0002640906453587091
0.0,0.008974343513216354,0.0006985809036073558,-0.0006985809036073558,-0.0005821965432396807
0.0,0.005362807225250732,0.00046428811778499935,-0.00046428811778499935,-0.0003479037574173242
0.0,-0.0032302694598687065,-9.317433442695461e-05,9.317433442695461e-05,0.00020955869479462975
0.0,-0.0008278931807477186,6.267608106087144e-05,-6.267608106087144e-05,5.37082793068037e-05
0.0,0.0019856558213586784,0.00024520068588009723,-0.00024520068588009723,-0.00012881632551242208
0.0,-0.0004581666477052604,8.66615134397759e-05,-8.66615134397759e-05,2.972284692789924e-05
0.0,-0.0010584151831672939,4.77213255679801e-05,-4.77213255679801e-05,6.866303479969504e-05
0.0,0.0007909409391904099,0.00016769542061684635,-0.00016769542061684635,-5.13110602491712e-05
0.0,0.0018339987251561052,0.00023536216821728697,-0.00023536216821728697,-0.00011897780784961181
0.0,-0.005183153157965359,-0.00021986461953879723,0.00021986461953879723,0.00033624897990647235
0.0,0.008303361477520088,0.0006550519901906812,-0.0006550519901906812,-0.0005386676298230061
0.0,0.006398818768781567,0.0005314977513934958,-0.0005314977513934958,-0.00041511339102582066
0.0,0.004028636080503967,0.0003777358449175981,-0.0003777358449175981,-0.00026135148454992297
0.0,0.007033767443369587,0.0005726890566890156,-0.0005726890566890156,-0.00045630469632134047
0.0,0.0016623439316436617,0.00022422633112053545,-0.00022422633112053545,-0.00010784197075286033
0.0,0.0013029315960912946,0.00020091001622261212,-0.00020091001622261212,-8.452565585493698e-05
0.0,-0.0011122268282528491,4.423037899247704e-05,-4.423037899247704e-05,7.21539813751981e-05
0.0,0.007033646478779465,0.0005726812092998312,-0.0005726812092998312,-0.000456296848932156
0.0,0.006749602987881076,0.0005542543306889068,-0.0005542543306889068,-0.00043786997032123164
0.0,-0.003524487622672101,-0.00011226127901406631,0.00011226127901406631,0.00022864563938174146
0.0,0.009415051560751175,0.0007271711510694485,-0.0007271711510694485,-0.0006107867907017734
0.0,-0.0016163897301626484,1.1523596787259806e-05,-1.1523596787259806e-05,0.00010486076358041534
0.0,0.004385235112838837,0.0004008696511555955,-0.0004008696511555955,-0.0002844852907879204
0.0,0.008066726499347698,0.0006397006649267581,-0.0006397006649267581,-0.0005233163045590829
0.0,0.0021743654797181655,0.00025744293074302636,-0.00025744293074302636,-0.00014105857037535123
0.0,-0.0005599757022828333,8.005680975774359e-05,-8.005680975774359e-05,3.6327550609931563e-05
0.0,0.0006026209018938911,0.00015547845181290685,-0.00015547845181290685,-3.9094091445231706e-05
0.0,0.011841196508761032,0.0008845635218929633,-0.0008845635218929633,-0.0007681791615252882
0.0,-0.006731974332887192,-0.00032034197844621676,0.00032034197844621676,0.0004367263388138919
0.0,-0.010898815620283941,-0.0005906593103132396,0.0005906593103132396,0.0007070436706809147
0.0,0.0004889853730833948,0.00014810652405404024,-0.00014810652405404024,-3.172216368636511e-05
0.0,-0.0006480882520516484,7.434064547052952e-05,-7.434064547052952e-05,4.204371489714562e-05
0.0,-0.02120854792396809,-0.0012594871192880038,0.0012594871192880038,0.001375871479655679
0.0,-0.04097922480422822,-0.0025420789568129363,0.0025420789568129363,0.0026584633171806114
0.0,0.017440920592313836,0.0012478368911081356,-0.0012478368911081356,-0.0011314525307404605
0.0,-0.005001588416939429,-0.00020808589004801803,0.00020808589004801803,0.00032447025041569316
0.0,-0.03753641975808808,-0.002318732347229841,0.002318732347229841,0.002435116707597516
0.0,0.014936090208494734,0.0010853399253174252,-0.0010853399253174252,-0.0009689555649497499
0.0,0.013914584754042503,0.001019071351621005,-0.001019071351621005,-0.0009026869912533297
0.0,0.0026129297463290957,0.00028589410376011766,-0.00028589410376011766,-0.00016950974339244253
0.0,0.013402458257245842,0.000985847943613793,-0.000985847943613793,-0.0008694635832461178
0.0,0.012069112762299383,0.00089934923348989,-0.00089934923348989,-0.0007829648731222149
0.0,0.0003734693722488025,0.00014061260360451327,-0.00014061260360451327,-2.4228243236838138e-05
0.0,-0.005841389459353419,-0.0002625666733145008,0.0002625666733145008,0.00037895103368217596
0.0,-0.0054965031281792864,-0.00024019271030266675,0.00024019271030266675,0.0003565770706703419
0.0,0.0009735510790762625,0.00017954196872874888,-0.00017954196872874888,-6.315760836107374e-05
0.0,0.01602837635051313,0.001156200285763312,-0.001156200285763312,-0.0010398159253956368
0.0,0.011757015343810906,0.0008791024000663164,-0.0008791024000663164,-0.0007627180396986413
0.0,-0.012706888443829278,-0.0007079552157177385,0.0007079552157177385,0.0008243395760854136
0.0,-0.011095788639207016,-0.0006034376278090671,0.0006034376278090671,0.0007198219881767422
0.0,-0.013324399541987275,-0.0007480152854298324,0.0007480152854298324,0.0008643996457975076
0.0,0.005071602744632031,0.0004453966811308933,-0.0004453966811308933,-0.0003290123207632182
0.0,0.011032026532745043,0.0008320698813011953,-0.0008320698813011953,-0.0007156855209335201
0.0,0.002638858606169414,0.00028757619811576034,-0.00028757619811576034,-0.00017119183774808519
0.0,-0.00048387472056610203,8.49937422951909e-05,-8.49937422951909e-05,3.139061807248424e-05
0.0,0.004463078207817217,0.00040591960057470897,-0.00040591960057470897,-0.00028953524020703384
0.0,0.01737883151892694,0.001243808959277181,-0.001243808959277181,-0.0011274245989095059
0.0,-0.001273985129042532,3.3736561431182676e-05,-3.3736561431182676e-05,8.264779893649247e-05
0.0,-0.006363576551088879,-0.0002964427467325785,0.0002964427467325785,0.00041282710710025363
0.0,-0.005724521948562322,-0.00025498507576372716,0.00025498507576372716,0.0003713694361314023
0.0,-0.000781930531963182,6.565783623896205e-05,-6.565783623896205e-05,5.072652412871309e-05
0.0,0.001703447167811456,0.00022689283948157743,-0.00022689283948157743,-0.00011050847911390229
0.0,-0.014204195388793028,-0.0008050906692740778,0.0008050906692740778,0.000921475029641753
0.0,0.0014818054520648882,0.00021251417874106418,-0.00021251417874106418,-9.612981837338905e-05
0.0,-0.0018439898833508828,-3.2416082922949983e-06,3.2416082922949983e-06,0.00011962596865997014
0.0,-0.025162888405856454,-0.0015160187927143356,0.0015160187927143356,0.0016324031530820108
0.0,-0.02096688071186603,-0.001243809335693807,0.001243809335693807,0.001360193696061482
0.0,0.02715725576151251,0.0018781689861672244,-0.0018781689861672244,-0.0017617846257995493
0.0,-0.017276308813847896,-0.0010043892378961904,0.0010043892378961904,0.0011207735982638656
0.0,-0.00291665716625622,-7.282922584160024e-05,7.282922584160024e-05,0.00018921358620927538
0.0,0.013769718690019195,0.0010096733915827133,-0.0010096733915827133,-0.0008932890312150382
0.0,-0.022337423560165104,-0.0013327211661209011,0.0013327211661209011,0.0014491055264885763
0.0,0.012614865848792123,0.0009347541140753652,-0.0009347541140753652,-0.0008183697537076901
0.0,0.01156648273982852,0.0008667418944483135,-0.0008667418944483135,-0.0007503575340806383
0.0,0.0068628636575538415,0.0005616019400456677,-0.0005616019400456677,-0.0004452175796779926
0.0,-0.021920248779842444,-0.001305657602677743,0.001305657602677743,0.0014220419630454181
0.0,0.0033365488963206236,0.0003328377678985228,-0.0003328377678985228,-0.0002164534075308477
0.0,0.0167269537832615,0.0012015194075388933,-0.0012015194075388933,-0.0010851350471712182
0.0,-0.005525364482924067,-0.00024206504569309164,0.00024206504569309164,0.00035844940606076677
0.0,0.008250750063987677,0.0006516389067658698,-0.0006516389067658698,-0.0005352545463981947
0.0,-0.0028866254882486952,-7.088096755419246e-05,7.088096755419246e-05,0.0001872653279218676
0.0,0.008109038386684864,0.000642445582647967,-0.000642445582647967,-0.0005260612222802919
0.0,0.010661504701720004,0.0008080328552056449,-0.0008080328552056449,-0.0006916484948379698
0.0,0.0008313658006817715,0.00017031792047842996,-0.00017031792047842996,-5.393356011075481e-05
0.0,-0.005726124690152989,-0.00025508905112553703,0.00025508905112553703,0.00037147341149321216
0.0,-0.00853653230061302,-0.00043740986305954694,0.00043740986305954694,0.0005537942234272221
0.0,5.623169212687351e-05,0.00012003230372181254,-0.00012003230372181254,-3.6479433541374046e-06
0.0,-0.01338056164164636,-0.0007516587140811258,0.0007516587140811258,0.000868043074448801
0.0,0.001837059563023713,0.00023556073530169976,-0.00023556073530169976,-0.00011917637493402462
0.0,0.010434204774367295,0.0007932871268090784,-0.0007932871268090784,-0.0006769027664414032
0.0,0.0011136248915897262,0.0001886290389220888,-0.0001886290389220888,-7.224467855441365e-05
0.0,-0.008187490964434607,-0.0004147663505762588,0.0004147663505762588,0.0005311507109439339
0.0,0.0025490454770622506,0.0002817497113953974,-0.0002817497113953974,-0.0001653653510277223
0.0,-0.007205863568357729,-0.000351084803741809,0.000351084803741809,0.0004674691641094841
0.0,-0.0022536742393085563,-2.981924213333005e-05,2.981924213333005e-05,0.0001462036025010052
0.0,0.012811178963797909,0.0009474896213334355,-0.0009474896213334355,-0.0008311052609657603
0.0,0.0034579455015175675,0.0003407131833874228,-0.0003407131833874228,-0.00022432882301974763
0.0,-0.0002656413228280252,9.915129371891872e-05,-9.915129371891872e-05,1.723306664875643e-05
0.0,0.009682220255068819,0.0007445033035622211,-0.0007445033035622211,-0.000628118943194546
0.0,0.009370643723504823,0.0007242902618657422,-0.0007242902618657422,-0.0006079059014980671
0.0,0.0017075955546570487,0.0002271619596103053,-0.0002271619596103053,-0.00011077759924263017
0.0,0.0008834895573073265,0.0001736993679217303,-0.0001736993679217303,-5.7315007554055156e-05
0.0,-0.006842140279927467,-0.0003274888224972739,0.0003274888224972739,0.00044387318286494905
0.0,0.004060561678767671,0.0003798069683287551,-0.0003798069683287551,-0.00026342260796108
0.0,-0.0008558723207806596,6.08609779743885e-05,-6.08609779743885e-05,5.552338239328664e-05
0.0,-0.00263219493841671,-5.4375182324486584e-05,5.4375182324486584e-05,0.00017075954269216173
0.0,0.007386752997235124,0.0005955884441452026,-0.0005955884441452026,-0.00047920408377752745
0.0,-0.0031357617896576873,-8.704329667188529e-05,8.704329667188529e-05,0.00020342765703956043
0.0,0.0032484098921563564,0.0003271198874236497,-0.0003271198874236497,-0.00021073552705597456
0.0,-0.002023213496498033,-1.4868460762064198e-05,1.4868460762064198e-05,0.00013125282112973934
0.0,-0.0023572204364039617,-3.6536640227773415e-05,3.6536640227773415e-05,0.00015292100059544856
0.0,-0.011564187290653005,-0.0006338242600266084,0.0006338242600266084,0.0007502086203942835
0.0,0.012695791223314323,0.0009400040215742053,-0.0009400040215742053,-0.0008236196612065302
0.0,-0.006879559974886984,-0.0003299163668655535,0.0003299163668655535,0.0004463007272332286
0.0,0.010849230370481022,0.0008202112652775424,-0.0008202112652775424,-0.0007038269049098673
0.0,0.004479598435997323,0.0004069913246206878,-0.0004069913246206878,-0.00029060696425301267
0.0,0.0007025929724704394,0.00016196398402197203,-0.00016196398402197203,-4.5579623654296884e-05
0.0,0.008567392465728796,0.0006721805888917326,-0.0006721805888917326,-0.0005557962285240574
0.0,-0.0007141884679080501,7.00524970257636e-05,-7.00524970257636e-05,4.633186334191154e-05
0.0,0.0031259043893263616,0.0003191725339297226,-0.0003191725339297226,-0.00020278817356204746
0.0,0.001068707668436586,0.00018571510410187917,-0.00018571510410187917,-6.933074373420401e-05
0.0,0.0017433852107295866,0.00022948375774723675,-0.00022948375774723675,-0.00011309939737956163
0.0,-0.004026127868587581,-0.00014480440784480416,0.00014480440784480416,0.0002611887682124793
0.0,0.002471549778432225,0.000276722298772747,-0.000276722298772747,-0.00016033793840507186
0.0,-0.001017102715529128,5.0401407494443076e-05,-5.0401407494443076e-05,6.598295287323207e-05
0.0,-0.0021261277624751163,-2.1544863310470023e-05,2.1544863310470023e-05,0.00013792922367814517
0.0,-0.004023402292699374,-0.00014462759035858746,0.00014462759035858746,0.0002610119507262626
0.0,0.0017121542893689945,0.00022745770041707663,-0.00022745770041707663,-0.00011107334004940149
0.0,-0.006345510515579966,-0.00029527074084626,0.00029527074084626,0.0004116551012139351
0.0,0.0018619345065358228,0.0002371744584787439,-0.0002371744584787439,-0.00012079009811106874
0.0,-0.013724668973416176,-0.0007739821407211673,0.0007739821407211673,0.0008903665010888425
0.0,0.0022045770199778936,0.000259402857313617,-0.000259402857313617,-0.00014301849694594185
0.0,-0.008604355128821406,-0.00044180976329486897,0.00044180976329486897,0.0005581941236625441
0.0,0.00617868985946779,0.0005172172316116459,-0.0005172172316116459,-0.0004008328712439708
0.0,0.0007584033300001014,0.00016558459395103132,-0.00016558459395103132,-4.920023358335617e-05
0.0,0.003067957412152822,0.0003154133141325374,-0.0003154133141325374,-0.00019902895376486225
0.0,-0.00494735062681062,-0.00020456729797725003,0.00020456729797725003,0.00032095165834492516
0.0,0.008620803683929923,0.0006756455583974265,-0.0006756455583974265,-0.0005592611980297514
0.0,0.008481281595267509,0.0006665942804287135,-0.0006665942804287135,-0.0005502099200610384
0.0,0.008822985887663393,0.0006887618136360251,-0.0006887618136360251,-0.0005723774532683499
0.0,0.003473267180873929,0.00034170715344715625,-0.00034170715344715625,-0.00022532279307948112
0.0,-0.007094202866256172,-0.00034384098978667063,0.00034384098978667063,0.00046022535015434576
0.0,0.008749042674663476,0.0006839648629798363,-0.0006839648629798363,-0.0005675805026121611
0.0,0.0010792374947172778,0.00018639821016445686,-0.00018639821016445686,-7.001384979678173e-05
0.0,-0.001028135726814483,4.968565808921933e-05,-4.968565808921933e-05,6.669870227845581e-05
0.0,0.00397369863071062,0.00037417186351695447,-0.00037417186351695447,-0.00025778750314927934
0.0,0.0021605126279586884,0.0002565442485835456,-0.0002565442485835456,-0.00014015988821587048
0.0,-0.003952993120479142,-0.00014005990508794702,0.00014005990508794702,0.00025644426545562215
0.0,-0.0009484477101494582,5.4855293926278596e-05,-5.4855293926278596e-05,6.152906644139655e-05
0.0,0.0018380494891383492,0.00023562495521496196,-0.00023562495521496196,-0.00011924059484728683
0.0,0.004780911145920941,0.0004265385168908933,-0.0004265385168908933,-0.00031015415652321815
0.0,0.009101605057599604,0.0007068367978817569,-0.0007068367978817569,-0.0005904524375140818
0.0,-0.0030322960242857855,-8.033111646010058e-05,8.033111646010058e-05,0.00019671547682777573
0.0,-0.00656220869212365,-0.00030932869718861304,0.00030932869718861304,0.00042571305755628817
0.0,-0.005754170294581917,-0.0002569084659860829,0.0002569084659860829,0.00037329282635375805
0.0,0.004884728797982518,0.0004332735252030331,-0.0004332735252030331,-0.000316889164835358
0.0,-0.0010403515262938923,4.8893177144028485e-05,-4.8893177144028485e-05,6.749118322364666e-05
0.0,0.004926444803381669,0.00043597978601257157,-0.00043597978601257157,-0.00031959542564489644
0.0,0.004644183009877123,0.0004176684922421726,-0.0004176684922421726,-0.00030128413187449746
0.0,0.003538227451535869,0.0003459213497247558,-0.0003459213497247558,-0.00022953698935708063
0.0,0.0028241822564987196,0.0002995987809869627,-0.0002995987809869627,-0.00018321442061928754
0.0,-0.0002623799656497061,9.936286918097798e-05,-9.936286918097798e-05,1.7021491186697166e-05
0.0,-0.0014416744645237012,2.2857977241540214e-05,-2.2857977241540214e-05,9.352638312613493e-05
0.0,-0.007113887913551609,-0.0003451180265383879,0.0003451180265383879,0.00046150238690606304
0.0,-0.004005992185342366,-0.00014349813678844563,0.00014349813678844563,0.00025988249715612076
0.0,0.006389254777276809,0.0005308773023561436,-0.0005308773023561436,-0.00041449294198846843
0.0,-0.007602164835758152,-0.0003767942305786852,0.0003767942305786852,0.0004931785909463604
0.0,0.007919408484583057,0.0006301436384070358,-0.0006301436384070358,-0.0005137592780393607
0.0,0.0033231157222237684,0.00033196631167307206,-0.00033196631167307206,-0.00021558195130539693
0.0,0.0024280177746833775,0.0002738982279016519,-0.0002738982279016519,-0.00015751386753397675
0.0,0.0020685364303643095,0.00025057743616758256,-0.00025057743616758256,-0.0001341930757999074
0.0,-0.0003981517707819515,9.055488500910006e-05,-9.055488500910006e-05,2.5829475358575073e-05
0.0,-0.0016912621251551352,6.666366898019785e-06,-6.666366898019785e-06,0.00010971799346965536
0.0,0.006198839704363079,0.0005185244213829732,-0.0005185244213829732,-0.00040214006101529806
0.0,0.007670409427647185,0.0006139902128105545,-0.0006139902128105545,-0.0004976058524428793
0.0,0.00026927832649970007,0.00013385337195906508,-0.00013385337195906508,-1.7469011591389925e-05
0.0,0.005701434129840033,0.00048625601025641064,-0.00048625601025641064,-0.0003698716498887355
0.0,-0.004430329054144866,-0.00017102632955509677,0.00017102632955509677,0.0002874106899227719
0.0,0.00013447750859452157,0.00012510837906964652,-0.00012510837906964652,-8.724018701971368e-06
0.0,-0.0016543221469484948,9.062790389897848e-06,-9.062790389897848e-06,0.0001073215699777773
0.0,-0.002803126684318036,-6.5464112834793e-05,6.5464112834793e-05,0.00018184847320246815
0.0,-0.0036523050860121087,-0.00012055323766403638,0.00012055323766403638,0.00023693759803171153
0.0,-0.002213344827027508,-2.7202934390447667e-05,2.7202934390447667e-05,0.0001435872947581228
0.0,0.0018978268127400888,0.00023950291588292614,-0.00023950291588292614,-0.000123118555515251
0.0,0.003739841510076891,0.0003590007474298072,-0.0003590007474298072,-0.0002426163870621321
0.0,0.00035667194221011833,0.00013952289652015325,-0.00013952289652015325,-2.313853615247811e-05
0.0,0.005282254329749936,0.0004590623742819291,-0.0004590623742819291,-0.000342678013914254
0.0,0.00027548183892078804,0.0001342558151552925,-0.0001342558151552925,-1.787145478761737e-05
0.0,-0.005569722252617426,-0.00024494268684235946,0.00024494268684235946,0.0003613270472100346
0.0,0.005369014643958003,0.0004646908143954525,-0.0004646908143954525,-0.0003483064540277774
0.0,0.0012532727238796504,0.0001976884743125857,-0.0001976884743125857,-8.130411394491055e-05
0.0,0.007840591898404803,0.0006250305352641312,-0.0006250305352641312,-0.0005086461748964561
0.0,-0.00036853301202766087,9.247635580374964e-05,-9.247635580374964e-05,2.3908004563925503e-05
0.0,-0.0035156877607932513,-0.0001116904016948164,0.0001116904016948164,0.00022807476206249155
0.0,-0.0013050961134796202,3.171828482193745e-05,-3.171828482193745e-05,8.46660755457377e-05
0.0,-0.003289278113945082,-9.700242885791757e-05,9.700242885791757e-05,0.0002133867892255927
0.0,0.0027632870875580196,0.00029564830184550115,-0.00029564830184550115,-0.000179263941477826
0.0,-6.870120538793323e-06,0.00011593867200914116,-0.00011593867200914116,4.45688358533973e-07
0.0,0.003641105118425747,0.00035259537796444195,-0.00035259537796444195,-0.0002362110175967668
0.0,-0.0003966902079042267,9.064970162202398e-05,-9.064970162202398e-05,2.5734658745651165e-05
0.0,0.0007115197468861023,0.0001625430945941744,-0.0001625430945941744,-4.6158734226499255e-05
0.0,-0.008169482334351885,-0.00041359806877746175,0.00041359806877746175,0.0005299824291451369
0.0,-0.005527978766503461,-0.00024223464326429337,0.00024223464326429337,0.0003586190036319685
0.0,-0.00039511662920677093,9.075178508660556e-05,-9.075178508660556e-05,2.5632575281069585e-05
0.0,-0.0014179036575431292,2.4400071282594665e-05,-2.4400071282594665e-05,9.198428908508048e-05
0.0,-0.0328642290012785,-0.002015631256440856,0.002015631256440856,0.002132015616808531
0.0,-0.02057300761734404,-0.0012182574327865786,0.0012182574327865786,0.0013346417931542538
0.0,0.014206197825152422,0.0010379892949461825,-0.0010379892949461825,-0.0009216049345785074
0.0,-0.005904978964482943,-0.0002666919433153883,0.0002666919433153883,0.00038307630368306344
0.0,0.02149560016316343,0.0015108779064890092,-0.0015108779064890092,-0.001394493546121334
0.0,-0.00025266233815879335,9.999328511339336e-05,-9.999328511339336e-05,1.6391075254281776e-05
0.0,-0.014391922356395415,-0.000817269163606284,0.000817269163606284,0.0009336535239739592
0.0,-0.00036116989772350117,9.295402636416972e-05,-9.295402636416972e-05,2.3430334003505417e-05
0.0,-0.004299527548581317,-0.0001625407858183882,0.0001625407858183882,0.0002789251461860633
0.0,-0.005511829997012829,-0.00024118701702164128,0.00024118701702164128,0.0003575713773893164
0.0,-0.030864433977743855,-0.0018858976722321416,0.0018858976722321416,0.0020022820325998167
0.0,0.018625040052811848,0.0013246547949101826,-0.0013246547949101826,-0.0012082704345425074
0.0,-0.017327264039978307,-0.0010076948787455108,0.0010076948787455108,0.001124079239113186
0.0,-0.0065595995737004476,-0.0003091594346988661,0.0003091594346988661,0.0004255437950665412
0.0,0.015666780052058682,0.001132742289677201,-0.001132742289677201,-0.0010163579293095259
0.0,0.010851331974038647,0.0008203476035316674,-0.0008203476035316674,-0.0007039632431639922
0.0,0.010557843693063784,0.0008013080088902,-0.0008013080088902,-0.0006849236485225249
0.0,-0.0063166863793988615,-0.0002934008199521249,0.0002934008199521249,0.0004097851803198
0.0,0.005600317169601965,0.0004796962051155877,-0.0004796962051155877,-0.0003633118447479126
0.0,0.006259295774170726,0.0005224464146527911,-0.0005224464146527911,-0.00040606205428511596
0.0,0.021208856064105275,0.0014922758301343228,-0.0014922758301343228,-0.0013758914697666476
0.0,-0.0025089163835961825,-4.637767828796328e-05,4.637767828796328e-05,0.00016276203865563842
0.0,-0.00919901370610332,-0.0004803873113452085,0.0004803873113452085,0.0005967716717128836
0.0,-0.01970148934024063,-0.0011617190433709543,0.0011617190433709543,0.0012781034037386294
0.0,-0.0014819196931705747,2.024713078067157e-05,-2.024713078067157e-05,9.613722958700357e-05
0.0,-0.007567410690302756,-0.0003745396095785438,0.0003745396095785438,0.0004909239699462189
0.0,0.010593753366266334,0.0008036375929513185,-0.0008036375929513185,-0.0006872532325836434
0.0,0.0022233054237545957,0.0002606178333085893,-0.0002606178333085893,-0.00014423347294091412
0.0,-0.01664310858849427,-0.0009633113605186899,0.0009633113605186899,0.001079695720886365
0.0,-0.01815124083246611,-0.001061149088470116,0.001061149088470116,0.001177533448837791
0.0,0.0030432907461763747,0.0003138131026358874,-0.0003138131026358874,-0.00019742874226821223
0.0,-0.006554842390161242,-0.00030885081983383407,0.00030885081983383407,0.0004252351802015092
0.0,0.0155323683669224,0.0011240225411694555,-0.0011240225411694555,-0.0010076381808017804
0.0,0.003261692144003847,0.00032798155280348054,-0.00032798155280348054,-0.00021159719243580538
0.0,0.022973979644221654,0.0016067854703348797,-0.0016067854703348797,-0.0014904011099672045
0.0,-0.0021831080910337253,-2.524137328589373e-05,2.524137328589373e-05,0.00014162573365356887
0.0,0.008170747552017188,0.000646448868536208,-0.000646448868536208,-0.0005300645081685329
0.0,0.010941426132194287,0.000826192321573389,-0.000826192321573389,-0.0007098079612057139
0.0,-0.03236490314939877,-0.0019832382703147433,0.0019832382703147433,0.0020996226306824184
0.0,-0.0015222281477752508,1.763218263436806e-05,-1.763218263436806e-05,9.875217773330708e-05
0.0,-0.023320118765389863,-0.001396471985408965,0.001396471985408965,0.00151285634577664
0.0,0.0017621539947350051,0.00023070135334658893,-0.00023070135334658893,-0.00011431699297891378
0.0,-0.00035634616892232795,9.326695824931908e-05,-9.326695824931908e-05,2.3117402118356055e-05
0.0,0.005419503676349802,0.0004679662116528377,-0.0004679662116528377,-0.0003515818512851626
0.0,-0.00019993032368359476,0.00010341419233633547,-0.00010341419233633547,1.2970168031339674e-05
0.0,-0.019086709555430348,-0.0011218361633538172,0.0011218361633538172,0.0012382205237214923
0.0,-0.020773480559224233,-0.0012312628023274095,0.0012312628023274095,0.0013476471626950846
0.0,8.640058610476231e-05,0.00012198946368135998,-0.00012198946368135998,-5.605103313684837e-06
0.0,-0.01539571453679811,-0.0008823886162660614,0.0008823886162660614,0.0009987729766337365
0.0,-0.01577210632742365,-0.0009068064468386564,0.0009068064468386564,0.0010231908072063315
0.0,-0.020588228309714296,-0.0012192448514730405,0.0012192448514730405,0.0013356292118407156
0.0,-0.027112254452099527,-0.0016424808756466587,0.0016424808756466587,0.0017588652360143338
0.0,0.04959374278953943,0.0033337011006803786,-0.0033337011006803786,-0.0032173167403127035
0.0,0.008562680784222065,0.0006718749259001138,-0.0006718749259001138,-0.0005554905655324387
0.0,-0.0012415825080966947,3.583863094510205e-05,-3.583863094510205e-05,8.054572942257309e-05
0.0,0.00849248413140935,0.0006673210274946902,-0.0006673210274946902,-0.0005509366671270151
0.0,0.0012684969251244294,0.00019867612063181143,-0.00019867612063181143,-8.229176026413629e-05
0.0,-0.02475673039503723,-0.0014896699250161224,0.0014896699250161224,0.0016060542853837975
0.0,0.03433571464262353,0.002343860313919085,-0.002343860313919085,-0.0022274759535514097
0.0,0.007010434848680358,0.0005711753909871315,-0.0005711753909871315,-0.00045479103061945637
0.0,0.009695285023358924,0.0007453508600353521,-0.0007453508600353521,-0.0006289664996676769
0.0,0.004098045450532162,0.0003822386695798531,-0.0003822386695798531,-0.000265854309212178
0.0,0.004518418782931244,0.0004095097341020064,-0.0004095097341020064,-0.0002931253737343313
0.0,-0.00014629784190933748,0.00010689351597135721,-0.00010689351597135721,9.490844396317927e-06
0.0,-0.005257525167898014,-0.0002246893877274467,0.0002246893877274467,0.0003410737480951218
0.0,0.010721688622945758,0.0008119371932605279,-0.0008119371932605279,-0.0006955528328928528
0.0,0.0022219854881162515,0.0002605322045420047,-0.0002605322045420047,-0.00014414784417432955
0.0,0.0075914003822110665,0.0006088646241733652,-0.0006088646241733652,-0.0004924802638056901
0.0,0.01318305304897005,0.0009716143728084373,-0.0009716143728084373,-0.0008552300124407622
0.0,-0.014157306164566674,-0.0008020488039588522,0.0008020488039588522,0.0009184331643265273
0.0,0.0022029127742235755,0.0002592948919650833,-0.0002592948919650833,-0.00014291053159740815
0.0,0.0013757255543636049,0.0002056324107701865,-0.0002056324107701865,-8.924805040251137e-05
0.0,0.008488694060713842,0.0006670751525675371,-0.0006670751525675371,-0.000550690792199862
0.0,-0.007846827493937836,-0.00039266633906687404,0.00039266633906687404,0.0005090506994345492
0.0,-0.0014562465775435074,2.191263412921839e-05,-2.191263412921839e-05,9.447172623845675e-05
0.0,0.01554926091974429,0.001125118419196067,-0.001125118419196067,-0.0010087340588283919
0.0,0.008597395948725328,0.0006741270180717619,-0.0006741270180717619,-0.0005577426577040868
0.0,0.0008986100931438479,0.00017468028910922332,-0.00017468028910922332,-5.829592874154818e-05
0.0,0.006776236617404008,0.0005559821458788805,-0.0005559821458788805,-0.00043959778551120536
0.0,0.00470842037697472,0.00042183579127813694,-0.00042183579127813694,-0.0003054514309104618
0.0,-0.0022244379802809355,-2.792258541208088e-05,2.792258541208088e-05,0.00014430694577975602
0.0,-0.009357140143940179,-0.0004906455174599897,0.0004906455174599897,0.0006070298778276649
0.0,0.0006762010869560964,0.00016025185159764487,-0.00016025185159764487,-4.386749122996972e-05
0.0,0.0007091030986317026,0.00016238631830654224,-0.00016238631830654224,-4.600195793886711e-05
0.0,0.0128902247439735,0.0009526175930795737,-0.0009526175930795737,-0.0008362332327118986
0.0,0.003023994668760688,0.0003125612996986637,-0.0003125612996986637,-0.0001961769393309886
0.0,-0.002651641555101225,-5.563675126206496e-05,5.563675126206496e-05,0.0001720211116297401
0.0,0.01087875260858695,0.0008221264744456178,-0.0008221264744456178,-0.0007057421140779427
0.0,0.0014987433214488366,0.00021361299660898486,-0.00021361299660898486,-9.72286362413097e-05
0.0,0.0017771107537685182,0.00023167164976933634,-0.00023167164976933634,-0.0001152872894016612
0.0,-0.003526436790880272,-0.00011238772826256217,0.00011238772826256217,0.00022877208863023732
0.0,0.006411102394986878,0.0005322946324917789,-0.0005322946324917789,-0.0004159102721241037
0.0,0.0012318625699112573,0.00019629952395512824,-0.00019629952395512824,-7.99151635874531e-05
0.0,-0.0007904570968998437,6.510468863273075e-05,-6.510468863273075e-05,5.1279671734944403e-05
0.0,-0.0005440493877303387,8.10900045831205e-05,-8.10900045831205e-05,3.5294355784554634e-05
0.0,-0.0028255083152146643,-6.691608624330961e-05,6.691608624330961e-05,0.00018330044661098475
0.0,0.00689532059343434,0.0005637075331562892,-0.0005637075331562892,-0.000447323172788614
0.0,-0.003880558492514008,-0.0001353608215338075,0.0001353608215338075,0.00025174518190148264
0.0,-0.001131532823106185,4.2977932676948496e-05,-4.2977932676948496e-05,7.340642769072665e-05
0.0,-0.006524098653592381,-0.0003068563678574524,0.0003068563678574524,0.0004232407282251275
0.0,-0.00812571755868352,-0.00041075889719100996,0.00041075889719100996,0.0005271432575586851
0.0,-0.0021316888487414865,-2.1905630111536897e-05,2.1905630111536897e-05,0.00013828999047921204
0.0,0.014666041867757107,0.001067820960252903,-0.001067820960252903,-0.0009514365998852278
0.0,0.0029533182046204143,0.00030797627428145373,-0.00030797627428145373,-0.0001915919139137786
0.0,0.006949583813841809,0.0005672277749767361,-0.0005672277749767361,-0.000450843414609061
0.0,-0.0008680223820187738,6.0072761695107104e-05,-6.0072761695107104e-05,5.631159867256804e-05
0.0,0.00498490290027398,0.0004397721639046093,-0.0004397721639046093,-0.00032338780353693416
0.0,0.0037059469012648005,0.00035680188752926976,-0.00035680188752926976,-0.0002404175271615946
0.0,-0.0001305615560248663,0.00010791438298317578,-0.00010791438298317578,8.469977384499362e-06
0.0,-0.0029443536044478913,-7.462598908690011e-05,7.462598908690011e-05,0.00019101034945457525
0.0,0.010852481049954399,0.0008204221480401415,-0.0008204221480401415,-0.0007040377876724663
0.0,-0.018974501239482744,-0.0011145568238042185,0.0011145568238042185,0.0012309411841718936
0.0,-0.000839020658475631,6.19542032924724e-05,-6.19542032924724e-05,5.443015707520275e-05
0.0,0.007182725862306283,0.0005823525018717944,-0.0005823525018717944,-0.0004659681415041192
0.0,-0.0046443248906916645,-0.00018490897580345487,0.00018490897580345487,0.00030129333617113
0.0,0.003589481529391092,0.00034924637811377423,-0.00034924637811377423,-0.0002328620177460991
0.0,0.0067342800173637585,0.0005532602768671194,-0.0005532602768671194,-0.00043687591649944424
0.0,0.011568600124275408,0.0008668792564630247,-0.0008668792564630247,-0.0007504948960953496
0.0,1.745570720723677e-05,0.00011751677215700445,-0.00011751677215700445,-1.1324117893293112e-06
0.0,0.002148376881724312,0.00025575696096781275,-0.00025575696096781275,-0.00013937260060013762
0.0,0.0020846350796801527,0.0002516218109420392,-0.0002516218109420392,-0.00013523745057436405
0.0,0.004636432770241061,0.0004171657075294246,-0.0004171657075294246,-0.00030078134716174945
0.0,0.0010474599539205265,0.0001843366917506274,-0.0001843366917506274,-6.795233138295226e-05
0.0,-0.006067494393846573,-0.0002772348784124546,0.0002772348784124546,0.00039361923878012973
0.0,0.0034778715639784963,0.0003420058556222271,-0.0003420058556222271,-0.00022562149525455193
0.0,3.8123067008344336e-05,0.00011885753490097292,-0.00011885753490097292,-2.4731745332977767e-06
0.0,0.006609324208602496,0.0005451539635962501,-0.0005451539635962501,-0.00042876960322857496
0.0,-0.0006293691084816588,7.55550207240292e-05,-7.55550207240292e-05,4.082933964364595e-05
0.0,0.0005093580038946222,0.00014942816671431144,-0.00014942816671431144,-3.3043806346636294e-05
0.0,-0.0022738117853239315,-3.1125634033998424e-05,3.1125634033998424e-05,0.00014750999440167357
0.0,0.0015790922795098083,0.00021882550998861172,-0.00021882550998861172,-0.00010244114962093658
0.0,0.001012017561471401,0.00018203742179983526,-0.00018203742179983526,-6.56530614321601e-05
0.0,0.008841205788409079,0.0006899438012896832,-0.0006899438012896832,-0.0005735594409220081
0.0,-0.002191763174733685,-2.580285834651639e-05,2.580285834651639e-05,0.00014218721871419153
0.0,-0.0003689736527457965,9.244776992417734e-05,-9.244776992417734e-05,2.39365904434978e-05
0.0,0.0046852921407636305,0.0004203353830139004,-0.0004203353830139004,-0.0003039510226462253
0.0,0.001071522174355355,0.0001858976907851749,-0.0001858976907851749,-6.951333041749975e-05
0.0,0.0009514170090862972,0.0001781060554480721,-0.0001781060554480721,-6.172169508039695e-05
0.0,-0.007502163081421376,-0.00037030677268195617,0.00037030677268195617,0.0004866911330496313
0.0,-0.0021239857917741967,-2.1405906300861496e-05,2.1405906300861496e-05,0.00013779026666853664
0.0,0.009638279380647763,0.0007416527078437496,-0.0007416527078437496,-0.0006252683474760745
0.0,-0.004470988428756373,-0.00017366404308971308,0.00017366404308971308,0.0002900484034573882
0.0,-0.016511651392423388,-0.0009547832798826258,0.0009547832798826258,0.001071167640250301
0.0,-0.0016054253132695706,1.223489623823222e-05,-1.223489623823222e-05,0.00010414946412944292
0.0,-0.0030214249424966866,-7.962587197847712e-05,7.962587197847712e-05,0.00019601023234615226
0.0,0.0037202972597878414,0.0003577328446643583,-0.0003577328446643583,-0.00024134848429668317
0.0,-0.02413055719884427,-0.0014490479151993588,0.0014490479151993588,0.0015654322755670339
0.0,0.008015944543135589,0.000636406264693237,-0.000636406264693237,-0.0005200219043255619
0.0,0.00583897507464215,0.0004951787646060503,-0.0004951787646060503,-0.0003787944042383752
0.0,0.008895287120600504,0.0006934522433957019,-0.0006934522433957019,-0.0005770678830280268
0.0,-0.005837333350761975,-0.00026230353959363694,0.00026230353959363694,0.00037868789996131207
0.0,-0.0067493779153879885,-0.00032147100872648507,0.00032147100872648507,0.0004378553690941602
0.0,0.008495835590448308,0.0006675384481744779,-0.0006675384481744779,-0.0005511540878068027
0.0,-0.0028243962306494508,-6.684394149102727e-05,6.684394149102727e-05,0.0001832283018587024
0.0,-0.01191414994527018,-0.0006565275416071548,0.0006565275416071548,0.0007729119019748299
0.0,0.0013535590072402126,0.00020419439058611477,-0.00020419439058611477,-8.781003021843962e-05
0.0,-0.008375676922946718,-0.00042697462122810617,0.00042697462122810617,0.0005433589815957813
0.0,-0.0069119122568113145,-0.00033201517071393774,0.00033201517071393774,0.00044839953108161286
0.0,0.0020984713906617714,0.0002525194200443456,-0.0002525194200443456,-0.00013613505967667046
0.0,-0.01319537280847849,-0.000739644877263074,0.000739644877263074,0.0008560292376307491
0.0,-0.0027652403144732274,-6.300629366093768e-05,6.300629366093768e-05,0.00017939065402861282
0.0,0.021432370568193138,0.0015067759850985547,-0.0015067759850985547,-0.0013903916247308796
0.0,0.008161854781411959,0.0006458719639081911,-0.0006458719639081911,-0.000529487603540516
0.0,0.006135586748687638,0.0005144209845031945,-0.0005144209845031945,-0.00039803662413551936
0.0,0.01049769746289475,0.0007974061159838565,-0.0007974061159838565,-0.0006810217556161814
0.0,0.0046600444669098184,0.00041869747953707394,-0.00041869747953707394,-0.0003023131191693988
0.0,-0.00034988023558091275,9.368642559360408e-05,-9.368642559360408e-05,2.2697934774071062e-05
0.0,-0.0020375791387226005,-1.580040940345999e-05,1.580040940345999e-05,0.00013218476977113513
0.0,0.004097381912668174,0.00038219562359546964,-0.00038219562359546964,-0.0002658112632277945
0.0,-0.001611511904139773,1.1840038145322426e-05,-1.1840038145322426e-05,0.00010454432222235272
0.0,0.0009317492412306283,0.00017683013967306882,-0.00017683013967306882,-6.044577930539368e-05
0.0,0.009717399870633026,0.0007467855262723079,-0.0007467855262723079,-0.0006304011659046327
0.0,0.002985163546397107,0.0003100421911781463,-0.0003100421911781463,-0.00019365783081047114
0.0,0.009472185190685156,0.0007308776062325825,-0.0007308776062325825,-0.0006144932458649073
0.0,-0.0012592227925193322,3.469424499670373e-05,-3.469424499670373e-05,8.169011537097142e-05
0.0,-0.0017318870104667816,4.030890802958606e-06,-4.030890802958606e-06,0.00011235346956471654
0.0,-0.009496397343734198,-0.0004996796111763622,0.0004996796111763622,0.0006160639715440373
0.0,-0.0012339337557076835,3.6334831830929585e-05,-3.6334831830929585e-05,8.004952853674556e-05
0.0,0.003823175554131808,0.00036440691360915015,-0.00036440691360915015,-0.000248022553241475
0.0,0.0057574526279098315,0.0004898901229784928,-0.0004898901229784928,-0.0003735057626108177
0.0,0.007672301032188189,0.0006141129277058922,-0.0006141129277058922,-0.0004977285673382171
0.0,0.002928125887423194,0.0003063419619814154,-0.0003063419619814154,-0.00018995760161374023
0.0,0.007672378673070135,0.0006141179645370561,-0.0006141179645370561,-0.000497733604169381
0.0,-0.00180590159841032,-7.706901914147435e-07,7.706901914147435e-07,0.00011715505055908989
0.0,-0.004835444424841517,-0.00019730755760097117,0.00019730755760097117,0.0003136919179686463
0.0,0.0012365569653400854,0.00019660406553939443,-0.00019660406553939443,-8.021970517171929e-05
0.0,0.0045106896075925995,0.00040900831590271136,-0.00040900831590271136,-0.00029262395553503623
0.0,0.002285226738359958,0.0002646348820501499,-0.0002646348820501499,-0.00014825052168247475
0.0,0.004620174547884881,0.0004161109807027714,-0.0004161109807027714,-0.0002997266203350963
0.0,0.00017586919155743175,0.00012779359996679517,-0.00012779359996679517,-1.140923959912003e-05
0.0,-0.003403778522185874,-0.00010443046432136398,0.00010443046432136398,0.00022081482468903912
0.0,-0.006531243569450895,-0.0003073198831339113,0.0003073198831339113,0.0004237042435015864
0.0,0.003581997784064761,0.0003487608818038704,-0.0003487608818038704,-0.00023237652143619526
0.0,-0.00617673452276668,-0.00028432166145643794,0.00028432166145643794,0.00040070602182411307
0.0,0.002828694915066654,0.00029989153267573,-0.00029989153267573,-0.00018350717230805489
0.0,0.006847482673755456,0.0005606041227027214,-0.0005606041227027214,-0.00044421976233504626
0.0,0.004688147952890187,0.0004205206493730246,-0.0004205206493730246,-0.0003041362890053495
0.0,-0.005262401280453521,-0.00022500571792698535,0.00022500571792698535,0.0003413900782946605
0.0,0.007387691099234761,0.0005956493020498048,-0.0005956493020498048,-0.0004792649416821297
0.0,-0.0016161146071345112,1.1541444964757264e-05,-1.1541444964757264e-05,0.00010484291540291788
0.0,-0.0025786549148275606,-5.090185677006927e-05,5.090185677006927e-05,0.00016728621713774441
0.0,-0.010885526112695776,-0.0005897971742285451,0.0005897971742285451,0.0007061815345962202
0.0,-0.00899879386967306,-0.00046739836162581734,0.00046739836162581734,0.0005837827219934925
0.0,-0.007282739927037873,-0.00035607203765084325,0.00035607203765084325,0.0004724563980185184
0.0,-0.0297778200029859,-0.001815405284793622,0.001815405284793622,0.0019317896451612972
0.0,0.013017017169932643,0.0009608430540276281,-0.0009608430540276281,-0.000844458693659953
0.0,0.0007668762331907164,0.00016613426033515355,-0.00016613426033515355,-4.974989996747841e-05
0.0,0.018762303409984193,0.0013335595411951365,-0.0013335595411951365,-0.0012171751808274613
0.0,-0.00661660635492356,-0.00031285766074965626,0.00031285766074965626,0.0004292420211173314
0.0,-0.012317322177972212,-0.0006826827116052356,0.0006826827116052356,0.0007990670719729107
0.0,0.015131688322181258,0.0010980290479796892,-0.0010980290479796892,-0.000981644687612014
0.0,-0.029292752911742603,-0.0017839373135325172,0.0017839373135325172,0.0019003216739001923
0.0,0.0024642680276520945,0.0002762499065440919,-0.0002762499065440919,-0.00015986554617641676
0.0,0.014426124657807904,0.0010522567053198896,-0.0010522567053198896,-0.0009358723449522144
0.0,0.012105865492430645,0.0009017335095548222,-0.0009017335095548222,-0.0007853491491871471
0.0,-0.007914727601131322,-0.0003970712526558663,0.0003970712526558663,0.0005134556130235414
0.0,0.00824679859557964,0.0006513825614137566,-0.0006513825614137566,-0.0005349982010460814
0.0,-0.0005060748601761755,8.355354285092081e-05,-8.355354285092081e-05,3.2830817516754334e-05
0.0,-0.025946336754618105,-0.0015668437828413736,0.0015668437828413736,0.0016832281432090487
0.0,0.010982987735216332,0.0008288885657694463,-0.0008288885657694463,-0.0007125042054017712
0.0,-0.003203180635808267,-9.141698920106816e-05,9.141698920106816e-05,0.0002078013495687433
0.0,0.006545480165679685,0.000541012180852881,-0.000541012180852881,-0.0004246278204852058
0.0,0.012687291793508804,0.0009394526343172997,-0.0009394526343172997,-0.0008230682739496245
0.0,0.0006427872591217021,0.0001580841816134347,-0.0001580841816134347,-4.169982124575956e-05
0.0,-0.00689910050906084,-0.0003311840285538232,0.0003311840285538232,0.0004475683889214983
0.0,0.010842079212828093,0.0008197473450744027,-0.0008197473450744027,-0.0007033629847067275
0.0,0.013009813642266721,0.0009603757364015472,-0.0009603757364015472,-0.0008439913760338721
0.0,0.0009106051537297599,0.00017545844996285948,-0.00017545844996285948,-5.907408959518434e-05
0.0,-9.401025965849463e-05,0.00011028559134667245,-0.00011028559134667245,6.098769021002694e-06
0.0,0.0003223043548219451,0.0001372933528719281,-0.0001372933528719281,-2.090899250425296e-05
0.0,0.007229681189480308,0.0005853986555126871,-0.0005853986555126871,-0.0004690142951450119
0.0,0.002879153101061016,0.0003031649288211751,-0.0003031649288211751,-0.00018678056845349995
0.0,-0.0007244143620946941,6.938910808391719e-05,-6.938910808391719e-05,4.699525228375796e-05
0.0,-0.0031355866640028207,-8.70319356680697e-05,8.70319356680697e-05,0.00020341629603574485
0.0,0.0025817523700197853,0.00028387152008167564,-0.00028387152008167564,-0.0001674871597140005
0.0,0.00034269198975556137,0.00013861596890124588,-0.00013861596890124588,-2.2231608533570737e-05
0.0,1.997472142156731e-05,0.00011768018927668514,-0.00011768018927668514,-1.2958289090099966e-06
0.0,-0.0048955765157830955,-0.0002012085332469785,0.0002012085332469785,0.00031759289361465363
0.0,-9.693591923765066e-05,0.00011009579374296225,-0.00011009579374296225,6.2885666247129e-06
0.0,-0.008416371322106486,-0.00042961460692568303,0.00042961460692568303,0.0005459989672933582
0.0,0.006158571742003405,0.0005159121001079315,-0.0005159121001079315,-0.0003995277397402563
0.0,-0.002428916406865711,-4.1187804528044876e-05,4.1187804528044876e-05,0.00015757216489572002
0.0,-0.005316352490240539,-0.0002285057185448961,0.0002285057185448961,0.00034489007891257123
0.0,0.005047606675254723,0.00044383997354306427,-0.00044383997354306427,-0.00032745561317538914
0.0,-0.012258373372913245,-0.0006788584997859645,0.0006788584997859645,0.0007952428601536397
0.0,-0.017903202985502964,-0.0010450580198719628,0.0010450580198719628,0.001161442380239638
0.0,0.00797191259701524,0.0006335497608402665,-0.0006335497608402665,-0.0005171654004725914
0.0,0.014216897585460186,0.0010386834252138172,-0.0010386834252138172,-0.0009222990648461419
0.0,-0.004478294673592398,-0.00017413802433205488,0.00017413802433205488,0.00029052238469973
0.0,-0.015560819201407838,-0.0008930995239627604,0.0008930995239627604,0.0010094838843304355
0.0,0.0091044925499415,0.0007070241194454576,-0.0007070241194454576,-0.0005906397590777825
0.0,0.006415695380997066,0.0005325925952981214,-0.0005325925952981214,-0.0004162082349304462
0.0,0.010938977513132997,0.0008260334712295065,-0.0008260334712295065,-0.0007096491108618313
0.0,-0.0013871187334510982,2.639719523532522e-05,-2.639719523532522e-05,8.998716513234992e-05
0.0,0.009955676641137279,0.0007622433602539907,-0.0007622433602539907,-0.0006458589998863156
0.0,-0.0019995427986508885,-1.3332861144957562e-05,1.3332861144957562e-05,0.0001297172215126327
0.0,0.0027628315736780706,0.00029561875109274544,-0.00029561875109274544,-0.00017923439072507028
0.0,-0.003919344949506964,-0.00013787703245804489,0.00013787703245804489,0.00025426139282572
0.0,0.006871616056117524,0.0005621697382563478,-0.0005621697382563478,-0.00044578537788867264
0.0,-0.003568666378412577,-0.00011512730691224707,0.00011512730691224707,0.0002315116672799222
0.0,0.0028471487971184484,0.0003010886995018143,-0.0003010886995018143,-0.00018470433913413917
0.0,0.0019204463587332299,0.00024097032366238814,-0.00024097032366238814,-0.00012458596329471299
0.0,0.004072700506109195,0.0003805944558265103,-0.0003805944558265103,-0.0002642100954588352
0.0,0.005581337868471481,0.00047846495254597076,-0.00047846495254597076,-0.00036208059217829563
0.0,-0.0008324053147991117,6.238336339929693e-05,-6.238336339929693e-05,5.400099696837822e-05
0.0,0.00325337015914573,0.0003274416770108776,-0.0003274416770108776,-0.00021105731664320242
0.0,-0.0030228605633046968,-7.971900564007538e-05,7.971900564007538e-05,0.00019610336600775052
0.0,0.009662312168146059,0.0007432117974624293,-0.0007432117974624293,-0.0006268274370947542
0.0,0.003704089049704651,0.0003566813623059396,-0.0003566813623059396,-0.00024029700193826448
0.0,-0.001185699214361291,3.94639724967917e-05,-3.94639724967917e-05,7.692038787088344e-05
0.0,0.0007024972279667807,0.00016195777274657542,-0.00016195777274657542,-4.5573412378900286e-05
0.0,0.0027300951851503275,0.0002934950289273374,-0.0002934950289273374,-0.00017711066855966227
0.0,0.0025606760900243053,0.00028250422927765756,-0.00028250422927765756,-0.00016611986890998243
0.0,-0.0019624672514313435,-1.0927642824737206e-05,1.0927642824737206e-05,0.00012731200319241235
0.0,0.0015646460846321375,0.00021788833561943801,-0.00021788833561943801,-0.00010150397525176286
0.0,0.0007115345908383919,0.00016254405757243551,-0.00016254405757243551,-4.615969720476037e-05
0.0,0.0008370427393644686,0.0001706862030243769,-0.0001706862030243769,-5.430184265670177e-05
0.0,0.007695488006902673,0.0006156171465389554,-0.0006156171465389554,-0.0004992327861712803
0.0,0.0005031528617669423,0.00014902561779340978,-0.00014902561779340978,-3.264125742573463e-05
0.0,-0.0005925944462060739,7.794071960262928e-05,-7.794071960262928e-05,3.8443640765045865e-05
0.0,-0.003756184245747196,-0.00012729223619059664,0.00012729223619059664,0.00024367659655827176
0.0,-0.0015827522106851566,1.3705778418051254e-05,-1.3705778418051254e-05,0.00010267858194962389
0.0,0.0021749356911917594,0.0002574799223233412,-0.0002574799223233412,-0.00014109556195566607
0.0,0.007507291353015866,0.00060340818204135,-0.00060340818204135,-0.00048702382167367485
0.0,0.0021955703874654287,0.00025881856607189386,-0.00025881856607189386,-0.0001424342057042187
0.0,0.004174424362754614,0.0003871936324255289,-0.0003871936324255289,-0.0002708092720578538
0.0,-0.004011219709926239,-0.00014383726429542697,0.00014383726429542697,0.0002602216246631021
0.0,-0.008631020716408422,-0.00044353965171442327,0.00044353965171442327,0.0005599240120820984
0.0,-0.00663809511563529,-0.00031425171059702944,0.00031425171059702944,0.0004306360709647046
0.0,0.00632356747139462,0.0005266159408021738,-0.0005266159408021738,-0.0004102315804344987
0.0,0.0015002511791302187,0.00021371081652511633,-0.00021371081652511633,-9.73264561574412e-05
0.0,0.009135724328457329,0.0007090502323822273,-0.0007090502323822273,-0.0005926658720145522
0.0,-0.00316282139344648,-8.879874627820687e-05,8.879874627820687e-05,0.00020518310664588202
0.0,-0.0010969340964486207,4.522247112489892e-05,-4.522247112489892e-05,7.116188924277622e-05
0.0,0.002908158040315856,0.000305046579032823,-0.000305046579032823,-0.00018866221866514787
0.0,0.008575225775086182,0.0006726887626231348,-0.0006726887626231348,-0.0005563044022554597
0.0,7.258178414493166e-05,0.00012109299044954318,-0.00012109299044954318,-4.708630081868045e-06
0.0,0.007147785279833618,0.0005800857860608374,-0.0005800857860608374,-0.0004637014256931623
0.0,0.00033529222633799094,0.00013813592078673406,-0.00013813592078673406,-2.1751560419058913e-05
0.0,-0.00043230017186479675,8.833956073069283e-05,-8.833956073069283e-05,2.804479963698231e-05
0.0,0.004459292004863613,0.0004056739765612816,-0.0004056739765612816,-0.0002892896161936065
0.0,0.004944781081796634,0.0004371693234860761,-0.0004371693234860761,-0.00032078496311840096
0.0,0.0008661436002121992,0.00017257407599980925,-0.00017257407599980925,-5.618971563213411e-05
0.0,-0.00019544819997963092,0.00010370496312341058,-0.00010370496312341058,1.2679397244264559e-05
0.0,0.005128166675301138,0.0004490661779424546,-0.0004490661779424546,-0.00033268181757477945
0.0,3.398471712534601e-05,0.00011858906590454441,-0.00011858906590454441,-2.2047055368692604e-06
0.0,-0.005780822450430323,-0.0002586374830425368,0.0002586374830425368,0.0003750218434102119
0.0,0.0029460216619106028,0.00030750292244942313,-0.00030750292244942313,-0.000191118562081748
0.0,0.008378802677341701,0.0006599461204063694,-0.0006599461204063694,-0.0005435617600386942
0.0,-0.007059870562045378,-0.0003416137350795669,0.0003416137350795669,0.000457998095447242
0.0,0.0035333728907271933,0.0003456064176611908,-0.0003456064176611908,-0.00022922205729351567
0.0,-0.0028032386528962228,-6.547137662172918e-05,6.547137662172918e-05,0.00018185573698940432
0.0,0.004902451368978156,0.0004344232493645592,-0.0004344232493645592,-0.00031803888899688406
0.0,0.006655262605488987,0.0005481341454702669,-0.0005481341454702669,-0.00043174978510259176
0.0,-0.002855178689662563,-6.884090552560636e-05,6.884090552560636e-05,0.0001852252658932815
0.0,0.006976215252569862,0.0005689554480423078,-0.0005689554480423078,-0.00045257108767463266
0.0,-0.001514532772802224,1.813140808764288e-05,-1.813140808764288e-05,9.825295228003226e-05
0.0,0.0018701968845122874,0.00023771046736783456,-0.00023771046736783456,-0.00012132610700015942
0.0,0.00836655302646827,0.0006591514434047701,-0.0006591514434047701,-0.000542767083037095
0.0,0.003862162248501333,0.00036693611462099607,-0.00036693611462099607,-0.00025055175425332094
0.0,-0.0026519776473655776,-5.5658554723702873e-05,5.5658554723702873e-05,0.00017204291509137802
0.0,0.0002890760711180551,0.00013513771977389675,-0.00013513771977389675,-1.8753359406221606e-05
0.0,0.0011409766124783616,0.00019040343916981376,-0.00019040343916981376,-7.401907880213861e-05
0.0,-0.009042160974207403,-0.00047021173491747096,0.00047021173491747096,0.0005865960952851461
0.0,-0.015730711659182384,-0.0009041210322762285,0.0009041210322762285,0.0010205053926439036
0.0,0.010053584595046017,0.0007685949861124607,-0.0007685949861124607,-0.0006522106257447856
0.0,-0.0008668741908683941,6.014724880580717e-05,-6.014724880580717e-05,5.623711156186797e-05
0.0,0.003134358792605374,0.00031972100016092344,-0.00031972100016092344,-0.00020333663979324828
0.0,-0.01770582037552626,-0.0010322531307951374,0.0010322531307951374,0.0011486374911628126
0.0,0.007254613892351713,0.000587016125738111,-0.000587016125738111,-0.00047063176537043587
0.0,0.014980414164082134,0.0010882153728292894,-0.0010882153728292894,-0.0009718310124616142
0.0,0.01125059589785371,0.0008462492280842729,-0.0008462492280842729,-0.0007298648677165978
0.0,0.003325672876785646,0.00033213220308833403,-0.00033213220308833403,-0.0002157478427206589
0.0,-0.005400853672730133,-0.00023398760101046655,0.00023398760101046655,0.0003503719613781417
0.0,0.007326397804890528,0.0005916729951435188,-0.0005916729951435188,-0.0004752886347758437
0.0,0.0016884725532351208,0.00022592138470832858,-0.00022592138470832858,-0.00010953702434065344
0.0,0.006462646466197652,0.000535638473747601,-0.000535638473747601,-0.0004192541133799258
0.0,-0.0016304457368023773,1.0611735271667862e-05,-1.0611735271667862e-05,0.00010577262509600728
0.0,0.0018435333204338544,0.00023598071022024465,-0.00023598071022024465,-0.00011959634985256949
0.0,-0.002919942636890105,-7.304236562649328e-05,7.304236562649328e-05,0.00018942672599416843
0.0,0.004705785881164548,0.000421664882469977,-0.000421664882469977,-0.0003052805221023019
0.0,-0.00381551976362815,-0.00013114153540125803,0.00013114153540125803,0.00024752589576893316
0.0,-0.01051810302712286,-0.0005659611744128501,0.0005659611744128501,0.0006823455347805252
0.0,-0.03351362667122315,-0.0020577599177822557,0.0020577599177822557,0.002174144278149931
0.0,-0.030279995565056117,-0.00184798314142527,0.00184798314142527,0.001964367501792945
0.0,-0.0037785406053220116,-0.0001287425701615119,0.0001287425701615119,0.00024512693052918704
0.0,-0.04416324258407911,-0.002748637145978854,0.002748637145978854,0.002865021506346529
0.0,-0.008238340444361891,-0.00041806513130552355,0.00041806513130552355,0.0005344494916731987
0.0,0.046039229006110016,0.0031031075609342347,-0.0031031075609342347,-0.0029867232005665596
0.0,-0.028107896121075893,-0.0017070715765853705,0.0017070715765853705,0.0018234559369530456
0.0,0.04220259077449118,0.0028542116374808708,-0.0028542116374808708,-0.0027378272771131956
0.0,-0.033922077046888544,-0.0020842574990757663,0.0020842574990757663,0.0022006418594434415
0.0,-0.01705385200037013,-0.00098995769896121,0.00098995769896121,0.001106342059328885
0.0,-0.07596969747745097,-0.004812031316745704,0.004812031316745704,0.0049284156771133795
0.0,0.04939630628156144,0.003320892715054754,-0.003320892715054754,-0.0032045083546870788
0.0,-0.048868445131273974,-0.003053879825199367,0.003053879825199367,0.003170264185567042
0.0,-0.09511268097833658,-0.006053902524940135,0.006053902524940135,0.00617028688530781
0.0,0.09287124972971839,0.006141261888107087,-0.006141261888107087,-0.006024877527739412
0.0,-0.11984055240393443,-0.007658084629676476,0.007658084629676476,0.007774468990044151
0.0,0.05995484974402432,0.004005861760026013,-0.004005861760026013,-0.0038894773996583374
0.0,-0.051830762729157875,-0.003246055560719878,0.003246055560719878,0.003362439921087553
0.0,0.0047078080405855705,0.0004217960669096037,-0.0004217960669096037,-0.0003054117065419286
0.0,-0.04335951230846191,-0.0026964963974692503,0.0026964963974692503,0.0028128807578369254
0.0,-0.02929386782180443,-0.0017840096415844872,0.0017840096415844872,0.0019003940019521623
0.0,0.09382773976227554,0.006203312687675646,-0.006203312687675646,-0.006086928327307971
0.0,0.011535011448221999,0.0008647002434732174,-0.0008647002434732174,-0.0007483158831055423
0.0,0.062414163303876835,0.004165405892828598,-0.004165405892828598,-0.0040490215324609224
0.0,-0.033687352562252526,-0.002069030114101305,0.002069030114101305,0.0021854144744689803
0.0,0.03351600948370015,0.002290683219761934,-0.002290683219761934,-0.0021742988593942587
0.0,-0.016012721914555605,-0.000922416007902539,0.000922416007902539,0.0010388003682702141
0.0,-0.04414243033166543,-0.0027472869835525513,0.0027472869835525513,0.0028636713439202264
0.0,0.02282934723487151,0.0015974026682792114,-0.0015974026682792114,-0.0014810183079115363
0.0,-0.015137125124949469,-0.000865613031347237,0.000865613031347237,0.000981997391714912
0.0,0.07033131865275055,0.00467901900220175,-0.00467901900220175,-0.004562634641834074
0.0,-0.0016030527844311804,1.2388810347538709e-05,-1.2388810347538709e-05,0.00010399555002013643
0.0,0.03405645287963033,0.0023257436424506677,-0.0023257436424506677,-0.0022093592820829925
0.0,0.014487410153376512,0.0010562325062927662,-0.0010562325062927662,-0.000939848145925091
0.0,-0.010104660822607414,-0.000539139756005609,0.000539139756005609,0.0006555241163732842
0.0,0.030572589146256046,0.002099733414549143,-0.002099733414549143,-0.001983349054181468
0.0,-0.022030438529415775,-0.001312805990881021,0.001312805990881021,0.001429190351248696
0.0,0.005816689462164515,0.0004937330202427607,-0.0004937330202427607,-0.0003773486598750855
0.0,0.026793594848223412,0.0018545770514127211,-0.0018545770514127211,-0.001738192691045046
0.0,-0.01788104803401469,-0.0010436207519366402,0.0010436207519366402,0.0011600051123043153
0.0,-0.030674795694063395,-0.0018735951842493628,0.0018735951842493628,0.001989979544617038
0.0,0.022930247703843776,0.0016039484288867037,-0.0016039484288867037,-0.0014875640685190286
0.0,-0.0005394221197431159,8.139019137927306e-05,-8.139019137927306e-05,3.499416898840209e-05
0.0,0.013918057304545428,0.0010192966279207198,-0.0010192966279207198,-0.0009029122675530447
0.0,0.014714069804799612,0.0010709366977866737,-0.0010709366977866737,-0.0009545523374189985
0.0,-0.005242380698498916,-0.00022370691388739713,0.00022370691388739713,0.00034009127425507226
0.0,0.026583916282167053,0.0018409744813562385,-0.0018409744813562385,-0.0017245901209885634
0.0,-0.009212446303987654,-0.00048125873018977033,0.00048125873018977033,0.0005976430905574455
0.0,-0.028059034078492195,-0.001703901727755095,0.001703901727755095,0.00182028608812277
0.0,0.004249827591976452,0.0003920852993577578,-0.0003920852993577578,-0.00027570093899008266
0.0,0.009040556385797371,0.0007028763604814846,-0.0007028763604814846,-0.0005864920001138094
0.0,-0.006979410390386298,-0.0003363940068911593,0.0003363940068911593,0.00045277836725883444
0.0,0.011504630788313985,0.000862729345529124,-0.000862729345529124,-0.0007463449851614489
0.0,0.016871538638701944,0.0012108991246088127,-0.0012108991246088127,-0.0010945147642411376
0.0,0.00013307822091168653,0.00012501760246289587,-0.00012501760246289587,-8.633242095220725e-06
0.0,-0.020500317528877154,-0.0012135417766306845,0.0012135417766306845,0.0013299261369983596
0.0,-0.01746272460422804,-0.001016482671650401,0.001016482671650401,0.0011328670320180762
0.0,0.01152482269503552,0.000864039263995849,-0.000864039263995849,-0.0007476549036281739
0.0,0.0039263632504382695,0.0003711010545238606,-0.0003711010545238606,-0.0002547166941561855
0.0,0.03150119163168075,0.0021599750529778332,-0.0021599750529778332,-0.002043590692610158
0.0,-0.010484399194493177,-0.0005637746908197011,0.0005637746908197011,0.0006801590511873762
0.0,0.01665110025908012,0.0011965985284232332,-0.0011965985284232332,-0.001080214168055558
0.0,-0.007773596407737116,-0.0003879155865264839,0.0003879155865264839,0.000504299946894159
0.0,0.002353711326488428,0.00026907771292851673,-0.00026907771292851673,-0.00015269335256084157
0.0,0.012289184036080147,0.000913626014256397,-0.000913626014256397,-0.0007972416538887219
0.0,0.014827297215913804,0.0010782821495463016,-0.0010782821495463016,-0.0009618977891786264
0.0,-0.0021079145460738413,-2.03633092932338e-05,2.03633092932338e-05,0.00013674766966090894
0.0,0.004812335824971425,0.0004285771439490915,-0.0004285771439490915,-0.00031219278358141637
0.0,0.003751234813537785,0.00035973987022817623,-0.00035973987022817623,-0.0002433555098605011
0.0,0.008210832780053412,0.0006490493352069227,-0.0006490493352069227,-0.0005326649748392476
0.0,0.013648979133831007,0.0010018406011238308,-0.0010018406011238308,-0.0008854562407561556
0.0,-0.0033687022311144066,-0.00010215494462664723,0.00010215494462664723,0.00021853930499432238
0.0,0.026211650818398713,0.001816824339805019,-0.001816824339805019,-0.001700439979437344
0.0,0.012041579421169235,0.0008975630509121667,-0.0008975630509121667,-0.0007811786905444916
0.0,-0.007799170822611612,-0.00038957468681759515,0.00038957468681759515,0.0005059590471852703
0.0,-0.0053130910724373814,-0.00022829413914989498,0.00022829413914989498,0.0003446784995175701
0.0,-0.05894405927443824,-0.0037075195835313654,0.0037075195835313654,0.0038239039438990406
0.0,0.013060843963234703,0.0009636862489113724,-0.0009636862489113724,-0.0008473018885436972
0.0,0.008312217041285264,0.00065562648108296,-0.00065562648108296,-0.0005392421207152849
0.0,0.01896239819380252,0.001346540378321302,-0.001346540378321302,-0.001230156017953627
0.0,-0.0036002995561740248,-0.00011717945999924213,0.00011717945999924213,0.00023356382036691727
0.0,0.0005942198825281686,0.0001549334487798482,-0.0001549334487798482,-3.854908841217304e-05
0.0,-0.005649494809462974,-0.00025011780709182084,0.00025011780709182084,0.00036650216745949597
0.0,0.006495095537691675,0.0005377435566684114,-0.0005377435566684114,-0.00042135919630073625
0.0,0.004307419569164139,0.0003958214890843525,-0.0003958214890843525,-0.00027943712871667735
0.0,-0.025855145939064572,-0.0015609279208607968,0.0015609279208607968,0.001677312281228472
0.0,0.010959447267809841,0.0008273614146491307,-0.0008273614146491307,-0.0007109770542814555
0.0,-0.024226905044785974,-0.0014552983314858805,0.0014552983314858805,0.0015716826918535556
0.0,0.014685678433118632,0.0010690948518147475,-0.0010690948518147475,-0.0009527104914470722
0.0,0.015409875731554612,0.001116076022432077,-0.001116076022432077,-0.0009996916620644018
0.0,0.005022132820864389,0.0004421873969565761,-0.0004421873969565761,-0.00032580303658890096
0.0,0.004541250844364075,0.0004109909284892788,-0.0004109909284892788,-0.0002946065681216037
0.0,0.01588172586745884,0.001146686564322529,-0.001146686564322529,-0.001030302203954854
0.0,-0.010818532028197159,-0.0005854510374492741,0.0005854510374492741,0.0007018353978169492
0.0,0.007827461915415501,0.0006241787480890682,-0.0006241787480890682,-0.0005077943877213931
0.0,-0.005643606159361103,-0.0002497357900976409,0.0002497357900976409,0.00036612015046531604
0.0,0.01046620127324438,0.000795362849786985,-0.000795362849786985,-0.0006789784894193099
0.0,-0.009362541127788226,-0.0004909958978662886,0.0004909958978662886,0.0006073802582339638
0.0,0.013406370782667931,0.00098610176260041,-0.00098610176260041,-0.0008697174022327347
0.0,0.009082050740923053,0.0007055682420751136,-0.0007055682420751136,-0.0005891838817074385
0.0,-0.0034061012455366413,-0.00010458114737731422,0.00010458114737731422,0.00022096550774498936
0.0,0.002848612194617406,0.0003011836351329303,-0.0003011836351329303,-0.00018479927476525515
0.0,0.0084069387471426,0.0006617714040668745,-0.0006617714040668745,-0.0005453870436991994
0.0,0.0016790373419135474,0.00022530929008457518,-0.00022530929008457518,-0.00010892492971690004
0.0,0.005747082068739751,0.0004892173491213977,-0.0004892173491213977,-0.00037283298875372253
0.0,-0.012319859824193036,-0.0006828473374472878,0.0006828473374472878,0.0007992316978149629
0.0,-0.006190400054688405,-0.00028520819153350077,0.00028520819153350077,0.0004015925519011759
0.0,0.007395138795039502,0.0005961324597032015,-0.0005961324597032015,-0.0004797480993355263
0.0,-0.006473392152297919,-0.00030356686264406947,0.00030356686264406947,0.0004199512230117446
0.0,0.01242838167815008,0.0009226562442582777,-0.0009226562442582777,-0.0008062718838906025
0.0,-0.003750251937389204,-0.0001269073869351198,0.0001269073869351198,0.00024329174730279492
0.0,0.007670504990141325,0.0006139964122783674,-0.0006139964122783674,-0.0004976120519106922
0.0,0.00718102343932614,0.0005822420598352586,-0.0005822420598352586,-0.00046585769946758343
0.0,0.0036119303819721615,0.0003507027124242615,-0.0003507027124242615,-0.00023431835205658637
0.0,0.006429743053199433,0.0005335039161300839,-0.0005335039161300839,-0.0004171195557624087
0.0,0.00642769555966427,0.0005333710881793016,-0.0005333710881793016,-0.0004169867278116264
0.0,0.0006330295486443038,0.00015745116535976572,-0.00015745116535976572,-4.106680499209057e-05
0.0,0.002742218294476073,0.0002942814967433255,-0.0002942814967433255,-0.00017789713637565032
0.0,-0.007969132154236114,-0.0004006006632146959,0.0004006006632146959,0.000516985023582371
0.0,0.013996549490237653,0.0010243886860878764,-0.0010243886860878764,-0.0009080043257202012
0.0,-0.002047174350497949,-1.642288380719033e-05,1.642288380719033e-05,0.00013280724417486547
0.0,-0.00017188262276812694,0.00010523374320317693,-0.00010523374320317693,1.1150617164498221e-05
0.0,0.0027098425110787527,0.00029218116827352286,-0.00029218116827352286,-0.00017579680790584773
0.0,0.002303389154016955,0.0002658131404483061,-0.0002658131404483061,-0.00014942878008063096
0.0,-0.0044043954214108005,-0.00016934392556541383,0.00016934392556541383,0.00028572828593308896
0.0,0.0031586327691348615,0.00032129573654195636,-0.00032129573654195636,-0.0002049113761742812
0.0,0.0034411070444764214,0.0003396208147402445,-0.0003396208147402445,-0.00022323645437256938
0.0,0.010043718303008653,0.0007679549257993819,-0.0007679549257993819,-0.0006515705654317067
0.0,0.0035963511532906,0.0003496920342536089,-0.0003496920342536089,-0.00023330767388593377
0.0,0.010195626139483993,0.0007778097098464509,-0.0007778097098464509,-0.0006614253494787758
0.0,0.0016730440109038458,0.00022492048207971098,-0.00022492048207971098,-0.00010853612171203585
0.0,0.00673256535528588,0.0005531490408382004,-0.0005531490408382004,-0.00043676468047052527
0.0,-0.0021949627140287475,-2.6010423469781583e-05,2.6010423469781583e-05,0.00014239478383745673
0.0,0.007525003016613407,0.0006045571986024308,-0.0006045571986024308,-0.0004881728382347556
0.0,0.015365910154807594,0.001113223824188723,-0.001113223824188723,-0.0009968394638210478
0.0,-0.03512584371534122,-0.0021623499848612946,0.0021623499848612946,0.0022787343452289697
0.0,-0.008133027264274895,-0.00041123310294445927,0.00041123310294445927,0.0005276174633121344
0.0,-0.027756342102360998,-0.00168426505774013,0.00168426505774013,0.0018006494181078052
0.0,0.02014498633677464,0.001423258940286382,-0.001423258940286382,-0.0013068745799187068
0.0,-0.01758479659017942,-0.0010244019014127377,0.0010244019014127377,0.0011407862617804129
0.0,0.0005330721905940639,0.00015096658760290602,-0.00015096658760290602,-3.4582227235230885e-05
0.0,0.012741829089357504,0.0009429906563546769,-0.0009429906563546769,-0.0008266062959870017
0.0,0.005219359577689042,0.0004549821753031578,-0.0004549821753031578,-0.00033859781493548265
0.0,-0.004618946596211537,-0.00018326259851715094,0.00018326259851715094,0.00029964695888482607
0.0,-0.008412365876402483,-0.00042935475988065185,0.00042935475988065185,0.000545739120248327
0.0,-0.011182581807410497,-0.0006090681992743192,0.0006090681992743192,0.0007254525596419943
0.0,-0.011571097930805796,-0.000634272577031925,0.000634272577031925,0.0007506569373996002
0.0,0.010517945160813724,0.0007987196538175294,-0.0007987196538175294,-0.0006823352934498543
0.0,-0.023721455093028143,-0.001422508053928452,0.001422508053928452,0.0015388924142961272
0.0,0.0029874591429570607,0.0003101911144258367,-0.0003101911144258367,-0.0001938067540581616
0.0,0.0159767237756141,0.0011528494054998855,-0.0011528494054998855,-0.0010364650451322103
0.0,0.016110590199083896,0.0011615337810071524,-0.0011615337810071524,-0.0010451494206394772
0.0,-0.0048126645432444715,-0.0001958297482991901,0.0001958297482991901,0.0003122141086668652
0.0,0.008253718228220741,0.0006518314617927318,-0.0006518314617927318,-0.0005354471014250567
0.0,0.005292907769290922,0.00045975349956203917,-0.00045975349956203917,-0.00034336913919436404
0.0,-0.009577652178616392,-0.0005049508919023848,0.0005049508919023848,0.00062133525227006
0.0,0.01797270867614209,0.0012823358139190258,-0.0012823358139190258,-0.0011659514535513507
0.0,-0.013973515692226712,-0.0007901256836192826,0.0007901256836192826,0.0009065100439869578
0.0,0.01739675486921799,0.0012449717086824557,-0.0012449717086824557,-0.0011285873483147806
0.0,0.008010123642494982,0.0006360286428397262,-0.0006360286428397262,-0.000519644282472051
0.0,0.00879353312061526,0.0006868511112945096,-0.0006868511112945096,-0.0005704667509268344
0.0,0.01641581296364758,0.0011813346319758434,-0.0011813346319758434,-0.0010649502716081683
0.0,-0.006306918994084421,-0.0002927671760584871,0.0002927671760584871,0.00040915153642616224
0.0,-0.006623141753502759,-0.00031328163454293707,0.00031328163454293707,0.0004296659949106122
0.0,-0.0015277553060997207,1.7273616855633856e-05,-1.7273616855633856e-05,9.911074351204129e-05
0.0,0.00013491955745537076,0.00012513705630028186,-0.00012513705630028186,-8.752695932606727e-06
0.0,-0.016329861778318078,-0.0009429899621014285,0.0009429899621014285,0.0010593743224691036
0.0,0.004727334073110212,0.00042306278782599057,-0.00042306278782599057,-0.00030667842745831544
0.0,-0.0021956999281005363,-2.6058249083275287e-05,2.6058249083275287e-05,0.00014244260945095043
0.0,0.005218925396392127,0.00045495400846846604,-0.00045495400846846604,-0.0003385696481007909
0.0,0.003445761353703114,0.00033992275579464685,-0.00033992275579464685,-0.0002235383954269717
0.0,-0.018589516294535646,-0.0010895815257428686,0.0010895815257428686,0.0012059658861105437
0.0,-0.0030256189119989285,-7.989794921098578e-05,7.989794921098578e-05,0.00019628230957866093
0.0,-0.035287878760604796,-0.002172861755788852,0.002172861755788852,0.002289246116156527
0.0,0.011947330894238384,0.0008914488246733599,-0.0008914488246733599,-0.0007750644643056847
0.0,-0.012129550130175693,-0.000670501292765721,0.000670501292765721,0.0007868856531333961
0.0,0.01231820260127181,0.0009155085484294517,-0.0009155085484294517,-0.0007991241880617766
0.0,0.01779929009643455,0.0012710855539428416,-0.0012710855539428416,-0.0011547011935751665
0.0,0.02204704770168342,0.0015466522057713537,-0.0015466522057713537,-0.0014302678454036785
0.0,0.01946019413896294,0.0013788341141343248,-0.0013788341141343248,-0.0012624497537666497
0.0,-0.00028771518741854685,9.77192861696627e-05,-9.77192861696627e-05,1.8665074198012434e-05
0.0,0.01169988923568721,0.0008753964328688973,-0.0008753964328688973,-0.0007590120725012221
0.0,-0.0013997945931910616,2.557486859802529e-05,-2.557486859802529e-05,9.080949176964985e-05
0.0,0.007651855318760337,0.0006127865439248129,-0.0006127865439248129,-0.0004964021835571378
0.0,-0.009978532303877019,-0.0005309573650039011,0.0005309573650039011,0.0006473417253715762
0.0,0.013610335409063534,0.0009993336497301833,-0.0009993336497301833,-0.0008829492893625082
0.0,0.011648051240012336,0.0008720335237217334,-0.0008720335237217334,-0.0007556491633540583
0.0,-0.004791925698091615,-0.00019448434805448197,0.00019448434805448197,0.0003108687084221571
0.0,-0.011563829610944043,-0.0006338010561131591,0.0006338010561131591,0.0007501854164808342
0.0,0.003946442467421596,0.0003724036624195174,-0.0003724036624195174,-0.00025601930205184227
0.0,-0.006792562915180156,-0.0003242725682569153,0.0003242725682569153,0.0004406569286245904
0.0,0.005635930617216234,0.0004820065720035211,-0.0004820065720035211,-0.00036562221163584596
0.0,0.016161668273416252,0.0011648473914420375,-0.0011648473914420375,-0.0010484630310743624
0.0,-0.001584418237524976,1.3597697524372624e-05,-1.3597697524372624e-05,0.00010278666284330252
0.0,0.002396979198154181,0.0002718846486425377,-0.0002718846486425377,-0.00015550028827486254
0.0,-0.004595548640170977,-0.00018174469259950614,0.00018174469259950614,0.00029812905296718126
0.0,0.011271187194776155,0.0008475850563675802,-0.0008475850563675802,-0.000731200695999905
0.0,0.0017911667548251575,0.00023258351092273404,-0.00023258351092273404,-0.0001161991505550589
0.0,-0.000624157213091503,7.58931343114361e-05,-7.58931343114361e-05,4.049122605623904e-05
0.0,0.008836275129611826,0.0006896239324877561,-0.0006896239324877561,-0.0005732395721200809
0.0,-0.0019356376714373402,-9.187115653465244e-06,9.187115653465244e-06,0.0001255714760211404
0.0,0.002787148065356293,0.0002971962455777658,-0.0002971962455777658,-0.00018081188521009068
0.0,-0.007949201604598555,-0.00039930769988130385,0.00039930769988130385,0.000515692060248979
0.0,-0.0012851080682624305,3.301497809141489e-05,-3.301497809141489e-05,8.336938227626026e-05
0.0,-0.0012649972997506032,3.431963284329023e-05,-3.431963284329023e-05,8.206472752438491e-05
0.0,-0.004359258971957769,-0.0001664157687808014,0.0001664157687808014,0.0002828001291484765
0.0,0.012921249154708825,0.0009546302533548969,-0.0009546302533548969,-0.0008382458929872218
0.0,0.0017727951669590514,0.00023139168280363883,-0.00023139168280363883,-0.00011500732243596368
0.0,0.005757654753379748,0.0004899032355532136,-0.0004899032355532136,-0.00037351887518553844
0.0,-0.0035111185091528663,-0.00011139397861870984,0.00011139397861870984,0.00022777833898638498
0.0,-0.0039062790518439305,-0.00013702940271860607,0.00013702940271860607,0.0002534137630862812
0.0,-0.002073092860288006,-1.8104306719459376e-05,1.8104306719459376e-05,0.00013448866708713452
0.0,0.000745811250824957,0.0001647677024472491,-0.0001647677024472491,-4.838334207957396e-05
0.0,0.0035365890047962534,0.0003458150580470769,-0.0003458150580470769,-0.00022943069767940172
0.0,0.008722529021144565,0.000682244831046065,-0.000682244831046065,-0.0005658604706783899
0.0,-0.00222738052560012,-2.811347845184835e-05,2.811347845184835e-05,0.0001444978388195235
0.0,0.0013415471654707467,0.00020341514107935962,-0.00020341514107935962,-8.703078071168448e-05
0.0,0.006438845522919845,0.0005340944246612498,-0.0005340944246612498,-0.00041771006429357465
0.0,-0.014754827521051062,-0.0008408120703465034,0.0008408120703465034,0.0009571964307141785
0.0,0.007082595157549276,0.0005758566785176035,-0.0005758566785176035,-0.0004594723181499283
0.0,0.005709842747752214,0.0004868015062333237,-0.0004868015062333237,-0.00037041714586564855
0.0,0.014847403800101189,0.0010795865328466527,-0.0010795865328466527,-0.0009632021724789774
0.0,0.005491862685268911,0.00047266038953926637,-0.00047266038953926637,-0.00035627602917159124
0.0,-0.006554750898592476,-0.0003088448844609578,0.0003088448844609578,0.0004252292448286329
0.0,0.0004157884466327033,0.0001433579875741737,-0.0001433579875741737,-2.6973627206498538e-05
0.0,0.0022756417379066196,0.00026401307009001415,-0.00026401307009001415,-0.00014762870972233902
0.0,-0.0037534511943366766,-0.0001271149337415253,0.0001271149337415253,0.00024349929410920042
0.0,-0.007190027975370938,-0.0003500574943365603,0.0003500574943365603,0.00046644185470423545
0.0,0.008136379515524483,0.0006442192957530266,-0.0006442192957530266,-0.0005278349353853515
0.0,0.013935625421946263,0.0010204363321460967,-0.0010204363321460967,-0.0009040519717784214
0.0,0.0003167233075522802,0.0001369312911318943,-0.0001369312911318943,-2.054693076421916e-05
0.0,-0.0030106116552376383,-7.892437682688142e-05,7.892437682688142e-05,0.00019530873719455656
0.0,0.0036158389430824833,0.00035095627423233354,-0.00035095627423233354,-0.0002345719138646584
0.0,-0.0014888337468982327,1.979859232500762e-05,-1.979859232500762e-05,9.658576804266752e-05
0.0,-0.025677883699462,-0.0015494283094416932,0.0015494283094416932,0.0016658126698093684
0.0,0.009760625975629766,0.0007495897524387964,-0.0007495897524387964,-0.0006332053920711213
0.0,-0.019311475173124593,-0.0011364174823626126,0.0011364174823626126,0.0012528018427302877
0.0,0.016051767614439383,0.0011577177575404747,-0.0011577177575404747,-0.0010413333971727996
0.0,0.013898223484416938,0.0010180099397634147,-0.0010180099397634147,-0.0009016255793957395
0.0,0.0010087690809532646,0.00018182668169102893,-0.00018182668169102893,-6.544232132335378e-05
0.0,0.010853322230420792,0.0008204767183113879,-0.0008204767183113879,-0.0007040923579437128
0.0,0.003897495164625342,0.00036922828246588427,-0.00036922828246588427,-0.00025284392209820914
0.0,0.007399348360373592,0.0005964055486909853,-0.0005964055486909853,-0.00048002118832331014
0.0,-0.0011135249921484514,4.4146162633757854e-05,-4.4146162633757854e-05,7.223819773391729e-05
0.0,-0.00034518493235935477,9.399102606950825e-05,-9.399102606950825e-05,2.239333429816689e-05
0.0,0.0016624551635393559,0.0002242335471163435,-0.0002242335471163435,-0.00010784918674866836
0.0,0.0047110331133788375,0.00042200528847875486,-0.00042200528847875486,-0.00030562092811107973
0.0,-0.0005692724183511411,7.945369979761349e-05,-7.945369979761349e-05,3.693066057006164e-05
0.0,-0.0003204020092266724,9.559877956790886e-05,-9.559877956790886e-05,2.0785580799766284e-05
0.0,-0.004415835627354592,-0.00017008609108923366,0.00017008609108923366,0.0002864704514569088
0.0,-0.0018548966445751658,-3.949167421647115e-06,3.949167421647115e-06,0.00012033352778932226
0.0,-0.0077328394581538396,-0.00038527154296770635,0.00038527154296770635,0.0005016559033353815
0.0,0.0012563181187927874,0.0001978860395594048,-0.0001978860395594048,-8.150167919172966e-05
0.0,0.01135161376597904,0.0008528026047787796,-0.0008528026047787796,-0.0007364182444111045
0.0,-0.02447880752512621,-0.0014716401121489017,0.0014716401121489017,0.0015880244725165768
0.0,-0.004750214169902844,-0.00019177837769698635,0.00019177837769698635,0.0003081627380646615
0.0,0.023790763506800205,0.0016597730499463448,-0.0016597730499463448,-0.0015433886895786697
0.0,-0.008080851690870694,-0.0004078482939684334,0.0004078482939684334,0.0005242326543361085
0.0,-0.01306622187199813,-0.0007312664116221832,0.0007312664116221832,0.0008476507719898584
0.0,-0.013417213930100202,-0.0007540364741488373,0.0007540364741488373,0.0008704208345165124
0.0,0.01949596819778221,0.0013811549004237689,-0.0013811549004237689,-0.0012647705400560937
0.0,-0.005359231030161227,-0.00023128739696897532,0.00023128739696897532,0.00034767175733665045
0.0,0.01415464230382213,0.001034644710881709,-0.001034644710881709,-0.0009182603505140337
0.0,0.006030313342701321,0.0005075915364248988,-0.0005075915364248988,-0.0003912071760572236
0.0,0.010395487004435822,0.0007907753718508626,-0.0007907753718508626,-0.0006743910114831874
0.0,0.0010153984958789497,0.00018225675464820417,-0.00018225675464820417,-6.587239428052902e-05
0.0,0.006491921301497117,0.0005375376330443405,-0.0005375376330443405,-0.0004211532726766654
0.0,-0.0015696837343783798,1.4553575442982416e-05,-1.4553575442982416e-05,0.00010183078492469273
0.0,0.00287938213053085,0.0003031797867509435,-0.0003031797867509435,-0.0001867954263832684
0.0,-0.014760539319459198,-0.0008411826143627873,0.0008411826143627873,0.0009575669747304624
0.0,-0.0006027039747036333,7.728487970343282e-05,-7.728487970343282e-05,3.9099480664242315e-05
0.0,0.007025118077311765,0.0005721279425515121,-0.0005721279425515121,-0.00045574358218383694
0.0,-0.007630854183940605,-0.00037865540731156,0.00037865540731156,0.0004950397676792351
0.0,-0.00546733601831495,-0.00023830053952557303,0.00023830053952557303,0.00035468489989324816
0.0,0.005240265846959469,0.000456338436926457,-0.000456338436926457,-0.0003399540765587819
0.0,0.016631202604519668,0.0011953076991066806,-0.0011953076991066806,-0.0010789233387390055
0.0,-0.0008680126852336212,6.007339075892532e-05,-6.007339075892532e-05,5.6310969608749825e-05
0.0,-0.0031578329337678124,-8.847512773421715e-05,8.847512773421715e-05,0.0002048594881018923
0.0,0.0036224990395776757,0.00035138833760849395,-0.00035138833760849395,-0.00023500397724081882
0.0,0.011825201774944727,0.0008835258884745213,-0.0008835258884745213,-0.0007671415281068462
0.0,0.014438226417743616,0.0010530417881274856,-0.0010530417881274856,-0.0009366574277598105
0.0,-0.0009735307519511682,5.322807069714924e-05,-5.322807069714924e-05,6.31562896705259e-05
0.0,0.001475232784985625,0.0002120877872119482,-0.0002120877872119482,-9.570342684427308e-05
0.0,0.0042206328286402695,0.0003901913346047935,-0.0003901913346047935,-0.00027380697423711836
0.0,0.007719934348738189,0.0006172030648504767,-0.0006172030648504767,-0.0005008187044828016
0.0,-0.00019607884876882142,0.00010366405076647615,-0.00010366405076647615,1.2720309601198999e-05
0.0,0.0032944868090414303,0.00033010905556660365,-0.00033010905556660365,-0.00021372469519892852
0.0,-0.004087726727828533,-0.00014880053779734896,0.00014880053779734896,0.0002651848981650241
0.0,0.01109419052516647,0.0008361026733877065,-0.0008361026733877065,-0.0007197183130200314
0.0,0.0036088195555097347,0.0003505009024076986,-0.0003505009024076986,-0.00023411654204002347
0.0,-0.005306560094486046,-0.0002278704521379545,0.0002278704521379545,0.0003442548125056296
0.0,-0.006802319771775922,-0.0003249055291163447,0.0003249055291163447,0.00044128988948401984
0.0,0.009306055472153574,0.0007201001997608968,-0.0007201001997608968,-0.0006037158393932217
0.0,-0.009210657476561801,-0.00048114268279953506,0.00048114268279953506,0.0005975270431672102
0.0,0.010928696540176919,0.0008253665091383681,-0.0008253665091383681,-0.000708982148770693
0.0,0.001782270924804541,0.00023200640781991392,-0.00023200640781991392,-0.00011562204745223878
0.0,-0.00021489588801437698,0.00010244332468365634,-0.00010244332468365634,1.3941035684018797e-05
0.0,-0.0008455399168898481,6.153127656723017e-05,-6.153127656723017e-05,5.4853083800444975e-05
0.0,0.006762806734045723,0.0005551109031349639,-0.0005551109031349639,-0.0004387265427672887
0.0,-0.007194706699326425,-0.00035036101925842736,0.00035036101925842736,0.0004667453796261025
0.0,0.002748090747253684,0.0002946624629613478,-0.0002946624629613478,-0.00017827810259367266
0.0,-0.006678337608227225,-0.00031686237956059986,0.00031686237956059986,0.000433246739928275
0.0,0.0007034637617677753,0.00016202047511996182,-0.00016202047511996182,-4.563611475228667e-05
0.0,0.008165456466051824,0.0006461056175837029,-0.0006461056175837029,-0.0005297212572160278
0.0,0.007373341616968343,0.0005947184017604985,-0.0005947184017604985,-0.0004783340413928233
0.0,-0.010435647322188157,-0.000560611989114485,0.000560611989114485,0.0006769963494821601
0.0,-0.00867391280271812,-0.0004463222089393689,0.0004463222089393689,0.0005627065693070441
0.0,-0.021449400664502738,-0.0012751120653091328,0.0012751120653091328,0.001391496425676808
0.0,0.012173141406923493,0.000906097929615559,-0.000906097929615559,-0.0007897135692478839
0.0,0.014917956876899785,0.0010841635537024484,-0.0010841635537024484,-0.0009677791933347732
0.0,-0.0025300521932207776,-4.7748830983855705e-05,4.7748830983855705e-05,0.00016413319135153085
0.0,-0.008517292959364653,-0.00043616174079271906,0.00043616174079271906,0.0005525461011603942
0.0,-0.002943411456817757,-7.456486872832705e-05,7.456486872832705e-05,0.0001909492290960022
0.0,0.010554741756143349,0.0008011067755688138,-0.0008011067755688138,-0.0006847224152011387
0.0,-0.0007838806801412357,6.553132341644797e-05,-6.553132341644797e-05,5.085303695122718e-05
0.0,0.009911292190138532,0.0007593639881966356,-0.0007593639881966356,-0.0006429796278289605
0.0,-0.0021252837802967495,-2.1490111282527544e-05,2.1490111282527544e-05,0.0001378744716502027
0.0,0.0018768165702687245,0.0002381399091603239,-0.0002381399091603239,-0.00012175554879264875
0.0,0.0011653145418315525,0.00019198232439057359,-0.00019198232439057359,-7.559796402289846e-05
0.0,0.0007688818911402162,0.00016626437426754318,-0.00016626437426754318,-4.988001389986804e-05
0.0,-0.0004923335226864056,8.444499069601969e-05,-8.444499069601969e-05,3.193936967165545e-05
0.0,0.0014469348384307246,0.0002102520020494144,-0.0002102520020494144,-9.386764168173925e-05
0.0,-0.0036287033416374515,-0.00011902211129594983,0.00011902211129594983,0.00023540647166362498
0.0,0.008834095710505974,0.0006894825460712645,-0.0006894825460712645,-0.0005730981857035894
0.0,-0.0007967387044511831,6.46971791366888e-05,-6.46971791366888e-05,5.168718123098635e-05
0.0,0.00017502486450582388,0.0001277388255657389,-0.0001277388255657389,-1.1354465198063737e-05
0.0,-0.0018238673194856947,-1.9361883352608962e-06,1.9361883352608962e-06,0.00011832054870293604
0.0,0.004652243012262192,0.00041819137233030157,-0.00041819137233030157,-0.00030180701196262644
0.0,0.0019484346695590737,0.00024278602168976217,-0.00024278602168976217,-0.00012640166132208702
0.0,0.0018152018730952513,0.0002341427517466002,-0.0002341427517466002,-0.00011775839137892507
0.0,-0.0020116937805257917,-1.4121137149115235e-05,1.4121137149115235e-05,0.00013050549751679038
0.0,-0.005390124612855707,-0.00023329156997912667,0.00023329156997912667,0.0003496759303468018
0.0,-0.00043571559205179966,8.811799067114967e-05,-8.811799067114967e-05,2.8266369696525468e-05
0.0,-0.013124468779900589,-0.0007350450889577758,0.0007350450889577758,0.0008514294493254509
0.0,0.014002289962720793,0.0010247610902900694,-0.0010247610902900694,-0.0009083767299223942
0.0,0.005124491902218642,0.00044882778276818155,-0.00044882778276818155,-0.0003324434224005064
0.0,-0.0010832833431588806,4.6108042461253534e-05,-4.6108042461253534e-05,7.027631790642161e-05
0.0,0.005811249724885448,0.000493380125768046,-0.000493380125768046,-0.0003769957654003709
0.0,0.0033305973193167304,0.0003324516686196855,-0.0003324516686196855,-0.00021606730825201033
0.0,0.0023149642620619026,0.0002665640575356084,-0.0002665640575356084,-0.00015017969716793323
0.0,0.00027733619326086867,0.0001343761135019233,-0.0001343761135019233,-1.7991753134248136e-05
0.0,0.0013281596467464851,0.00020254664667502316,-0.00020254664667502316,-8.616228630734802e-05
0.0,0.0052216268542757405,0.0004551292613367378,-0.0004551292613367378,-0.0003387449009690627
0.0,0.007500081663913916,0.0006029404647017133,-0.0006029404647017133,-0.00048655610433403807
0.0,-0.0020218560598241897,-1.4780399174270682e-05,1.4780399174270682e-05,0.00013116475954194582
0.0,0.003358975310182588,0.0003342926465320931,-0.0003342926465320931,-0.00021790828616441793
0.0,-0.008561024934316985,-0.00043899878448385886,0.00043899878448385886,0.000555383144851534
0.0,0.011277947808795874,0.0008480236406614242,-0.0008480236406614242,-0.0007316392802937491
0.0,0.0034511743312370946,0.0003402739142726209,-0.0003402739142726209,-0.00022388955390494577
0.0,-0.0035168126585656267,-0.00011176337768393586,0.00011176337768393586,0.000228147738051611
0.0,0.0011649345752446916,0.0001919576746506688,-0.0001919576746506688,-7.557331428299368e-05
0.0,-0.0032622408541723713,-9.524842878480201e-05,9.524842878480201e-05,0.00021163278915247715
0.0,-0.007538854211077806,-0.00037268705251212694,0.00037268705251212694,0.0004890714128798021
0.0,-0.015869512427409305,-0.0009131255157063224,0.0009131255157063224,0.0010295098760739975
0.0,0.015162609437855634,0.0011000350071489837,-0.0011000350071489837,-0.0009836506467813086
0.0,0.008241819990835397,0.0006510595821932725,-0.0006510595821932725,-0.0005346752218255974
0.0,0.0020166699583279435,0.00024721267966086537,-0.00024721267966086537,-0.0001308283192931902
0.0,0.010145452020822843,0.0007745547421263496,-0.0007745547421263496,-0.0006581703817586745
0.0,0.0023821998626283314,0.0002709258622932234,-0.0002709258622932234,-0.00015454150192554825
0.0,-0.0047124448070912095,-0.0001893281491719788,0.0001893281491719788,0.00030571250953965394
0.0,-0.0001862618826539153,0.00010430091113724114,-0.00010430091113724114,1.2083449230434001e-05
0.0,0.004206152980007483,0.00038925197700072725,-0.00038925197700072725,-0.0002728676166330521
0.0,-0.0054060480514769305,-0.0002343245782329464,0.0002343245782329464,0.0003507089386006215
0.0,-0.001842805614891363,-3.1647807224137323e-06,3.1647807224137323e-06,0.00011954914109008887
0.0,0.0082034265474622,0.0006485688674148571,-0.0006485688674148571,-0.000532184507047182
0.0,-0.004632387901412294,-0.0001841345822352898,0.0001841345822352898,0.0003005189426029649
0.0,0.006005446813494242,0.0005059783591127745,-0.0005059783591127745,-0.00038959399874509935
0.0,0.001675266241764728,0.00022506464584206096,-0.00022506464584206096,-0.0001086802854743858
0.0,-0.0009399082741974318,5.540927651956408e-05,-5.540927651956408e-05,6.097508384811106e-05
0.0,0.0009926793341701323,0.00018078288445450168,-0.00018078288445450168,-6.439852408682654e-05
0.0,0.0012757437876824707,0.00019914624954145383,-0.00019914624954145383,-8.276188917377869e-05
0.0,0.004146380281677686,0.00038537431639006894,-0.00038537431639006894,-0.0002689899560223938
0.0,0.001607306655808216,0.00022065587366105257,-0.00022065587366105257,-0.00010427151329337744
0.0,0.002620850702215849,0.00028640796342346023,-0.00028640796342346023,-0.00017002360305578507
0.0,-0.00706069881494753,-0.0003416674666952389,0.0003416674666952389,0.00045805182706291404
0.0,-0.010748470745585936,-0.0005809059209746125,0.0005809059209746125,0.0006972902813422876
0.0,0.0012566922329095842,0.00019791030962943893,-0.00019791030962943893,-8.15259492617638e-05
0.0,0.008141567655737925,0.0006445558682603816,-0.0006445558682603816,-0.0005281715078927064
0.0,0.00852379036424833,0.0006693519705395902,-0.0006693519705395902,-0.0005529676101719151
0.0,0.0014957363013194946,0.0002134179208664331,-0.0002134179208664331,-9.703356049875797e-05
0.0,0.002220118224179668,0.00026041106870542855,-0.00026041106870542855,-0.00014402670833775342
0.0,-0.005824918819612557,-0.00026149816624120297,0.00026149816624120297,0.0003778825266088781
0.0,0.008807632480425154,0.0006877657852794227,-0.0006877657852794227,-0.0005713814249117475
0.0,0.004306570844779589,0.0003957664294131776,-0.0003957664294131776,-0.00027938206904550245
0.0,-0.0013491160395050494,2.8862560753883983e-05,-2.8862560753883983e-05,8.752179961379116e-05
0.0,0.0003116886257619189,0.00013660467400047478,-0.00013660467400047478,-2.0220313632799642e-05
0.0,0.002842638410522902,0.00030079609520371333,-0.00030079609520371333,-0.0001844117348360382
0.0,-0.0003350311257153127,9.464973844442232e-05,-9.464973844442232e-05,2.1734621923252825e-05
0.0,-0.003395574405981705,-0.0001038982350739132,0.0001038982350739132,0.00022028259544158835
0.0,-0.001318566739775151,3.084439894349051e-05,-3.084439894349051e-05,8.553996142418463e-05
0.0,-0.004605608657393345,-0.00018239732053191914,0.00018239732053191914,0.0002987816808995943
0.0,-0.007722578759925436,-0.00038460589616791483,0.00038460589616791483,0.00050099025653559
0.0,0.0022764876184568905,0.0002640679452718741,-0.0002640679452718741,-0.00014768358490419898
0.0,-0.00574663850657553,-0.00025641985298221527,0.00025641985298221527,0.0003728042133498904
0.0,0.008473996979569742,0.0006661217023429935,-0.0006661217023429935,-0.0005497373419753184
0.0,-0.0015511404489350067,1.5756542174703763e-05,-1.5756542174703763e-05,0.00010062781819297138
0.0,-0.009110872450405094,-0.0004746692848055802,0.0004746692848055802,0.0005910536451732553
0.0,-0.01697731100841482,-0.0009849922214455686,0.0009849922214455686,0.0011013765818132437
0.0,-0.0008123585165593639,6.368386817950917e-05,-6.368386817950917e-05,5.2700492188165983e-05
0.0,0.009519611195260236,0.0007339542943360207,-0.0007339542943360207,-0.0006175699339683456
0.0,0.012134715784494876,0.0009036051272710947,-0.0009036051272710947,-0.0007872207669034196
0.0,0.001461009046688222,0.00021116504436658037,-0.00021116504436658037,-9.478068399890521e-05
0.0,-0.0027763826213396126,-6.372913344657455e-05,6.372913344657455e-05,0.0001801134938142497
0.0,-0.020364110556098214,-0.0012047055616362108,0.0012047055616362108,0.001321089922003886
0.0,0.0015691842194003325,0.0002181827400369765,-0.0002181827400369765,-0.00010179837966930136
0.0,-0.011909714125195148,-0.0006562397746958132,0.0006562397746958132,0.0007726241350634884
0.0,0.01149147763018199,0.0008618760549028119,-0.0008618760549028119,-0.0007454916945351368
0.0,-0.012985898136748442,-0.0007260555345331127,0.0007260555345331127,0.0008424398949007879
0.0,0.010524514660609219,0.0007991458398740491,-0.0007991458398740491,-0.000682761479506374
0.0,0.004102792854185466,0.0003825466499900354,-0.0003825466499900354,-0.0002661622896223603
0.0,0.008298280656405366,0.0006547223798425311,-0.0006547223798425311,-0.0005383380194748559
0.0,-0.0019137230947889883,-7.765441661106699e-06,7.765441661106699e-06,0.00012414980202878184
0.0,-0.006865763848056816,-0.00032902136464742004,0.00032902136464742004,0.00044540572501509517
0.0,-0.0024167805585421087,-4.0400510289432664e-05,4.0400510289432664e-05,0.0001567848706571078
0.0,0.00302251448379387,0.0003124652750067442,-0.0003124652750067442,-0.00019608091463906905
0.0,0.01706310194558336,0.001223326495470389,-0.001223326495470389,-0.0011069421351027138
0.0,0.007460210377712606,0.0006003538771739751,-0.0006003538771739751,-0.0004839695168063
0.0,0.00337476955709759,0.00033531727367539844,-0.00033531727367539844,-0.0002189329133077233
0.0,0.007393339551406308,0.0005960157365777551,-0.0005960157365777551,-0.00047963137621008
0.0,0.0036640298040166996,0.0003540825811995592,-0.0003540825811995592,-0.00023769822083188406
0.0,0.002995871849622578,0.00031073687565424756,-0.00031073687565424756,-0.0001943525152865724
0.0,-0.0010725536274130976,4.680411604122511e-05,-4.680411604122511e-05,6.958024432645003e-05
0.0,0.004748196569493546,0.0004244162097514874,-0.0004244162097514874,-0.00030803184938381226
0.0,0.0018197952535197182,0.00023444074013995414,-0.00023444074013995414,-0.00011805637977227898
0.0,-0.005051568068462853,-0.00021132824201575915,0.00021132824201575915,0.0003277126023834343
0.0,0.009829281576461124,0.0007540436774996318,-0.0007540436774996318,-0.0006376593171319567
0.0,0.001949334719149265,0.0002428444110036303,-0.0002428444110036303,-0.00012646005063595515
0.0,0.0018000771431341267,0.00023316155847181275,-0.00023316155847181275,-0.00011677719810413761
0.0,0.0036803630854131963,0.000355142177364426,-0.000355142177364426,-0.00023875781699675088
0.0,0.006461279195357994,0.000535549774183633,-0.000535549774183633,-0.0004191654138159578
0.0,0.004181942361150437,0.00038768135084991104,-0.00038768135084991104,-0.0002712969904822359
0.0,0.003732799652949259,0.0003585439179278323,-0.0003585439179278323,-0.00024215955756015713
0.0,0.0008877879113036169,0.0001739782169355412,-0.0001739782169355412,-5.759385656786607e-05
0.0,-0.003498775895770745,-0.00011059327081930005,0.00011059327081930005,0.0002269776311869752
0.0,-0.008225823395229703,-0.0004172531072587964,0.0004172531072587964,0.0005336374676264715
0.0,0.0005509400447352153,0.00015212573678198186,-0.00015212573678198186,-3.574137641430671e-05
0.0,0.007222656026415475,0.0005849429090120079,-0.0005849429090120079,-0.00046855854864433276
0.0,-1.0739820344718431e-05,0.00011568763126760203,-0.00011568763126760203,6.967291000731193e-07
0.0,0.003865229864862485,0.000367135121449609,-0.000367135121449609,-0.00025075076108193385
0.0,-0.002601625374463401,-5.23920295249809e-05,5.23920295249809e-05,0.00016877638989265604
0.0,0.0033847802152713324,0.0003359666995164891,-0.0003359666995164891,-0.00021958233914881394
0.0,-0.001398665559303236,2.564811291118585e-05,-2.564811291118585e-05,9.07362474564893e-05
0.0,-0.0031971365563219223,-9.102488896790531e-05,9.102488896790531e-05,0.00020740924933558045
0.0,0.001657132912945114,0.00022388827440712977,-0.00022388827440712977,-0.00010750391403945462
0.0,0.0022938506357221833,0.0002651943439457356,-0.0002651943439457356,-0.00014880998357806046
0.0,-0.022724822637582465,-0.0013578530772623096,0.0013578530772623096,0.0014742374376299848
0.0,0.013200199537034996,0.0009727267244880238,-0.0009727267244880238,-0.0008563423641203486
0.0,-0.01896131033450521,-0.0011137010844101544,0.0011137010844101544,0.0012300854447778295
0.0,-0.011815187417889228,-0.0006501075019388935,0.0006501075019388935,0.0007664918623065686
0.0,0.01419443613158311,0.0010372262734138985,-0.0010372262734138985,-0.0009208419130462233
0.0,-0.008448563730297565,-0.00043170303921488673,0.00043170303921488673,0.0005480873995825619
0.0,0.011730872577451423,0.0008774064288587514,-0.0008774064288587514,-0.0007610220684910763
0.0,0.020707080374404274,0.0014597239145991742,-0.0014597239145991742,-0.001343339554231499
0.0,0.0030852853123166657,0.00031653743463919457,-0.00031653743463919457,-0.00020015307427151942
0.0,-0.007181080169894716,-0.0003494770194070943,0.0003494770194070943,0.00046586137977476944
0.0,0.009549073338481762,0.0007358656049421664,-0.0007358656049421664,-0.0006194812445744913
0.0,-0.009136167611567658,-0.0004763102689475231,0.0004763102689475231,0.0005926946293151982
0.0,-0.0074706775774360246,-0.0003682641997009425,0.0003682641997009425,0.00048464856006861763
0.0,0.016348464630746795,0.0011769655138838015,-0.0011769655138838015,-0.0010605811535161264
0.0,-0.008743415379980468,-0.0004508310802756174,0.0004508310802756174,0.0005672154406432925
0.0,-0.010287680637092622,-0.0005510128811184082,0.0005510128811184082,0.0006673972414860833
0.0,-0.01138805785140995,-0.0006223981372646438,0.0006223981372646438,0.0007387824976323189
0.0,0.017777934551572505,0.001269700146266016,-0.001269700146266016,-0.0011533157858983408
0.0,0.010180197220578835,0.0007768087827881898,-0.0007768087827881898,-0.0006604244224205146
0.0,0.006223699921661829,0.0005201371892198857,-0.0005201371892198857,-0.00040375282885221056
0.0,0.01383893524747526,0.0010141637078299715,-0.0010141637078299715,-0.0008977793474622964
0.0,-0.0010101548486260992,5.085213952714004e-05,-5.085213952714004e-05,6.55322208405351e-05
0.0,0.0014018951394270118,0.00020733012179935482,-0.00020733012179935482,-9.094576143167966e-05
0.0,-0.0029897555945093135,-7.757137240446928e-05,7.757137240446928e-05,0.00019395573277214442
0.0,-0.0026261799136575448,-5.3984966971449354e-05,5.3984966971449354e-05,0.0001703693273391245
0.0,0.006374052530970564,0.0005298910803293246,-0.0005298910803293246,-0.00041350671996164944
0.0,-0.000629621957060511,7.55386175667003e-05,-7.55386175667003e-05,4.084574280097484e-05
0.0,-0.019392757790687165,-0.001141690565446708,0.001141690565446708,0.0012580749258143831
0.0,-0.0009637690162076495,5.386134808368188e-05,-5.386134808368188e-05,6.252301228399326e-05
0.0,-0.004050216740091761,-0.00014636713582592327,0.00014636713582592327,0.0002627514961935984
0.0,-0.0014410312534549607,2.289970455677421e-05,-2.289970455677421e-05,9.348465581090093e-05
0.0,0.009159984668711818,0.0007106240841311804,-0.0007106240841311804,-0.0005942397237635053
0.0,0.002817754443029452,0.00029918178660994936,-0.00029918178660994936,-0.00018279742624227423
0.0,-0.0142436152864307,-0.0008076479736725239,0.0008076479736725239,0.000924032334040199
0.0,0.0008199802697488323,0.00016957930191069363,-0.00016957930191069363,-5.3194941543018484e-05
0.0,-0.018387945694007368,-0.0010765049473086372,0.0010765049473086372,0.0011928893076763123
0.0,-0.009689541868338813,-0.0005122095610724051,0.0005122095610724051,0.0006285939214400803
0.0,-0.01103737849414832,-0.0005996483607174719,0.0005996483607174719,0.000716032721085147
0.0,-0.018914821867908604,-0.0011106852176213248,0.0011106852176213248,0.0012270695779889999
0.0,0.002771738943381896,0.00029619660281452186,-0.00029619660281452186,-0.0001798122424468467
0.0,-0.012171906253646725,-0.0006732490802371446,0.0006732490802371446,0.0007896334406048198
0.0,-0.0014966358477518371,1.9292443196629994e-05,-1.9292443196629994e-05,9.709191717104515e-05
0.0,-0.00538408875771057,-0.0002329000032872769,0.0002329000032872769,0.000349284363654952
0.0,0.024347646888076113,0.0016958999910522867,-0.0016958999910522867,-0.0015795156306846116
0.0,0.018885951732779516,0.0013415810333525077,-0.0013415810333525077,-0.0012251966729848326
0.0,0.00686300355780145,0.0005616110158561085,-0.0005616110158561085,-0.00044522665548843334
0.0,0.00942251544733641,0.0007276553590744861,-0.0007276553590744861,-0.000611270998706811
0.0,-0.024391082077444004,-0.0014659490605060132,0.0014659490605060132,0.0015823334208736883
0.0,0.0051569298644233985,0.00045093214499117166,-0.00045093214499117166,-0.0003345477846234965
0.0,-0.0037017126347429485,-0.00012375847535509195,0.00012375847535509195,0.00024014283572276708
0.0,0.008401207191663262,0.0006613995783414002,-0.0006613995783414002,-0.000545015217973725
0.0,0.014517207887505545,0.001058165587835806,-0.001058165587835806,-0.0009417812274681309
0.0,-0.01811572566845976,-0.0010588450975780094,0.0010588450975780094,0.0011752294579456845
0.0,-0.01896945434456343,-0.0011142294143651,0.0011142294143651,0.001230613774732775
0.0,-0.0038405967262932217,-0.00013276836425587613,0.00013276836425587613,0.00024915272462355126
0.0,0.01576672117072042,0.0011392258139290511,-0.0011392258139290511,-0.001022841453561376
0.0,0.0008812077558950637,0.00017355133961273784,-0.00017355133961273784,-5.7166979245062704e-05
0.0,-0.021173138152195015,-0.0012571899655527104,0.0012571899655527104,0.0013735743259203855
0.0,-0.0071661613961429005,-0.00034850918722027297,0.00034850918722027297,0.0004648935475879481
0.0,-0.010142945264832837,-0.0005416233995045095,0.0005416233995045095,0.0006580077598721847
0.0,-0.018412122845487655,-0.0010780734023155662,0.0010780734023155662,0.0011944577626832413
0.0,0.014956856067329216,0.0010866870780326108,-0.0010866870780326108,-0.0009703027176649357
0.0,0.022372677655603468,0.0015677769413320504,-0.0015677769413320504,-0.0014513925809643753
0.0,-0.002442603440647617,-4.2075729504762716e-05,4.2075729504762716e-05,0.00015846008987243786
0.0,-0.015473503680411893,-0.0008874350656745138,0.0008874350656745138,0.001003819426042189
0.0,0.018642691757321028,0.00132579992171889,-0.00132579992171889,-0.0012094155613512148
0.0,-0.005254666430088317,-0.00022450393156919036,0.00022450393156919036,0.0003408882919368655
0.0,-0.007934042550334475,-0.00039832427987087824,0.00039832427987087824,0.0005147086402385534
0.0,-0.029518158313449172,-0.0017985601375316049,0.0017985601375316049,0.00191494449789928
0.0,-0.00723375351819977,-0.00035289412075371657,0.00035289412075371657,0.0004692784811213917
0.0,0.02569824789143582,0.0017835181253808951,-0.0017835181253808951,-0.00166713376501322
0.0,-0.004291813651667864,-0.00016204035878310643,0.00016204035878310643,0.00027842471915078156
0.0,-0.012961545123475138,-0.0007244756707665534,0.0007244756707665534,0.0008408600311342286
0.0,-0.007421002465963666,-0.0003650416042941964,0.0003650416042941964,0.00048142596466187155
0.0,0.021408574170870942,0.001505232230923986,-0.001505232230923986,-0.001388847870556311
0.0,0.02238376135718223,0.001568495979191026,-0.001568495979191026,-0.001452111618823351
0.0,0.01234781757145198,0.0009174297734462621,-0.0009174297734462621,-0.000801045413078587
0.0,0.011662294827948783,0.0008729575542814861,-0.0008729575542814861,-0.000756573193913811
0.0,-0.00043466036210393355,8.81864470687754e-05,-8.81864470687754e-05,2.8197913298899735e-05
0.0,0.0113041136006502,0.0008497211056120676,-0.0008497211056120676,-0.0007333367452443925
0.0,-0.012272698789159042,-0.0006797878388297052,0.0006797878388297052,0.0007961721991973803
0.0,0.01434391292056647,0.0010469233470452477,-0.0010469233470452477,-0.0009305389866775725
0.0,0.005066170567449069,0.00044504427710562633,-0.00044504427710562633,-0.0003286599167379512
0.0,0.007144955276586762,0.0005799021940125444,-0.0005799021940125444,-0.0004635178336448692
0.0,0.012256547427530462,0.0009115087651614955,-0.0009115087651614955,-0.0007951244047938203
0.0,-0.0062937001746978805,-0.00029190962576066087,0.00029190962576066087,0.000408293986128336
0.0,-0.015652540713177343,-0.0008990498140329234,0.0008990498140329234,0.0010154341744005985
0.0,0.0034102225843584133,0.00033761723354301844,-0.00033761723354301844,-0.0002212328731753433
0.0,0.008090938687879357,0.0006412713929077675,-0.0006412713929077675,-0.0005248870325400924
0.0,-0.012551720801807331,-0.0006978889568682984,0.0006978889568682984,0.0008142733172359735
0.0,-0.009716916613271898,-0.0005139854549691162,0.0005139854549691162,0.0006303698153367913
0.0,0.004253385628492534,0.00039231612142929243,-0.00039231612142929243,-0.0002759317610616173
0.0,-0.002651026482054286,-5.559684935712448e-05,5.559684935712448e-05,0.00017198120972479963
0.0,-0.01687729010355421,-0.000978503521188464,0.000978503521188464,0.0010948878815561392
0.0,-0.003417447717741773,-0.00010531723207098173,0.00010531723207098173,0.00022170159243865687
0.0,0.011174577597236057,0.0008413176593542177,-0.0008413176593542177,-0.0007249332989865425
0.0,-0.01214413784439794,-0.0006714476479817268,0.0006714476479817268,0.0007878320083494019
0.0,-0.0002048682840329885,0.00010309384985759728,-0.00010309384985759728,1.3290510510077855e-05
0.0,0.016057604355527166,0.0011580964070182988,-0.0011580964070182988,-0.0010417120466506237
0.0,-0.0006184750715809706,7.626175438272699e-05,-7.626175438272699e-05,4.0122605984948154e-05
0.0,-0.014752948498371943,-0.0008406901716798387,0.0008406901716798387,0.0009570745320475138
0.0,-0.027740054250753654,-0.0016832084087620035,0.0016832084087620035,0.0017995927691296786
0.0,0.005697936985382235,0.0004860291384622185,-0.0004860291384622185,-0.00036964477809454336
0.0,-0.028146308431003852,-0.0017095635153021105,0.0017095635153021105,0.0018259478756697857
0.0,0.0020980468517017847,0.00025249187874122847,-0.00025249187874122847,-0.00013610751837355334
0.0,0.02474690007293945,0.0017218009189321423,-0.0017218009189321423,-0.0016054165585644672
0.0,-0.036284507106413955,-0.0022375164658487326,0.0022375164658487326,0.0023539008262164077
0.0,0.005675242812353654,0.0004845568893701857,-0.0004845568893701857,-0.0003681725290025106
0.0,0.004837126381486367,0.0004301853926512647,-0.0004301853926512647,-0.0003138010322835896
0.0,0.02986242108440229,0.002053662368781663,-0.002053662368781663,-0.001937278008413988
0.0,-0.035649708609806985,-0.002196334903115586,0.002196334903115586,0.0023127192634832612
0.0,-0.0056742248424840325,-0.0002517221294266925,0.0002517221294266925,0.00036810648979436765
0.0,-0.03203710063235676,-0.001961972593108821,0.001961972593108821,0.002078356953476496
0.0,0.0024578974498534745,0.0002758366252419739,-0.0002758366252419739,-0.0001594522648742988
0.0,-0.01646320750393837,-0.000951640558147545,0.000951640558147545,0.0010680249185152201
0.0,-0.0012959645058717717,3.231068362812101e-05,-3.231068362812101e-05,8.407367673955413e-05
0.0,0.02386969542307149,0.00166489363494922,-0.00166489363494922,-0.0015485092745815448
0.0,-0.003946400929555671,-0.00013963224697987827,0.00013963224697987827,0.0002560166073475534
0.0,0.020169632234863677,0.001424857804498716,-0.001424857804498716,-0.0013084734441310409
0.0,-0.04039526078745259,-0.0025041952017012177,0.0025041952017012177,0.0026205795620688928
0.0,-0.005833781800992588,-0.00026207313833968046,0.00026207313833968046,0.0003784574987073556
0.0,0.00014614176965843662,0.000125865079820053,-0.000125865079820053,-9.48071945237787e-06
0.0,0.018555039930923556,0.0013201136461420636,-0.0013201136461420636,-0.0012037292857743885
0.0,-0.008120797617175213,-0.0004104397236564934,0.0004104397236564934,0.0005268240840241685
0.0,0.009450764734207695,0.0007294879875159123,-0.0007294879875159123,-0.0006131036271482371
0.0,0.019883256167224195,0.0014062796036085068,-0.0014062796036085068,-0.0012898952432408317
0.0,0.02474226295510973,0.001721500093142815,-0.001721500093142815,-0.0016051157327751399
0.0,-0.006274368617659065,-0.00029065552113820417,0.00029065552113820417,0.0004070398815058793
0.0,-0.007482768681131846,-0.00036904859120159025,0.00036904859120159025,0.0004854329515692654
0.0,0.018431018038486124,0.0013120679192366047,-0.0013120679192366047,-0.0011956835588689296
0.0,-0.016347313992415624,-0.0009441221472807127,0.0009441221472807127,0.0010605065076483879
0.0,0.003137400778913113,0.0003199183442797818,-0.0003199183442797818,-0.00020353398391210665
0.0,0.009523393173235029,0.0007341996442605349,-0.0007341996442605349,-0.0006178152838928598
0.0,-0.010793945785935621,-0.0005838560433157377,0.0005838560433157377,0.0007002404036834128
0.0,-0.02379869397635359,-0.0014275188060586268,0.0014275188060586268,0.001543903166426302
0.0,-0.029110303335524668,-0.001772101181738231,0.001772101181738231,0.001888485542105906
0.0,-0.038768430665237275,-0.0023986571339643277,0.0023986571339643277,0.002515041494332003
0.0,-0.0037736797459957394,-0.00012842722949143814,0.00012842722949143814,0.00024481158985911327
0.0,0.014592504858983224,0.0010630503614625524,-0.0010630503614625524,-0.0009466660010948772
0.0,-0.03251195148816344,-0.0019927778020244276,0.0019927778020244276,0.0021091621623921027
0.0,0.002200865698254617,0.00025916209110325743,-0.00025916209110325743,-0.00014277773073558228
0.0,0.024477242280086964,0.0017043072900527533,-0.0017043072900527533,-0.0015879229296850781
0.0,-0.0013015723144006452,3.194688579312037e-05,-3.194688579312037e-05,8.443747457455478e-05
0.0,0.009532217409177868,0.0007347721028091839,-0.0007347721028091839,-0.0006183877424415087
0.0,0.03056329358583576,0.002099130379559877,-0.002099130379559877,-0.0019827460191922017
0.0,-0.0029730715337762392,-7.648901997705304e-05,7.648901997705304e-05,0.0001928733803447282
0.0,-0.020143036075892073,-0.001190363699416988,0.001190363699416988,0.001306748059784663
0.0,-0.0007117454091590814,7.02109866530535e-05,-7.02109866530535e-05,4.6173373714621654e-05
0.0,-0.008759278267998716,-0.00045186016040347533,0.00045186016040347533,0.0005682445207711505
0.0,0.010553814029047315,0.000801046590719907,-0.000801046590719907,-0.0006846622303522319
0.0,0.0015841285142366157,0.00021915222786436195,-0.00021915222786436195,-0.0001027678674966868
0.0,0.0035731642904301975,0.00034818782267690486,-0.00034818782267690486,-0.00023180346230922973
0.0,0.014964587965241805,0.0010871886728546457,-0.0010871886728546457,-0.0009708043124869705
0.0,-0.000830271529819071,6.252178937302603e-05,-6.252178937302603e-05,5.386257099464911e-05
0.0,-0.011527461422777274,-0.000631441726608622,0.000631441726608622,0.0007478260869762971
0.0,-0.009243878717321574,-0.0004832978589975476,0.0004832978589975476,0.0005996822193652227
0.0,-0.0044569025122100925,-0.00017275024121556705,0.00017275024121556705,0.0002891346015832422
0.0,-0.00299863390215227,-7.814733877035839e-05,7.814733877035839e-05,0.00019453169913803353
0.0,0.01920124935943668,0.00136203547529148,-0.00136203547529148,-0.0012456511149238048
0.0,-0.008363571580831342,-0.0004261893060321895,0.0004261893060321895,0.0005425736663998646
0.0,0.02762829164595959,0.0019087267047639188,-0.0019087267047639188,-0.0017923423443962437
0.0,0.005895806193263242,0.0004988655948194156,-0.0004988655948194156,-0.00038248123445174046
0.0,0.00986137270919718,0.0007561255397015927,-0.0007561255397015927,-0.0006397411793339176
0.0,-0.00933246697634671,-0.0004890448841810723,0.0004890448841810723,0.0006054292445487475
0.0,0.0013151670479691902,0.0002017037720865141,-0.0002017037720865141,-8.531941171883897e-05
0.0,-0.01154320266205866,-0.0006324629149643423,0.0006324629149643423,0.0007488472753320175
0.0,0.026156273782937722,0.0018132318409695587,-0.0018132318409695587,-0.0016968474806018836
0.0,0.012133338697180918,0.0009035157908786616,-0.0009035157908786616,-0.0007871314305109865
0.0,0.014207760082581844,0.0010380906439611517,-0.0010380906439611517,-0.0009217062835934766
0.0,-0.0028230841271976725,-6.675882082533479e-05,6.675882082533479e-05,0.00018314318119300993
0.0,-0.006662395550704803,-0.0003158281634345942,0.0003158281634345942,0.0004322125238022693
0.0,0.015638477163140152,0.0011309061838865324,-0.0011309061838865324,-0.0010145218235188573
0.0,-0.0007773401640558397,6.59556291999644e-05,-6.59556291999644e-05,5.042873116771073e-05
0.0,-0.0016257460597355333,1.0916619493965554e-05,-1.0916619493965554e-05,0.00010546774087370959
0.0,-0.0012375507238541195,3.6100186661757946e-05,-3.6100186661757946e-05,8.02841737059172e-05
0.0,-0.004248692893594086,-0.00015924296683399538,0.00015924296683399538,0.0002756273272016705
0.0,0.021290637641290244,0.0014975812824459776,-0.0014975812824459776,-0.0013811969220783025
0.0,-0.0007054739583503,7.061783724625768e-05,-7.061783724625768e-05,4.576652312141747e-05
0.0,0.017322368774566943,0.0012401460267696604,-0.0012401460267696604,-0.0011237616664019853
0.0,0.0039695418998517695,0.00037390220208337587,-0.00037390220208337587,-0.00025751784171570074
0.0,0.0018756797165810912,0.0002380661575498429,-0.0002380661575498429,-0.00012168179718216776
0.0,-0.007237794954094601,-0.00035315630260626435,0.00035315630260626435,0.0004695406629739395
0.0,0.002269561170191503,0.0002636186027398997,-0.0002636186027398997,-0.00014723424237222452
0.0,-0.012900001139847905,-0.0007204831007838904,0.0007204831007838904,0.0008368674611515655
0.0,-0.0214000649197158,-0.001271911485786986,0.001271911485786986,0.0013882958461546612
0.0,-0.0022378626777133093,-2.8793491727139645e-05,2.8793491727139645e-05,0.0001451778520948148
0.0,0.0029161604463010526,0.0003055657226443107,-0.0003055657226443107,-0.00018918136227663555
0.0,0.014091605518061545,0.0010305552976881192,-0.0010305552976881192,-0.0009141709373204441
0.0,-0.03368805871951874,-0.002069075924952959,0.002069075924952959,0.002185460285320634
0.0,-0.006666355799502699,-0.00031608507840080974,0.00031608507840080974,0.00043246943876848487
0.0,-0.011028155571448206,-0.0005990500379870499,0.0005990500379870499,0.000715434398354725
0.0,-0.007817025105971265,-0.00039073295561337985,0.00039073295561337985,0.000507117315981055
0.0,0.0029962320243361873,0.0003107602414272333,-0.0003107602414272333,-0.00019437588105955812
0.0,-0.010736500458081055,-0.0005801293672359838,0.0005801293672359838,0.0006965137276036589
0.0,-0.004095056983834944,-0.00014927607672693297,0.00014927607672693297,0.0002656604370946081
0.0,0.018341016392734,0.0013062292027928221,-0.0013062292027928221,-0.001189844842425147
0.0,0.006610721877456038,0.0005452446351839744,-0.0005452446351839744,-0.0004288602748162992
0.0,0.015271449816332883,0.00110709585700625,-0.00110709585700625,-0.000990711496638575
0.0,0.0105842727693497,0.0008030225540078478,-0.0008030225540078478,-0.0006866381936401726
0.0,-0.0432366134006168,-0.0026885235224383373,0.0026885235224383373,0.0028049078828060125
0.0,0.0033870120853238816,0.00033611148860636966,-0.00033611148860636966,-0.00021972712823869453
0.0,-0.011317739184353415,-0.0006178363233753887,0.0006178363233753887,0.0007342206837430638
0.0,-0.007182134089448455,-0.00034954539079494414,0.00034954539079494414,0.00046592975116261927
0.0,0.006857100716286535,0.0005612280782161336,-0.0005612280782161336,-0.00044484371784845846
0.0,-0.011272103097361819,-0.0006148757533844624,0.0006148757533844624,0.0007312601137521376
0.0,-0.017116493600784488,-0.000994021475121609,0.000994021475121609,0.0011104058354892842
0.0,-0.00842758097968943,-0.0004303418159840481,0.0004303418159840481,0.0005467261763517232
0.0,-0.017232619015461026,-0.001001554930343976,0.001001554930343976,0.0011179392907116512
0.0,-0.010340526208282075,-0.0005544411551561377,0.0005544411551561377,0.0006708255155238129
0.0,-0.0021203598092424114,-2.1170676337494936e-05,2.1170676337494936e-05,0.00013755503670517008
0.0,0.019672139926234733,0.0013925837666322633,-0.0013925837666322633,-0.0012761994062645882
0.0,-0.021126437880238824,-0.00125416035822141,0.00125416035822141,0.0013705447185890852
0.0,-0.015066695771983274,-0.0008610440368821666,0.0008610440368821666,0.0009774283972498418
0.0,0.025883894952576147,0.0017955616890242224,-0.0017955616890242224,-0.0016791773286565473
0.0,0.030583700679551518,0.0021004542579473474,-0.0021004542579473474,-0.0019840698975796722
0.0,-0.002017948757084831,-1.4526919001052926e-05,1.4526919001052926e-05,0.00013091127936872807
0.0,-0.010245080846639998,-0.0005482492861314626,0.0005482492861314626,0.0006646336464991377
0.0,-0.028003617786773516,-0.001700306682231123,0.001700306682231123,0.001816691042598798
0.0,-0.00749246363390188,-0.0003696775361468415,0.0003696775361468415,0.00048606189651451663
0.0,-0.006519175777754405,-0.0003065370039628737,0.0003065370039628737,0.00042292136433054884
0.0,-0.0032907731480149582,-9.70994168622463e-05,9.70994168622463e-05,0.00021348377722992144
0.0,0.02596564246086497,0.0018008649311693577,-0.0018008649311693577,-0.0016844805708016825
0.0,-0.02366266361565439,-0.0014186940484974646,0.0014186940484974646,0.0015350784088651397
0.0,0.026480052302171098,0.0018342364675915874,-0.0018342364675915874,-0.0017178521072239122
0.0,0.011427569666488724,0.0008577301253991204,-0.0008577301253991204,-0.0007413457650314452
0.0,-0.0066720972934503076,-0.0003164575488689177,0.0003164575488689177,0.0004328419092365928
0.0,-0.007950909706564868,-0.0003994185103332131,0.0003994185103332131,0.0005158028707008882
0.0,0.02372481982226482,0.001655495056226977,-0.001655495056226977,-0.0015391106958593018
0.0,0.011881976654619875,0.0008872090702739523,-0.0008872090702739523,-0.0007708247099062771
0.0,0.016266654579669915,0.0011716582143728035,-0.0011716582143728035,-0.0010552738540051284
0.0,-0.007387716072364547,-0.00036288220140731305,0.00036288220140731305,0.0004792665617749882
0.0,-0.006082610618211248,-0.00027821551989993376,0.00027821551989993376,0.0003945998802676089
0.0,0.024626377895927698,0.0017139822306084084,-0.0017139822306084084,-0.0015975978702407333
0.0,-0.00745440410765752,-0.0003672084837215388,0.0003672084837215388,0.0004835928440892139
0.0,-0.004101230608784645,-0.00014967658102005266,0.00014967658102005266,0.0002660609413877278
0.0,-0.02500198485734284,-0.0015055804258742804,0.0015055804258742804,0.0016219647862419555
0.0,-0.010585992315429671,-0.0005703653861434374,0.0005703653861434374,0.0006867497465111125
0.0,0.013618724670070526,0.0009998778899580523,-0.0009998778899580523,-0.000883493529590377
0.0,0.009613981920559844,0.0007400764480034774,-0.0007400764480034774,-0.0006236920876358023
0.0,0.005597892802462701,0.00047953892807733477,-0.00047953892807733477,-0.00036315456770965964
0.0,-0.02077788695478977,-0.0012315486603695744,0.0012315486603695744,0.0013479330207372495
0.0,0.05543448436034493,0.0037126101036031515,-0.0037126101036031515,-0.0035962257432354764
0.0,0.009240746788147902,0.0007158634007108449,-0.0007158634007108449,-0.0005994790403431698
0.0,-0.008935777048800997,-0.00046331024362324265,0.00046331024362324265,0.0005796946039909178
0.0,0.008713116550319144,0.0006816342116765441,-0.0006816342116765441,-0.000565249851308869
0.0,-0.008252046497990273,-0.000418954290165127,0.000418954290165127,0.0005353386505328021
0.0,-0.0030893228355314273,-8.403064192737295e-05,8.403064192737295e-05,0.0002004150022950481
0.0,0.00475858190881473,0.0004250899424478412,-0.0004250899424478412,-0.00030870558208016607
0.0,-0.003883688698329779,-0.0001355638887557037,0.0001355638887557037,0.0002519482491233788
0.0,0.013579987927526016,0.0009973649041811466,-0.0009973649041811466,-0.0008809805438134713
0.0,0.0059146891478476515,0.0005000905970570729,-0.0005000905970570729,-0.0003837062366893977
0.0,-0.0002830441976333642,9.802230934928987e-05,-9.802230934928987e-05,1.8362051018385275e-05
0.0,-0.015444192913123267,-0.000885533575346,0.000885533575346,0.0010019179357136751
0.0,-0.0015918653377758885,1.3114578506602076e-05,-1.3114578506602076e-05,0.00010326978186107307
0.0,0.030947872397389053,0.0021240793303505187,-0.0021240793303505187,-0.0020076949699828436
0.0,-0.0008676332180498347,6.009800810083428e-05,-6.009800810083428e-05,5.628635226684086e-05
0.0,-0.001194660488065602,3.88826238370272e-05,-3.88826238370272e-05,7.750173653064794e-05
0.0,-0.017894212283564803,-0.0010444747621014099,0.0010444747621014099,0.001160859122469085
0.0,-0.014399194981406072,-0.0008177409638148728,0.0008177409638148728,0.0009341253241825479
0.0,-0.0018623708845491027,-4.434047086634483e-06,4.434047086634483e-06,0.00012081840745430963
0.0,0.00752178195750397,0.0006043482374147602,-0.0006043482374147602,-0.000487963877047085
0.0,-0.007349578247904498,-0.0003604080695073447,0.0003604080695073447,0.00047679242987501983
0.0,0.014279296218109305,0.001042731439219265,-0.001042731439219265,-0.0009263470788515898
0.0,0.0072896644387934195,0.0005892899752901113,-0.0005892899752901113,-0.00047290561492243613
0.0,-0.006052724634100337,-0.00027627671327691284,0.00027627671327691284,0.000392661073644588
0.0,-0.024921675023714007,-0.0015003704506311882,0.0015003704506311882,0.0016167548109988633
0.0,-0.011137750774080746,-0.0006061598558845207,0.0006061598558845207,0.0007225442162521958
0.0,-0.009007516001852345,-0.00046796419635199875,0.00046796419635199875,0.0005843485567196739
0.0,0.0010373383615349674,0.00018368006922550616,-0.00018368006922550616,-6.729570885783102e-05
0.0,0.014867993802734736,0.0010809222771649856,-0.0010809222771649856,-0.0009645379167973104
0.0,-0.01445169956861636,-0.0008211471170485929,0.0008211471170485929,0.000937531477416268
0.0,0.005868102525282026,0.0004970683625527912,-0.0004970683625527912,-0.0003806840021851161
0.0,-0.004049622110409712,-0.0001463285601524061,0.0001463285601524061,0.00026271292052008124
0.0,-0.012020638322615351,-0.0006634358090580563,0.0006634358090580563,0.0007798201694257314
0.0,0.01746133164481911,0.0012491610263159038,-0.0012491610263159038,-0.0011327766659482287
0.0,-0.0025407424823445934,-4.844234682319845e-05,4.844234682319845e-05,0.0001648267071908736
0.0,-0.004000548879248611,-0.00014314501079244236,0.00014314501079244236,0.0002595293711601175
0.0,0.007538970575044379,0.0006054633221783819,-0.0006054633221783819,-0.0004890789618107068
0.0,-0.011645528874622113,-0.0006391011684643914,0.0006391011684643914,0.0007554855288320665
0.0,0.02284078102943865,0.0015981444178749672,-0.0015981444178749672,-0.001481760057507292
0.0,-0.0007676325452631305,6.658539583368872e-05,-6.658539583368872e-05,4.979896453398642e-05
0.0,0.006978233159061986,0.0005690863565798031,-0.0005690863565798031,-0.000452701996212128
0.0,0.012849424614881588,0.0009499707483174959,-0.0009499707483174959,-0.0008335863879498208
0.0,0.0034159058663651987,0.00033798592760222556,-0.00033798592760222556,-0.0002216015672345504
0.0,0.003996858363534361,0.0003756743150748294,-0.0003756743150748294,-0.00025928995470715427
0.0,-0.0020304911890052235,-1.53405897165897e-05,1.53405897165897e-05,0.00013172495008426484
0.0,-0.015562598500411085,-0.0008932149532114352,0.0008932149532114352,0.0010095993135791103
0.0,-0.007638350296294338,-0.00037914170591308476,0.00037914170591308476,0.0004955260662807599
0.0,0.018918401045981525,0.001343686131953747,-0.001343686131953747,-0.0012273017715860718
0.0,0.01188134498366522,0.0008871680916056271,-0.0008871680916056271,-0.000770783731237952
0.0,-0.0007115031258156934,7.022670440720423e-05,-7.022670440720423e-05,4.615765596047091e-05
0.0,-0.0001817250594663422,0.00010459523046803173,-0.00010459523046803173,1.1789129899643415e-05
0.0,0.011007853469181317,0.0008305016914914796,-0.0008305016914914796,-0.0007141173311238045
0.0,0.002494840970949097,0.0002782332785732509,-0.0002782332785732509,-0.00016184891820557575
0.0,-0.012968740984683369,-0.0007249424910431446,0.0007249424910431446,0.0008413268514108198
0.0,0.014642470285510134,0.0010662917906058232,-0.0010662917906058232,-0.000949907430238148
0.0,0.010452303944590291,0.0007944612822583117,-0.0007944612822583117,-0.0006780769218906365
0.0,0.014699373244309921,0.001069983281338773,-0.001069983281338773,-0.0009535989209710978
0.0,-0.010354610691310495,-0.0005553548640330476,0.0005553548640330476,0.0006717392244007227
0.0,-0.006140463017754394,-0.0002819686041208061,0.0002819686041208061,0.00039835296448848125
0.0,0.01287251059802652,0.0009514684154799437,-0.0009514684154799437,-0.0008350840551122685
0.0,-0.011080724476164705,-0.0006024603637187058,0.0006024603637187058,0.000718844724086381
0.0,-0.00882979617773516,-0.000456434899850944,0.000456434899850944,0.0005728192602186191
0.0,0.0021952617756952897,0.00025879854536447236,-0.00025879854536447236,-0.00014241418499679723
0.0,0.011448609342766147,0.0008590950415939996,-0.0008590950415939996,-0.0007427106812263244
0.0,-0.0002804145319874607,9.819290480807373e-05,-9.819290480807373e-05,1.8191455559601407e-05
0.0,0.002773175690496066,0.00029628980954347613,-0.00029628980954347613,-0.000179905449175801
0.0,-0.013788741489130674,-0.000778138745280678,0.000778138745280678,0.0008945231056483532
0.0,-0.002767405825327751,-6.314677780130906e-05,6.314677780130906e-05,0.0001795311381689842
0.0,-0.020041234255327334,-0.0011837594650302595,0.0011837594650302595,0.0013001438253979346
0.0,-0.0015735561458868341,1.4302358783969588e-05,-1.4302358783969588e-05,0.00010208200158370555
0.0,0.005329429416074394,0.00046212278445507276,-0.00046212278445507276,-0.00034573842408739763
0.0,-0.010537551485558128,-0.000567222862831137,0.000567222862831137,0.0006836072231988121
0.0,0.0030730045671669703,0.0003157407404449027,-0.0003157407404449027,-0.00019935638007722756
0.0,-0.0030360018281855305,-8.057152471026154e-05,8.057152471026154e-05,0.00019695588507793668
0.0,-0.004725264845680033,-0.00019015982918730478,0.00019015982918730478,0.0003065441895549799
0.0,0.0075821940867943916,0.0006082673801120321,-0.0006082673801120321,-0.000491883019744357
0.0,0.0161477371607488,0.0011639436322281708,-0.0011639436322281708,-0.0010475592718604957
0.0,0.0006871667698291617,0.00016096323317709514,-0.00016096323317709514,-4.457887280941999e-05
0.0,-0.015326919115337678,-0.0008779256205599135,0.0008779256205599135,0.0009943099809275886
0.0,0.0014147940136839399,0.0002081669161557339,-0.0002081669161557339,-9.178255578805876e-05
0.0,-0.01845935787384867,-0.001081137701134874,0.001081137701134874,0.001197522061502549
0.0,-0.01447813845705137,-0.0008228622987141146,0.0008228622987141146,0.0009392466590817897
0.0,-0.001509761003189447,1.844096920145624e-05,-1.844096920145624e-05,9.79433911662189e-05
0.0,0.016476655480623936,0.0011852816954032095,-0.0011852816954032095,-0.0010688973350355343
0.0,-0.00698088356543769,-0.000336489576825745,0.000336489576825745,0.0004528739371934201
0.0,0.017562006217166637,0.0012556921322320685,-0.0012556921322320685,-0.0011393077718643934
0.0,-0.011019457310067593,-0.0005984857518417145,0.0005984857518417145,0.0007148701122093896
0.0,0.008918403718310097,0.0006949518966302998,-0.0006949518966302998,-0.0005785675362626247
0.0,0.012982193897784988,0.000958583948541104,-0.000958583948541104,-0.0008421995881734289
0.0,-0.01646322377571363,-0.0009516416137535953,0.0009516416137535953,0.0010680259741212704
0.0,0.0029845287333754023,0.00031000100867312007,-0.00031000100867312007,-0.00019361664830544492
0.0,0.005639807253104534,0.00048225806271259006,-0.00048225806271259006,-0.00036587370234491493
0.0,0.0016469543057482383,0.00022322795313501793,-0.00022322795313501793,-0.00010684359276734279
0.0,-0.0015738434957162095,1.4283717411804983e-05,-1.4283717411804983e-05,0.00010210064295587016
0.0,0.014237268879836451,0.0010400049811749538,-0.0010400049811749538,-0.0009236206208072786
0.0,0.005715269388667954,0.0004871535511018864,-0.0004871535511018864,-0.00037076919073421126
0.0,0.014436542471763847,0.001052932544757541,-0.001052932544757541,-0.0009365481843898659
0.0,0.0036988464765423945,0.0003563412585458984,-0.0003563412585458984,-0.00023995689817822322
0.0,-0.005796972083329965,-0.00025968516529750225,0.00025968516529750225,0.0003760695256651774
0.0,-0.002492370531228194,-4.5304291912747e-05,4.5304291912747e-05,0.00016168865228042214
0.0,0.0035791630944272956,0.0003485769857332933,-0.0003485769857332933,-0.00023219262536561817
0.0,0.0009963029974375814,0.00018101796395921047,-0.00018101796395921047,-6.463360359153533e-05
0.0,-4.1352477946232646e-05,0.00011370168283485767,-0.00011370168283485767,2.682677532817477e-06
0.0,-0.004134884052006904,-0.0001518597956789587,0.0001518597956789587,0.00026824415604663384
0.0,0.01326268999363811,0.0009767806954293216,-0.0009767806954293216,-0.0008603963350616463
0.0,-0.0020693734728036706,-1.786301725542669e-05,1.786301725542669e-05,0.00013424737762310183
0.0,0.00330615690296554,0.0003308661347147211,-0.0003308661347147211,-0.000214481774347046
0.0,0.0008552202959737354,0.0001718654436682049,-0.0001718654436682049,-5.548108330052975e-05
0.0,-8.42619976980652e-05,0.00011091799464253458,-0.00011091799464253458,5.46636572514057e-06
0.0,-0.00595254815297297,-0.0002697779202520662,0.0002697779202520662,0.0003861622806197413
0.0,0.0009031888869577287,0.0001749773312189579,-0.0001749773312189579,-5.859297085128276e-05
0.0,0.0008515791660903549,0.0001716292310440203,-0.0001716292310440203,-5.524487067634516e-05
0.0,-0.015810858882773227,-0.0009093204584466365,0.0009093204584466365,0.0010257048188143116
0.0,-0.003841187197329843,-0.000132806670143755,0.000132806670143755,0.00024919103051143014
0.0,0.01956614972249704,0.0013857078174174288,-0.0013857078174174288,-0.0012693234570497537
0.0,0.008253202753460531,0.0006517980211713561,-0.0006517980211713561,-0.000535413660803681
0.0,-0.0003861064902076494,9.133630380618347e-05,-9.133630380618347e-05,2.504805656149167e-05
0.0,-0.011586262936400304,-0.0006352563831256333,0.0006352563831256333,0.0007516407434933084
0.0,-0.006998305064656485,-0.0003376197694251589,0.0003376197694251589,0.000454004129792834
0.0,-0.007218732334382416,-0.0003519196448735642,0.0003519196448735642,0.0004683040052412393
0.0,0.018474751389515376,0.001314905052198589,-0.001314905052198589,-0.001198520691830914
0.0,0.0004521286642489297,0.00014571550253285418,-0.00014571550253285418,-2.9331142165179027e-05
0.0,-0.004579421277258522,-0.00018069845507523755,0.00018069845507523755,0.0002970828154429127
0.0,0.004483965263404999,0.0004072746157403033,-0.0004072746157403033,-0.0002908902553726282
0.0,-0.0016966239932159066,6.318524067433766e-06,-6.318524067433766e-06,0.00011006583630024138
0.0,-0.0015833068345566526,1.366979805911942e-05,-1.366979805911942e-05,0.00010271456230855572
0.0,0.0029581644391338813,0.0003082906661895988,-0.0003082906661895988,-0.00019190630582192365
0.0,-0.006377683373153031,-0.00029735790481960205,0.00029735790481960205,0.0004137422651872772
0.0,0.011890829058788244,0.0008877833561923144,-0.0008877833561923144,-0.0007713989958246393
0.0,0.009445048649426635,0.0007291171654278678,-0.0007291171654278678,-0.0006127328050601927
0.0,-0.0014458676054706077,2.2585953760267122e-05,-2.2585953760267122e-05,9.379840660740802e-05
0.0,0.0001550346964389604,0.00012644199457969863,-0.00012644199457969863,-1.00576342120235e-05
0.0,-0.011222026747550129,-0.0006116271282660354,0.0006116271282660354,0.0007280114886337105
0.0,-0.007318600335353365,-0.00035839842572922423,0.00035839842572922423,0.00047478278609689936
0.0,0.008757581265902425,0.0006845187907736778,-0.0006845187907736778,-0.0005681344304060027
0.0,0.01304908677799732,0.0009629235198500932,-0.0009629235198500932,-0.000846539159482418
0.0,1.660326849850513e-05,0.00011746147152483939,-0.00011746147152483939,-1.0771111571642526e-06
0.0,-0.006108624209833935,-0.0002799031110978496,0.0002799031110978496,0.0003962874714655247
0.0,0.009854453563032717,0.0007556766708820307,-0.0007556766708820307,-0.0006392923105143556
0.0,0.014534424705965554,0.001059282502090118,-0.001059282502090118,-0.0009428981417224427
0.0,-0.0020035816359177394,-1.3594874415566734e-05,1.3594874415566734e-05,0.00012997923478324188
0.0,0.0023538963079141606,0.0002690897133101008,-0.0002690897133101008,-0.00015270535294242563
0.0,-0.0038120096998572883,-0.0001309138254867738,0.0001309138254867738,0.0002472981858544489
0.0,0.0061886426142414575,0.0005178629010599358,-0.0005178629010599358,-0.00040147854069226064
0.0,0.001148059539441082,0.00019086293301330684,-0.00019086293301330684,-7.447857264563169e-05
0.0,0.009321148810237156,0.0007210793565365728,-0.0007210793565365728,-0.0006046949961688977
0.0,0.006932489951473775,0.0005661188373071865,-0.0005661188373071865,-0.0004497344769395113
0.0,0.0008194255259321714,0.0001695433137705062,-0.0001695433137705062,-5.315895340283108e-05
0.0,0.01217813742034668,0.0009064220381969472,-0.0009064220381969472,-0.000790037677829272
0.0,-0.0036716195284263176,-0.0001218062320019057,0.0001218062320019057,0.00023819059236958085
0.0,-0.0047351076976228645,-0.00019079836886079705,0.00019079836886079705,0.0003071827292284722
0.0,-0.005245281583003636,-0.00022389510424678086,0.00022389510424678086,0.000340279464614456
0.0,0.003710798414438443,0.00035711662188226355,-0.00035711662188226355,-0.00024073226151458843
0.0,-0.007658808766684566,-0.00038046891728220843,0.00038046891728220843,0.0004968532776498836
0.0,-0.004486838293256468,-0.00017469227833713622,0.00017469227833713622,0.00029107663870481135
0.0,0.011455854954693034,0.0008595650893708956,-0.0008595650893708956,-0.0007431807290032205
0.0,-0.00035407668843834283,9.341418725729948e-05,-9.341418725729948e-05,2.297017311037567e-05
0.0,0.004473544672805918,0.0004065985961722574,-0.0004065985961722574,-0.00029021423580458225
0.0,0.012269004495714109,0.0009123168980377041,-0.0009123168980377041,-0.000795932537670029
0.0,0.0011706778016009611,0.0001923302575060876,-0.0001923302575060876,-7.594589713841246e-05
0.0,-0.0019683184132291975,-1.1307227823643243e-05,1.1307227823643243e-05,0.00012769158819131839
0.0,-0.007922511336500904,-0.00039757621035210224,0.00039757621035210224,0.0005139605707197774
0.0,-0.0028651005386203243,-6.948457000727544e-05,6.948457000727544e-05,0.0001858689303749506
0.0,0.002405026057131332,0.0002724066760725703,-0.0002724066760725703,-0.0001560223157048952
0.0,0.0067422110558885695,0.0005537747906258858,-0.0005537747906258858,-0.00043739043025821064
0.0,0.007411233485312474,0.0005971765776409245,-0.0005971765776409245,-0.0004807922172732493
0.0,0.008470153458069118,0.0006658723598781954,-0.0006658723598781954,-0.0005494879995105202
0.0,-0.0010244071333035398,4.9927544779874774e-05,-4.9927544779874774e-05,6.645681558780037e-05
0.0,0.0038553825145495324,0.0003664962899513687,-0.0003664962899513687,-0.00025011192958369357
0.0,0.007117275205842377,0.0005781064925798683,-0.0005781064925798683,-0.0004617221322121931
0.0,0.002357910335732072,0.00026935011710639117,-0.00026935011710639117,-0.00015296575673871604
0.0,-0.006756896218903741,-0.00032195874694504684,0.00032195874694504684,0.00043834310731272197
0.0,0.0003240945218980773,0.00013740948716988658,-0.00013740948716988658,-2.1025126802211447e-05
0.0,0.004034153877153557,0.0003780938033722706,-0.0003780938033722706,-0.00026170944300459546
0.0,0.002814673351556163,0.000298981905604446,-0.000298981905604446,-0.00018259754523677088
0.0,-0.00015543889679858758,0.00010630050428752227,-0.00010630050428752227,1.0083856080152866e-05
0.0,-0.006424666064487883,-0.000300405833667764,0.000300405833667764,0.00041679019403543914
0.0,0.009877842794752345,0.0007571940108229574,-0.0007571940108229574,-0.0006408096504552823
0.0,0.0014687129405193122,0.00021166482246749003,-0.00021166482246749003,-9.528046209981488e-05
0.0,-0.002665087639215691,-5.650904500477978e-05,5.650904500477978e-05,0.00017289340537245492
0.0,-0.013839541336347905,-0.000781434306165262,0.000781434306165262,0.0008978186665329371
0.0,-0.0025479738404268204,-4.891146990414589e-05,4.891146990414589e-05,0.00016529583027182103
0.0,-0.005300074155050516,-0.0002274496869295059,0.0002274496869295059,0.00034383404729718104
0.0,0.00902409277936278,0.0007018083096829652,-0.0007018083096829652,-0.0005854239493152901
0.0,-0.004218283044793103,-0.00015727017530597995,0.00015727017530597995,0.0002736545356736551
0.0,-0.007038730380597102,-0.0003402422987684294,0.0003402422987684294,0.00045662665913610455
0.0,0.00025071394456976925,0.0001326490366256705,-0.0001326490366256705,-1.6264676257995344e-05
0.0,-0.0010696923700230787,4.6989735653326525e-05,-4.6989735653326525e-05,6.939462471434862e-05
0.0,0.005750475751703066,0.0004894375090124453,-0.0004894375090124453,-0.00037305314864477014
0.0,-0.011550909428841738,-0.0006329628794435329,0.0006329628794435329,0.000749347239811208
0.0,-0.007555395210577687,-0.000373760124065091,0.000373760124065091,0.0004901444844327661
0.0,-0.007712913029036983,-0.00038397884694667034,0.00038397884694667034,0.0005003632073143455
0.0,-0.00014870682600087726,0.00010673723688434117,-0.00010673723688434117,9.647123483333973e-06
0.0,0.006879188518795987,0.0005626609899661492,-0.0005626609899661492,-0.000446276629598474
0.0,-0.002777466728829614,-6.379946322972243e-05,6.379946322972243e-05,0.00018018382359739758
0.0,0.011044879965972587,0.0008329037277416417,-0.0008329037277416417,-0.0007165193673739665
0.0,-0.013457974663146133,-0.0007566807631538557,0.0007566807631538557,0.0008730651235215308
0.0,0.006717966037625089,0.0005522019328672103,-0.0005522019328672103,-0.00043581757249953516
0.0,0.006264619755036449,0.0005227917996106696,-0.0005227917996106696,-0.00040640743924299437
0.0,0.01450830719454621,0.0010575881692574186,-0.0010575881692574186,-0.0009412038088897433
0.0,0.003833182103508026,0.0003650560728984076,-0.0003650560728984076,-0.00024867171253073245
0.0,-0.0015969365120942491,1.2785593979325246e-05,-1.2785593979325246e-05,0.0001035987663883499
0.0,0.0017991292600010311,0.00023310006603142748,-0.00023310006603142748,-0.00011671570566375234
0.0,-0.004194177587506065,-0.00015570637134805726,0.00015570637134805726,0.0002720907317157324
0.0,-0.006971599351452862,-0.00033588727791878823,0.00033588727791878823,0.00045227163828646336
0.0,-0.0032112659361860363,-9.194151045703075e-05,9.194151045703075e-05,0.0002083258708247059
0.0,0.0014266227216406246,0.00020893428514191456,-0.00020893428514191456,-9.25499247742394e-05
0.0,0.006723453106275201,0.0005525578978908257,-0.0005525578978908257,-0.0004361735375231505
0.0,-0.005695885604828921,-0.0002531273376118437,0.0002531273376118437,0.00036951169797951885
0.0,0.0012416323054647016,0.00019693332031685707,-0.00019693332031685707,-8.054895994918191e-05
0.0,0.00842991886716793,0.0006632622035244924,-0.0006632622035244924,-0.0005468778431568172
0.0,-0.012159612938677844,-0.0006724515705954311,0.0006724515705954311,0.0007888359309631062
0.0,0.0007212876971294246,0.00016317677513669258,-0.00016317677513669258,-4.679241476901744e-05
0.0,-0.002151010615372817,-2.3159099596572566e-05,2.3159099596572566e-05,0.0001395434599642477
0.0,-0.0093947947580596,-0.0004930883018424982,0.0004930883018424982,0.0006094726622101733
0.0,-0.01640093410321941,-0.0009476006683683132,0.0009476006683683132,0.0010639850287359883
0.0,-0.002295598477193961,-3.253901170075246e-05,3.253901170075246e-05,0.0001489233720684276
0.0,0.0040230650909416354,0.0003773744356556463,-0.0003773744356556463,-0.0002609900752879712
0.0,-0.014734533990868215,-0.0008394955592161701,0.0008394955592161701,0.0009558799195838452
0.0,0.00022931406074522265,0.0001312607525277826,-0.0001312607525277826,-1.4876392160107435e-05
0.0,0.005893173970516585,0.0004986948334727072,-0.0004986948334727072,-0.00038231047310503206
0.0,-0.002709582086142026,-5.9395552876439125e-05,5.9395552876439125e-05,0.00017577991324411427
0.0,7.936755559079245e-05,0.00012153320679218448,-0.00012153320679218448,-5.148846424509334e-06
0.0,-0.013744071674259506,-0.0007752408606870193,0.0007752408606870193,0.0008916252210546945
0.0,0.008109754957160709,0.0006424920690403601,-0.0006424920690403601,-0.0005261077086726849
0.0,-0.001304030159777203,3.178743690641994e-05,-3.178743690641994e-05,8.45969234612552e-05
0.0,0.011814893014644445,0.0008828571237227518,-0.0008828571237227518,-0.0007664727633550767
0.0,0.00630385429964031,0.0005253370795200369,-0.0005253370795200369,-0.0004089527191523617
0.0,0.005207990781392224,0.0004542446423688483,-0.0004542446423688483,-0.00033786028200117317
0.0,0.00429300817103373,0.0003948865720999046,-0.0003948865720999046,-0.0002785022117322295
0.0,-0.00624643434611849,-0.0002888433288252076,0.0002888433288252076,0.00040522768919288275
0.0,-0.005018858888767519,-0.00020920628498093152,0.00020920628498093152,0.00032559064534860664
0.0,0.01059436938392988,0.0008036775561367887,-0.0008036775561367887,-0.0006872931957691135
0.0,-9.824505308242415e-05,0.00011001086572589417,-0.00011001086572589417,6.373494641780974e-06
0.0,-0.013399820506516447,-0.000752908102912473,0.000752908102912473,0.0008692924632801481
0.0,-0.008482848196321058,-0.0004339271904941754,0.0004339271904941754,0.0005503115508618505
0.0,-0.012585283719027562,-0.0007000662987939648,0.0007000662987939648,0.0008164506591616399
0.0,-0.0016855698941634634,7.035641508668753e-06,-7.035641508668753e-06,0.00010934871885900639
0.0,0.007265792222727274,0.0005877413024927403,-0.0005877413024927403,-0.00047135694212506517
0.0,-0.014339628627712542,-0.000813876689490774,0.000813876689490774,0.0009302610498584491
0.0,-0.011832519778109618,-0.0006512319117847653,0.0006512319117847653,0.0007676162721524404
0.0,-0.004800280229768528,-0.00019502633527120956,0.00019502633527120956,0.0003114106956388847
0.0,0.012010022325859904,0.0008955158335556302,-0.0008955158335556302,-0.000779131473187955
0.0,0.006474957307233353,0.000536437120365574,-0.000536437120365574,-0.00042005275999789884
0.0,0.010505999486313922,0.0007979446968092303,-0.0007979446968092303,-0.0006815603364415552
0.0,0.01885855702012762,0.0013398038440811711,-0.0013398038440811711,-0.001223419483713496
0.0,0.009393730253031363,0.0007257879644738447,-0.0007257879644738447,-0.0006094036041061696
0.0,0.0017529924220356374,0.00023010701060181257,-0.00023010701060181257,-0.00011372265023413743
0.0,0.0028401189192852616,0.0003006326471378892,-0.0003006326471378892,-0.00018424828677021405
0.0,0.0010049156221052513,0.0001815766945563125,-0.0001815766945563125,-6.519233418863737e-05
0.0,-0.008083839306732843,-0.0004080421108894048,0.0004080421108894048,0.00052442647125708
0.0,0.015616441094852496,0.0011294766283134956,-0.0011294766283134956,-0.0010130922679458204
0.0,-0.0008358389332403515,6.216061275638361e-05,-6.216061275638361e-05,5.422374761129153e-05
0.0,0.019075017703661823,0.001353846393434817,-0.001353846393434817,-0.0012374620330671418
0.0,0.0015970120755575135,0.00021998802881789095,-0.00021998802881789095,-0.00010360366845021581
0.0,0.0011904273935798848,0.00019361148149351246,-0.00019361148149351246,-7.722712112583732e-05
0.0,0.0012820490603360213,0.00019955529427410473,-0.00019955529427410473,-8.317093390642958e-05
0.0,0.007390278097329839,0.0005958171295177532,-0.0005958171295177532,-0.00047943276915007806
0.0,-0.0020209310950652926,-1.4720393527678768e-05,1.4720393527678768e-05,0.0001311047538953539
0.0,0.00406112922094648,0.00037984378674273253,-0.00037984378674273253,-0.0002634594263750574
0.0,0.0005968736678840791,0.00015510560896721297,-0.00015510560896721297,-3.8721248599537824e-05
0.0,-0.001954157460090089,-1.038855806752944e-05,1.038855806752944e-05,0.00012677291843520458
0.0,0.0009801185306033133,0.00017996802190704678,-0.00017996802190704678,-6.358366153937165e-05
0.0,-0.0009462486392383118,5.499795522299883e-05,-5.499795522299883e-05,6.138640514467631e-05
0.0,0.0037840728581564065,0.0003618701871739848,-0.0003618701871739848,-0.00024548582680630965
0.0,0.005873742123607695,0.0004974342227012944,-0.0004974342227012944,-0.0003810498623336193
0.0,-0.005408509126972105,-0.00023448423666855593,0.00023448423666855593,0.00035086859703623106
0.0,-0.0005688697261614362,7.947982382557059e-05,-7.947982382557059e-05,3.690453654210455e-05
0.0,-0.003906202808869552,-0.00013702445657451612,0.00013702445657451612,0.00025340881694219125
0.0,0.007968189065892917,0.0006333082025641798,-0.0006333082025641798,-0.0005169238421965047
0.0,0.00409549786994079,0.0003820733992610006,-0.0003820733992610006,-0.00026568903889332546
0.0,0.003924494286698943,0.00037097980841523174,-0.00037097980841523174,-0.0002545954480475566
0.0,0.00459935752021523,0.00041476050848918307,-0.00041476050848918307,-0.00029837614812150794
0.0,0.013650676351045998,0.0010019507054444688,-0.0010019507054444688,-0.0008855663450767936
0.0,0.0026470624846992585,0.00028810841194445985,-0.00028810841194445985,-0.0001717240515767847
0.0,-7.62494933082003e-05,0.00011143779337228034,-0.00011143779337228034,4.946566995394794e-06
0.0,0.004528344366900416,0.0004101536408867174,-0.0004101536408867174,-0.0002937692805190423
0.0,0.005866407818910568,0.0004969584211192127,-0.0004969584211192127,-0.00038057406075153754
0.0,-0.014684266911006771,-0.0008362345607831385,0.0008362345607831385,0.0009526189211508136
0.0,0.010301467821202559,0.0007846760239268597,-0.0007846760239268597,-0.0006682916635591846
0.0,0.0016600585268868873,0.00022407806905018593,-0.00022407806905018593,-0.00010769370868251077
0.0,0.0042316894655107795,0.00039090861668301876,-0.00039090861668301876,-0.0002745242563153436
0.0,0.0014304577464787638,0.0002091830763989814,-0.0002091830763989814,-9.279871603130626e-05
0.0,0.0003701746080437829,0.00014039886091368276,-0.00014039886091368276,-2.401450054600762e-05
0.0,-0.0028264750133749628,-6.697879927924958e-05,6.697879927924958e-05,0.00018336315964692472
0.0,-0.005660579005492328,-0.0002508368770275078,0.0002508368770275078,0.0003672212373951829
0.0,-0.008016314922730805,-0.00040366157175665595,0.00040366157175665595,0.0005200459321243311
0.0,-0.0034283812973570083,-0.00010602653100163347,0.00010602653100163347,0.0002224108913693086
0.0,0.0018256861788026324,0.00023482290473295694,-0.00023482290473295694,-0.00011843854436528181
0.0,0.014114629309846638,0.0010320489302830618,-0.0010320489302830618,-0.0009156645699153866
0.0,-0.0014779006799081618,2.050785799990108e-05,-2.050785799990108e-05,9.587650236777406e-05
0.0,0.00566597189372442,0.00048395545297869394,-0.00048395545297869394,-0.0003675710926110188
0.0,-0.0006710555783868699,7.285067598361032e-05,-7.285067598361032e-05,4.3533684384064826e-05
0.0,0.0007509755941104146,0.0001651027311660037,-0.0001651027311660037,-4.871837079832855e-05
0.0,-0.0037313402367431525,-0.00012568051984153237,0.00012568051984153237,0.0002420648802092075
0.0,-0.005616897183990499,-0.00024800308696327355,0.00024800308696327355,0.0003643874473309487
0.0,0.008805260963896,0.0006876119368420996,-0.0006876119368420996,-0.0005712275764744245
0.0,0.012313502764936146,0.0009152036538748376,-0.0009152036538748376,-0.0007988192935071625
0.0,0.0021943252026270788,0.0002587377866469126,-0.0002587377866469126,-0.00014235342627923745
0.0,0.002921374261968035,0.00030590396080668275,-0.00030590396080668275,-0.00018951960043900762
0.0,0.0008119284117831249,0.00016905695017907247,-0.00016905695017907247,-5.267258981139732e-05
0.0,0.005260365527706368,0.0004576423723768699,-0.0004576423723768699,-0.0003412580120091948
0.0,-0.0006517852510764532,7.410080842290235e-05,-7.410080842290235e-05,4.228355194477279e-05
0.0,0.007556774896180896,0.0006066183497528383,-0.0006066183497528383,-0.0004902339893851632
0.0,-0.0006006499345398986,7.741813235653672e-05,-7.741813235653672e-05,3.896622801113841e-05
0.0,-0.016105744611597972,-0.00092845071033856,0.00092845071033856,0.0010448350707062352
0.0,0.012493688211609788,0.0009268929037950131,-0.0009268929037950131,-0.000810508543427338
0.0,0.01068444607751462,0.0008095211411917026,-0.0008095211411917026,-0.0006931367808240275
0.0,-0.0031863375266721894,-9.032431875648446e-05,9.032431875648446e-05,0.0002067086791241596
0.0,0.0023104108269635937,0.00026626866053300894,-0.00026626866053300894,-0.0001498843001653338
0.0,0.008241457963390042,0.0006510360962272034,-0.0006510360962272034,-0.0005346517358595283
0.0,0.0005705832608251526,0.0001534000597994627,-0.0001534000597994627,-3.701569943178756e-05
0.0,0.0057423415255595245,0.0004889098137737099,-0.0004889098137737099,-0.0003725254534060348
0.0,-0.0009489536011326738,5.482247503749297e-05,-5.482247503749297e-05,6.156188533018217e-05
0.0,-0.013674255653625456,-0.0007707116552007311,0.0007707116552007311,0.0008870960155684062
0.0,0.009579763275017639,0.0007378565667252895,-0.0007378565667252895,-0.0006214722063576143
0.0,0.005821250684729495,0.0004940289224451188,-0.0004940289224451188,-0.00037764456207744357
0.0,-0.0048034698371121065,-0.00019523325607460743,0.00019523325607460743,0.00031161761644228256
0.0,-0.006005322001165325,-0.0002732015413721846,0.0002732015413721846,0.0003895859017398597
0.0,0.001264199922982101,0.0001983973593174186,-0.0001983973593174186,-8.201299894974345e-05
0.0,0.02112288421741404,0.0014866985406216296,-0.0014866985406216296,-0.0013703141802539544
0.0,0.0003479475462115911,0.00013895691493222802,-0.00013895691493222802,-2.2572554564552883e-05
0.0,-0.003786751350190576,-0.00012927522943323037,0.00012927522943323037,0.0002456595898009055
0.0,0.0017063496993998672,0.00022708113669294764,-0.00022708113669294764,-0.0001106967763252725
0.0,-0.001658155060430544,8.814136103765438e-06,-8.814136103765438e-06,0.0001075702242639097
0.0,0.005229094697149161,0.00045561372599980314,-0.00045561372599980314,-0.000339229365632128
0.0,0.00800782894888763,0.0006358797781696779,-0.0006358797781696779,-0.0005194954178020028
0.0,-0.0011932620709189656,3.897334396909924e-05,-3.897334396909924e-05,7.74110163985759e-05
0.0,-0.010193100883444606,-0.0005448771670627513,0.0005448771670627513,0.0006612615274304264
0.0,0.005141103203274655,0.0004499054150249903,-0.0004499054150249903,-0.00033352105465731517
0.0,0.010304127925951478,0.0007848485940749932,-0.0007848485940749932,-0.000668464233707318
0.0,-0.0065285190034379825,-0.00030714313116177985,0.00030714313116177985,0.000423527491529455
0.0,-0.001122238087346461,4.358091416764677e-05,-4.358091416764677e-05,7.280344620002837e-05
0.0,0.011201787981366396,0.0008430828906001107,-0.0008430828906001107,-0.0007266985302324356
0.0,-0.0019245297153407392,-8.466504320460755e-06,8.466504320460755e-06,0.0001248508646881359
0.0,-0.0028710915621273925,-6.987322831650398e-05,6.987322831650398e-05,0.00018625758868417912
0.0,-0.006482917484461503,-0.00030418480371693815,0.00030418480371693815,0.0004205691640846133
0.0,0.006318059504952345,0.0005262586200668743,-0.0005262586200668743,-0.00040987425969919917
0.0,0.0056491496501236416,0.0004828641361531807,-0.0004828641361531807,-0.00036647977578550556
0.0,0.008904173912846591,0.0006940287601869906,-0.0006940287601869906,-0.0005776443998193154
0.0,0.0032365354015160275,0.00032634954835724885,-0.00032634954835724885,-0.00020996518798957372
0.0,-0.0014021878490156903,2.5419609857802654e-05,-2.5419609857802654e-05,9.096475050987249e-05
0.0,-0.0030549644525015296,-8.180169539754013e-05,8.180169539754013e-05,0.00019818605576521527
0.0,-0.002799795225030266,-6.524798960768153e-05,6.524798960768153e-05,0.00018163234997535668
0.0,0.008630626525532925,0.0006762827999313211,-0.0006762827999313211,-0.000559898439563646
0.0,0.0011164855071790214,0.0001888146168983689,-0.0001888146168983689,-7.243025653069375e-05
0.0,-0.0020135845401164643,-1.4243797229617587e-05,1.4243797229617587e-05,0.00013062815759729273
0.0,-0.0072390590731691296,-0.00035323831036029673,0.00035323831036029673,0.00046962267072797186
0.0,0.001091122364688113,0.00018716922257374155,-0.00018716922257374155,-7.078486220606641e-05
0.0,-0.012334336350379616,-0.0006837864795128365,0.0006837864795128365,0.0008001708398805116
0.0,0.011099194174331695,0.0008364272773259542,-0.0008364272773259542,-0.0007200429169582791
0.0,-0.00037463099831791524,9.208075845073093e-05,-9.208075845073093e-05,2.4303601916944216e-05
0.0,0.0014454931932483817,0.0002101584775659241,-0.0002101584775659241,-9.377411719824894e-05
0.0,-0.009456980649108493,-0.0004971225145683235,0.0004971225145683235,0.0006135068749359986
0.0,0.007444797710585593,0.0005993540044244826,-0.0005993540044244826,-0.00048296964405680743
0.0,-0.01455068829580164,-0.000827568856388311,0.000827568856388311,0.0009439532167559861
0.0,-0.01202135494776202,-0.0006634822989971337,0.0006634822989971337,0.0007798666593648088
0.0,-0.0020565070133361507,-1.7028325757971542e-05,1.7028325757971542e-05,0.00013341268612564668
0.0,-0.005780602724641426,-0.0002586232286745634,0.0002586232286745634,0.00037500758904223855
0.0,-0.002208160119998248,-2.6866584605563662e-05,2.6866584605563662e-05,0.0001432509449732388
0.0,-0.00875854812743615,-0.00045181279367286387,0.00045181279367286387,0.000568197154040539
0.0,0.008731248071466746,0.000682810465841572,-0.000682810465841572,-0.0005664261054738968
0.0,0.011964576270872662,0.0008925675915947014,-0.0008925675915947014,-0.0007761832312270263
0.0,0.0002130100613548791,0.00013020305598741047,-0.00013020305598741047,-1.3818695619735318e-05
0.0,-0.004576430353515626,-0.00018050442356066013,0.00018050442356066013,0.00029688878392833526
0.0,0.01020914263474304,0.0007786865714023903,-0.0007786865714023903,-0.0006623022110347151
0.0,0.0031784486665891176,0.00032258126199371444,-0.00032258126199371444,-0.0002061969016260393
0.0,-0.01573051358686217,-0.0009041081826432755,0.0009041081826432755,0.0010204925430109507
0.0,-0.0034354388154940185,-0.0001064843764871743,0.0001064843764871743,0.00022286873685484944
0.0,0.009128437077573048,0.0007085774833428908,-0.0007085774833428908,-0.0005921931229752157
0.0,0.012556739721478527,0.0009309832721921625,-0.0009309832721921625,-0.0008145989118244874
0.0,0.01032612390701182,0.0007862755490516594,-0.0007862755490516594,-0.0006698911886839843
0.0,0.0013434298232750663,0.00020353727556910407,-0.00020353727556910407,-8.715291520142893e-05
0.0,-5.835618166138978e-06,0.00011600578373764204,-0.00011600578373764204,3.785766300330932e-07
0.0,0.005090947698625836,0.0004466516548599174,-0.0004466516548599174,-0.00033026729449224225
0.0,0.001649398844549843,0.00022338653877841498,-0.00022338653877841498,-0.00010700217841073984
0.0,-0.00024130405535727206,0.00010073013600108736,-0.00010073013600108736,1.565422436658777e-05
0.0,0.004837813139759728,0.00043022994502350267,-0.00043022994502350267,-0.00031384558465582754
0.0,0.011715927882596233,0.000876436915080763,-0.000876436915080763,-0.0007600525547130878
0.0,-0.0020816677921287052,-1.8660592053179758e-05,1.8660592053179758e-05,0.0001350449524208549
0.0,0.0011647735102702228,0.0001919472258115716,-0.0001919472258115716,-7.556286544389646e-05
0.0,0.0009163899374069473,0.0001758337287846795,-0.0001758337287846795,-5.9449368417004335e-05
0.0,0.002501874243978186,0.0002786895511952166,-0.0002786895511952166,-0.00016230519082754147
0.0,-0.002706123039226127,-5.917115260087862e-05,5.917115260087862e-05,0.00017555551296855377
0.0,-0.0073807894850155265,-0.0003624328498525047,0.0003624328498525047,0.00047881721022017984
0.0,0.0070010425881694704,0.0005705660827302554,-0.0005705660827302554,-0.00045418172236258024
0.0,0.0002488018529340774,0.00013252499266200698,-0.00013252499266200698,-1.6140632294331833e-05
0.0,-0.007367046509680453,-0.0003615412957547454,0.0003615412957547454,0.00047792565612242053
0.0,-0.005975035585443322,-0.0002712367573727196,0.0002712367573727196,0.00038762111774039474
0.0,0.00802787620486467,0.0006371803126448834,-0.0006371803126448834,-0.0005207959522772083
0.0,0.0011160825806737495,0.00018878847766955474,-0.00018878847766955474,-7.240411730187959e-05
0.0,0.0015028090913065117,0.00021387675708943232,-0.00021387675708943232,-9.749239672175716e-05
0.0,0.011847649793331305,0.0008849821686679416,-0.0008849821686679416,-0.0007685978083002664
0.0,-0.00019981663563317653,0.00010342156767135175,-0.00010342156767135175,1.2962792696323394e-05
0.0,-0.0011152197300303701,4.403621915598731e-05,-4.403621915598731e-05,7.234814121168783e-05
0.0,0.0025808546645145203,0.0002838132828366624,-0.0002838132828366624,-0.00016742892246898725
0.0,0.0027103813151374556,0.0002922161223467649,-0.0002922161223467649,-0.0001758317619790898
0.0,0.008503672791998707,0.0006680468744058334,-0.0006680468744058334,-0.0005516625140381582
0.0,0.0023446558536817097,0.0002684902532488523,-0.0002684902532488523,-0.00015210589288117718
0.0,-0.000393860697500914,9.083326169786054e-05,-9.083326169786054e-05,2.55510986698146e-05
0.0,0.007664386564552705,0.0006135994889577347,-0.0006135994889577347,-0.0004972151285900596
0.0,0.0025213273947457537,0.00027995154402124555,-0.00027995154402124555,-0.00016356718365357042
0.0,-0.0025259318472709014,-4.748152996451799e-05,4.748152996451799e-05,0.00016386589033219313
0.0,-0.001562130321101196,1.5043591352576348e-05,-1.5043591352576348e-05,0.0001013407690150988
0.0,-0.003065171894990004,-8.246388731423641e-05,8.246388731423641e-05,0.00019884824768191155
0.0,0.003933590015736899,0.0003715698796551329,-0.0003715698796551329,-0.00025518551928745776
0.0,0.0015724312002203256,0.000218393382855204,-0.000218393382855204,-0.00010200902248752885
0.0,0.0009073212238914774,0.00017524541013467883,-0.00017524541013467883,-5.886104976700369e-05
0.0,-0.004083652583445674,-0.00014853623403263713,0.00014853623403263713,0.00026492059440031226
0.0,0.0026755639309195,0.00028995739883049996,-0.00028995739883049996,-0.00017357303846282483
0.0,0.006195317856513505,0.0005182959469947554,-0.0005182959469947554,-0.00040191158662708027
0.0,0.005084444409779065,0.00044622976413546457,-0.00044622976413546457,-0.00032984540376778944
0.0,0.005448765178485582,0.0004698645059813714,-0.0004698645059813714,-0.00035348014561369627
0.0,0.0010166989647510949,0.0001823411205386828,-0.0001823411205386828,-6.595676017100766e-05
0.0,0.0007410719362856977,0.00016446024680572848,-0.00016446024680572848,-4.807588643805334e-05
0.0,0.010208065293514812,0.0007786166805699254,-0.0007786166805699254,-0.0006622323202022503
0.0,-0.008763028841120457,-0.0004521034729871122,0.0004521034729871122,0.0005684878333547873
0.0,0.0055170270744306915,0.0004742928900515491,-0.0004742928900515491,-0.00035790852968387395
0.0,0.0028262026252154904,0.000299729849257443,-0.000299729849257443,-0.00018334548888976785
0.0,0.006389375498743188,0.0005308851339730543,-0.0005308851339730543,-0.00041450077360537913
0.0,-0.013927543241993745,-0.0007871432925875068,0.0007871432925875068,0.0009035276529551819
0.0,-0.007816403936922511,-0.00039069265823982614,0.00039069265823982614,0.0005070770186075013
0.0,-0.007140265531926926,-0.00034682923340431513,0.00034682923340431513,0.00046321359377199026
0.0,0.01079203564940956,0.0008165008469221134,-0.0008165008469221134,-0.0007001164865544383
0.0,-0.001558102589770738,1.5304884142877673e-05,-1.5304884142877673e-05,0.00010107947622479747
0.0,-0.02314909375473495,-0.0013853770044931818,0.0013853770044931818,0.001501761364860857
0.0,-0.005142620237842288,-0.00021723510954195908,0.00021723510954195908,0.0003336194699096342
0.0,0.011090468702846357,0.0008358612259674991,-0.0008358612259674991,-0.000719476865599824
0.0,0.0008133101292933098,0.00016914658694826664,-0.00016914658694826664,-5.276222658059149e-05
0.0,-0.004960171878030217,-0.00020539905666010677,0.00020539905666010677,0.0003217834170277819
0.0,0.0157933986591674,0.0011409564743983405,-0.0011409564743983405,-0.0010245721140306654
0.0,-0.013693502993456064,-0.0007719602963631111,0.0007719602963631111,0.0008883446567307862
0.0,-0.018381860868696753,-0.001076110203753653,0.001076110203753653,0.001192494564121328
0.0,-0.02996879838863975,-0.001827794709802529,0.001827794709802529,0.0019441790701702042
0.0,0.010354085880061037,0.0007880895384568389,-0.0007880895384568389,-0.0006717051780891637
0.0,-0.007734647858502863,-0.00038538886012081557,0.00038538886012081557,0.0005017732204884907
0.0,0.023042611519136447,0.0016112378562138697,-0.0016112378562138697,-0.0014948534958461946
0.0,0.004671676849538509,0.0004194521122236979,-0.0004194521122236979,-0.00030306775185602277
0.0,4.303397765514916e-05,0.00011917612257242969,-0.00011917612257242969,-2.7917622047545406e-06
0.0,0.016847579753558328,0.0012093448292901693,-0.0012093448292901693,-0.0010929604689224942
0.0,0.0038237284285767004,0.00036444278047675867,-0.00036444278047675867,-0.00024805842010908354
0.0,0.016133247764330783,0.001163003655226424,-0.001163003655226424,-0.001046619294858749
0.0,0.001989779357261412,0.000245468193842653,-0.000245468193842653,-0.00012908383347497786
0.0,0.009722284736913167,0.0007471024243560839,-0.0007471024243560839,-0.0006307180639884088
0.0,-0.0019845553982971165,-1.2360576914332208e-05,1.2360576914332208e-05,0.00012874493728200735
0.0,0.004239676828782013,0.00039142678442189165,-0.00039142678442189165,-0.0002750424240542165
0.0,-0.008932805548120926,-0.00046311747214958286,0.00046311747214958286,0.000579501832517258
0.0,0.01148337085011919,0.0008613501401857726,-0.0008613501401857726,-0.0007449657798180975
0.0,-0.0031537266931381813,-8.820874177553827e-05,8.820874177553827e-05,0.00020459310214321341
0.0,0.0015951960865450143,0.00021987021936207044,-0.00021987021936207044,-0.00010348585899439531
0.0,-0.00597597320797616,-0.00027129758417266075,0.00027129758417266075,0.0003876819445403359
0.0,-3.937906806072977e-05,0.00011382970472437446,-0.00011382970472437446,2.5546556433006776e-06
0.0,0.010093051774424433,0.0007711553578401192,-0.0007711553578401192,-0.0006547709974724441
0.0,-0.02115107439771169,-0.0012557586138808956,0.0012557586138808956,0.0013721429742485707
0.0,-0.0016025435809103872,1.2421844132035005e-05,-1.2421844132035005e-05,0.00010396251623564014
0.0,-0.003018017615584734,-7.940482695753435e-05,7.940482695753435e-05,0.0001957891873252095
0.0,-0.01726024985928465,-0.001003347438256919,0.001003347438256919,0.001119731798624594
0.0,0.0115800702824842,0.0008676233650933371,-0.0008676233650933371,-0.0007512390047256619
0.0,0.004472672652839682,0.00040654202523654145,-0.00040654202523654145,-0.0002901576648688663
0.0,0.010665025888896507,0.0008082612867337273,-0.0008082612867337273,-0.0006918769263660521
0.0,0.007495302358939249,0.0006026304147430458,-0.0006026304147430458,-0.0004862460543753707
0.0,0.005407711405364557,0.0004672012064583692,-0.0004672012064583692,-0.0003508168460906941
0.0,0.0012566297656613212,0.00019790625716410254,-0.00019790625716410254,-8.152189679642738e-05
0.0,0.00026455008109871336,0.00013354663441063165,-0.00013354663441063165,-1.7162274042956502e-05
0.0,-0.002896455862498093,-7.151869775677754e-05,7.151869775677754e-05,0.00018790305812445269
0.0,0.01697685316676334,0.0012177312404176143,-0.0012177312404176143,-0.0011013468800499392
0.0,-0.0019410273951238066,-9.536765574337647e-06,9.536765574337647e-06,0.0001259211259420128
0.0,0.0028092730585327352,0.00029863157001431726,-0.00029863157001431726,-0.0001822472096466421
0.0,0.0025111788443470395,0.00027929317263705196,-0.00027929317263705196,-0.0001629088122693768
0.0,-0.0018612489301417234,-4.361262043730039e-06,4.361262043730039e-06,0.00012074562241140518
0.0,0.00403867571712313,0.00037838715069015425,-0.00037838715069015425,-0.0002620027903224791
0.0,-0.0012532169669905446,3.5083863564013026e-05,-3.5083863564013026e-05,8.130049680366212e-05
0.0,0.004236552581176722,0.00039122410372961075,-0.00039122410372961075,-0.0002748397433619356
0.0,-0.009324107094664358,-0.0004885025498910832,0.0004885025498910832,0.0006048869102587584
0.0,0.00013839090212397487,0.0001253622543733753,-0.0001253622543733753,-8.977894005700152e-06
0.0,-0.001681413492255035,7.305281602101567e-06,-7.305281602101567e-06,0.00010907907876557358
0.0,0.008970249395274354,0.0006983153040891362,-0.0006983153040891362,-0.000581930943721461
0.0,-0.009586022165882668,-0.0005054938817763751,0.0005054938817763751,0.0006218782421440502
0.0,0.009689347495581924,0.0007449656721782048,-0.0007449656721782048,-0.0006285813118105297
0.0,0.007113411987488272,0.0005778558723124105,-0.0005778558723124105,-0.00046147151194473533
0.0,-0.002070122839989974,-1.7911631283276276e-05,1.7911631283276276e-05,0.00013429599165095142
0.0,0.006051847587953629,0.0005089885370109256,-0.0005089885370109256,-0.00039260417664325044
0.0,0.0077076668832223305,0.0006164072321517254,-0.0006164072321517254,-0.0005000228717840503
0.0,-0.007609466332438197,-0.00037726790379181085,0.00037726790379181085,0.000493652264159486
0.0,0.004679145956573816,0.00041993665889729457,-0.00041993665889729457,-0.00030355229852961944
0.0,-0.00017116047891174713,0.00010528059115994244,-0.00010528059115994244,1.1103769207732698e-05
0.0,0.00397155273894878,0.0003740326521346322,-0.0003740326521346322,-0.0002576482917669571
0.0,-0.0018227694906369774,-1.8649684003597201e-06,1.8649684003597201e-06,0.00011824932876803486
0.0,-0.0004748538883844189,8.557895471831542e-05,-8.557895471831542e-05,3.080540564935972e-05
0.0,-0.009191323428069387,-0.00047988841654791057,0.00047988841654791057,0.0005962727769155857
0.0,0.002145772011323821,0.00025558797406191597,-0.00025558797406191597,-0.00013920361369424084
0.0,-0.00029944716993013376,9.695819209592512e-05,-9.695819209592512e-05,1.942616827175002e-05
0.0,0.0026514435020339455,0.00028839262361346626,-0.00028839262361346626,-0.0001720082632457911
0.0,0.001614127248163344,0.0002210983489558922,-0.0002210983489558922,-0.00010471398858821706
0.0,-0.003300233889343751,-9.771316770541343e-05,9.771316770541343e-05,0.00021409752807308857
0.0,-0.018614700871699585,-0.0010912153359203156,0.0010912153359203156,0.0012075996962879908
0.0,0.004092509543626166,0.0003818795362505326,-0.0003818795362505326,-0.00026549517588285746
0.0,-0.002812083478299976,-6.604517087955318e-05,6.604517087955318e-05,0.00018242953124722832
0.0,0.012265644545291332,0.0009120989264926304,-0.0009120989264926304,-0.0007957145661249553
0.0,0.025295927786425976,0.001757418235838266,-0.001757418235838266,-0.0016410338754705908
0.0,0.007431229727488331,0.0005984738026753154,-0.0005984738026753154,-0.0004820894423076402
0.0,0.0037568333092317108,0.00036010306390752957,-0.00036010306390752957,-0.00024371870353985444
0.0,0.0009690634297987444,0.00017925083947870453,-0.00017925083947870453,-6.286647911102938e-05
0.0,-0.00289265965137242,-7.127242447879126e-05,7.127242447879126e-05,0.0001876567848464664
0.0,0.00023222772482434095,0.0001314497719421304,-0.0001314497719421304,-1.5065411574455254e-05
0.0,-0.006049734794859041,-0.0002760827521176858,0.0002760827521176858,0.00039246711248536095
0.0,-0.013203489851361216,-0.0007401714577645549,0.0007401714577645549,0.00085655581813223
0.0,0.003917814394541086,0.00037054646082632,-0.00037054646082632,-0.00025416210045864487
0.0,0.003963584828470035,0.0003735157463653425,-0.0003735157463653425,-0.0002571313859976674
0.0,2.195086225209586e-05,0.00011780838833200258,-0.00011780838833200258,-1.4240279643274346e-06
0.0,0.0053404615405816536,0.0004628384763319502,-0.0004628384763319502,-0.0003464541159642751
0.0,0.003467959094991535,0.000341362799651539,-0.000341362799651539,-0.00022497843928386387
0.0,0.003020480305938378,0.0003123333108899196,-0.0003123333108899196,-0.00019594895052224445
0.0,0.005722005647630368,0.00048759055539936055,-0.00048759055539936055,-0.0003712061950316854
0.0,-0.003801238017440034,-0.00013021502938442207,0.00013021502938442207,0.0002465993897520972
0.0,0.005607785488815242,0.00048018070068045856,-0.00048018070068045856,-0.00036379634031278343
0.0,0.0024484564662998753,0.00027522415615366754,-0.00027522415615366754,-0.0001588397957859924
0.0,0.0004514491145146682,0.00014567141780335124,-0.00014567141780335124,-2.9287057435676098e-05
0.0,0.006051417924264779,0.0005089606632490136,-0.0005089606632490136,-0.00039257630288133845
0.0,-0.0018697756269248078,-4.9144182032924584e-06,4.9144182032924584e-06,0.0001212987785709676
0.0,0.0024954538421815275,0.00027827303763890805,-0.00027827303763890805,-0.00016188867727123292
0.0,-0.006144213927296471,-0.00028221193852918773,0.00028221193852918773,0.00039859629889686286
0.0,-0.002963883313944371,-7.589294854110208e-05,7.589294854110208e-05,0.00019227730890877722
0.0,0.008165786048233592,0.0006461269987138832,-0.0006461269987138832,-0.0005297426383462081
0.0,-0.005414022527810203,-0.00023484190995181145,0.00023484190995181145,0.0003512262703194866
0.0,-2.6466639124200775e-05,0.00011466737841945914,-0.00011466737841945914,1.7169819482159936e-06
0.0,0.0037993543260221863,0.00036286154857596175,-0.00036286154857596175,-0.0002464771882082866
0.0,-0.003863994965801476,-0.0001342862885630456,0.0001342862885630456,0.0002506706489307207
0.0,-0.02949284635160343,-0.0017969180634715353,0.0017969180634715353,0.0019133024238392104
0.0,-0.0008651123249070469,6.0261547113069135e-05,-6.0261547113069135e-05,5.612281325460601e-05
0.0,0.010869123768910471,0.000821501818484232,-0.000821501818484232,-0.0007051174581165568
0.0,0.007287273468533639,0.0005891348648223448,-0.0005891348648223448,-0.0004727505044546696
0.0,0.01104275925539211,0.0008327661499491995,-0.0008327661499491995,-0.0007163817895815244
0.0,-0.00040565878647391695,9.006787907050725e-05,-9.006787907050725e-05,2.6316481297167892e-05
0.0,-0.011055736101235558,-0.0006008392818553359,0.0006008392818553359,0.000717223642223011
0.0,-0.010701995701766776,-0.0005778909249675418,0.0005778909249675418,0.0006942752853352169
0.0,-0.004284800394927402,-0.00016158538468665726,0.00016158538468665726,0.0002779697450543324
0.0,-0.0022238866412221947,-2.7886818150255074e-05,2.7886818150255074e-05,0.00014427117851793022
0.0,0.01259602672149196,0.000933531955064441,-0.000933531955064441,-0.0008171475946967658
0.0,0.005538045085450305,0.0004756564007466068,-0.0004756564007466068,-0.0003592720403789317
0.0,-0.01110391288210788,-0.0006039646754004989,0.0006039646754004989,0.000720349035768174
0.0,0.001560360190925314,0.000217610294947479,-0.000217610294947479,-0.00010122593457980388
0.0,-0.01541164380306681,-0.000883422002579425,0.000883422002579425,0.0009998063629471001
0.0,0.0015754440882007614,0.00021858883926544672,-0.00021858883926544672,-0.00010220447889777156
0.0,0.0011462798112440442,0.00019074747592135404,-0.00019074747592135404,-7.436311555367888e-05
0.0,0.018312792279639112,0.0013043982074608905,-0.0013043982074608905,-0.0011880138470932154
0.0,-0.0021126894641922966,-2.067307466144411e-05,2.067307466144411e-05,0.00013705743502911925
0.0,0.009991058969353706,0.0007645387336313347,-0.0007645387336313347,-0.0006481543732636595
0.0,0.008768227105582893,0.0006852094230246859,-0.0006852094230246859,-0.0005688250626570108
0.0,0.006137941522227575,0.0005145737467651967,-0.0005145737467651967,-0.00039818938639752153
0.0,0.00531348622041139,0.0004610884944939714,-0.0004610884944939714,-0.00034470413412629626
0.0,-0.002855132319398823,-6.883789732704355e-05,6.883789732704355e-05,0.0001852222576947187
0.0,-0.014580715690809543,-0.000829516836822796,0.000829516836822796,0.0009459011971904712
0.0,0.009217869449967608,0.0007143792690651733,-0.0007143792690651733,-0.0005979949086974981
0.0,-0.004678895760321544,-0.00018715170707016705,0.00018715170707016705,0.0003035360674378422
0.0,0.005275414405311762,0.0004586186448483432,-0.0004586186448483432,-0.0003422342844806681
0.0,-0.005046825754019935,-0.0002110205917601659,0.0002110205917601659,0.00032740495212784103
0.0,-0.007608597684666707,-0.0003772115516219714,0.0003772115516219714,0.0004935959119896466
0.0,0.007224881828679752,0.0005850873044635849,-0.0005850873044635849,-0.0004687029440959097
0.0,0.003908672930614365,0.0003699534226068169,-0.0003699534226068169,-0.0002535690622391418
0.0,0.003644298722618622,0.0003528025580572063,-0.0003528025580572063,-0.00023641819768953115
0.0,-0.009464770111542897,-0.0004976278437989604,0.0004976278437989604,0.0006140122041666356
0.0,0.006712541085862833,0.0005518499975798463,-0.0005518499975798463,-0.0004354656372121711
0.0,0.00033958278885926063,0.00013841426434075093,-0.00013841426434075093,-2.202990397307579e-05
0.0,-0.0027238667143857365,-6.032224586213825e-05,6.032224586213825e-05,0.0001767066062298134
0.0,0.010426292122230674,0.0007927738058385789,-0.0007927738058385789,-0.0006763894454709038
0.0,-7.194380749464546e-05,0.00011171711802630503,-0.00011171711802630503,4.667242341370117e-06
0.0,0.0024449877750611915,0.00027499913021770316,-0.00027499913021770316,-0.000158614769850028
0.0,0.0023769693899173827,0.00027058654353109455,-0.00027058654353109455,-0.0001542021831634194
0.0,-0.0043341850761716705,-0.000164789138885175,0.000164789138885175,0.0002811734992528501
0.0,-0.01706412670256352,-0.000990624254246396,0.000990624254246396,0.001107008614614071
0.0,-0.00496910650440241,-0.00020597867661574677,0.00020597867661574677,0.0003223630369834219
0.0,-0.004679730915472358,-0.0001872058864584595,0.0001872058864584595,0.00030359024682613463
0.0,0.00013602428004699796,0.00012520872345600606,-0.00012520872345600606,-8.824363088330927e-06
0.0,-0.015864553655509872,-0.0009128038231107233,0.0009128038231107233,0.0010291881834783984
0.0,0.01585414463498891,0.0011448972748688063,-0.0011448972748688063,-0.0010285129145011312
0.0,-0.0175967394669998,-0.0010251766769259463,0.0010251766769259463,0.0011415610372936215
0.0,-0.012234826602200433,-0.000677330939748479,0.000677330939748479,0.0007937153001161541
0.0,0.011159277893187936,0.0008403251149083437,-0.0008403251149083437,-0.0007239407545406686
0.0,-0.017819007085749905,-0.0010395959421479492,0.0010395959421479492,0.0011559803025156243
0.0,0.00552061780274804,0.00047452583295272004,-0.00047452583295272004,-0.0003581414725850449
0.0,-0.0269730913054258,-0.0016334528834798239,0.0016334528834798239,0.001749837243847499
0.0,-0.007567865323653167,-0.00037456910320831857,0.00037456910320831857,0.0004909534635759937
0.0,0.004886869929446425,0.00043341242776844885,-0.00043341242776844885,-0.0003170280674007737
0.0,-0.013890984206835322,-0.0007847715821819415,0.0007847715821819415,0.0009011559425496166
0.0,0.021265869083087807,0.00149597446085003,-0.00149597446085003,-0.0013795901004823548
0.0,0.006416130719105961,0.0005326208371791866,-0.0005326208371791866,-0.00041623647681151145
0.0,-0.010653512117636543,-0.0005747456280393685,0.0005747456280393685,0.0006911299884070437
0.0,0.010798495567894584,0.000816919924061968,-0.000816919924061968,-0.0007005355636942929
0.0,-0.0021848931523151816,-2.535717635338324e-05,2.535717635338324e-05,0.00014174153672105838
0.0,0.0008246534476661349,0.0001698824670419805,-0.0001698824670419805,-5.349810667430534e-05
0.0,0.017646000146633645,0.001261141107448673,-0.001261141107448673,-0.0011447567470809978
0.0,0.0015743334544251475,0.00021851678863087768,-0.00021851678863087768,-0.00010213242826320253
0.0,-0.011156934922627149,-0.0006074043976108613,0.0006074043976108613,0.0007237887579785364
0.0,-0.003306980860763864,-9.815086695687867e-05,9.815086695687867e-05,0.0002145352273245538
0.0,-0.01973722070834405,-0.0011640370601667678,0.0011640370601667678,0.001280421420534443
0.0,0.005538521570653376,0.00047568731198125303,-0.00047568731198125303,-0.0003593029516135779
0.0,0.0037812354559083605,0.0003616861151270256,-0.0003616861151270256,-0.00024530175475935047
0.0,0.006728194715792668,0.0005528655024154793,-0.0005528655024154793,-0.00043648114204780414
0.0,-0.04839563335990149,-0.003023206898707228,0.003023206898707228,0.003139591259074903
0.0,-0.05974960534553109,-0.003759778128941388,0.003759778128941388,0.003876162489309063
0.0,-0.0023314724921273955,-3.486628248725806e-05,3.486628248725806e-05,0.0001512506428549332
0.0,-0.015700524562941354,-0.0009021626914732395,0.0009021626914732395,0.0010185470518409147
0.0,0.09515387644904849,0.006289343737608771,-0.006289343737608771,-0.0061729593772410956
0.0,-0.03460757958472693,-0.0021287284074295414,0.0021287284074295414,0.0022451127677972165
0.0,0.018092095201708958,0.0012900808286259026,-0.0012900808286259026,-0.0011736964682582274
0.0,0.007944712390868913,0.0006317851898752174,-0.0006317851898752174,-0.0005154008295075422
0.0,-0.0017277808903947145,4.297268940653469e-06,-4.297268940653469e-06,0.00011208709142702167
0.0,-0.0224083715440897,-0.001337323805960784,0.001337323805960784,0.0014537081663284592
0.0,0.0013268380955802073,0.00020246091310358272,-0.00020246091310358272,-8.607655273590759e-05
0.0,-0.023567493023827546,-0.0014125200047361507,0.0014125200047361507,0.0015289043651038258
0.0,0.025117204723895226,0.0017458238558093115,-0.0017458238558093115,-0.0016294394954416364
0.0,0.01666113847096007,0.001197249741768054,-0.001197249741768054,-0.0010808653814003788
0.0,0.020259113708281262,0.0014306627755733122,-0.0014306627755733122,-0.0013142784152056371
0.0,0.007373133469998461,0.0005947048985503558,-0.0005947048985503558,-0.00047832053818268067
0.0,0.0006407067039131409,0.00015794920883813814,-0.00015794920883813814,-4.156484847046299e-05
0.0,0.005802410694099036,0.0004928067074269875,-0.0004928067074269875,-0.00037642234705931234
0.0,0.00147999135976562,0.0002123964923315573,-0.0002123964923315573,-9.601213196388218e-05
0.0,0.006299102138585644,0.0005250287904808586,-0.0005250287904808586,-0.00040864443011318346
0.0,0.01472657412963474,0.0010717478963644677,-0.0010717478963644677,-0.0009553635359967926
0.0,-0.006381597588933863,-0.000297611833465607,0.000297611833465607,0.00041399619383328213
0.0,-0.007693239651855532,-0.0003827025672754027,0.0003827025672754027,0.0004990869276430778
0.0,0.00434635623313584,0.00039834744445214345,-0.00039834744445214345,-0.0002819630840844683
0.0,0.005799775094835535,0.0004926357270340133,-0.0004926357270340133,-0.00037625136666633816
0.0,-0.0007114809122162891,7.022814547983166e-05,-7.022814547983166e-05,4.615621488784348e-05
0.0,0.032558782749008364,0.002228584627791006,-0.002228584627791006,-0.0021122002674233307
0.0,0.0072482009835321826,0.0005866000982770112,-0.0005866000982770112,-0.00047021573790933597
0.0,0.001024415597859818,0.0001828417250803667,-0.0001828417250803667,-6.645736471269156e-05
0.0,0.004132332074135769,0.00038446296082878775,-0.00038446296082878775,-0.0002680786004611126
0.0,0.007005272294898557,0.0005708404783596366,-0.0005708404783596366,-0.0004544561179919614
0.0,0.0008761131291423752,0.00017322083364534942,-0.00017322083364534942,-5.6836473277674276e-05
0.0,-0.0038802294486252054,-0.00013533947532454405,0.00013533947532454405,0.0002517238356922192
0.0,-0.01613513066101424,-0.0009303570844777299,0.0009303570844777299,0.001046741444845405
0.0,-0.00044487103794299543,8.752404539350098e-05,-8.752404539350098e-05,2.886031497417417e-05
0.0,-0.006708297825321674,-0.0003188060019326888,0.0003188060019326888,0.00043519036230036393
0.0,0.0204590558452733,0.0014436337099746187,-0.0014436337099746187,-0.0013272493496069436
0.0,-0.005571225417268844,-0.000245040202305489,0.000245040202305489,0.00036142456267316414
0.0,0.004011194261904327,0.0003766043341300325,-0.0003766043341300325,-0.0002602199737623574
0.0,-8.118516130162234e-05,0.00011111759960656175,-0.00011111759960656175,5.266760761113395e-06
0.0,0.0041020419271569075,0.00038249793476985156,-0.00038249793476985156,-0.00026611357440217644
0.0,0.005800290454605506,0.0004926691601955766,-0.0004926691601955766,-0.0003762847998279014
0.0,7.36874595066439e-05,0.00012116471941474117,-0.00012116471941474117,-4.780359047066018e-06
0.0,-0.005277383403094138,-0.00022597765977419842,0.00022597765977419842,0.00034236202014187355
0.0,0.010280683010067904,0.0007833276417107494,-0.0007833276417107494,-0.0006669432813430743
0.0,0.0009199480792858594,0.0001760645576914634,-0.0001760645576914634,-5.968019732378825e-05
0.0,0.00548298940767844,0.00047208474949018975,-0.00047208474949018975,-0.0003557003891225146
0.0,-0.002743888954607865,-6.16211574792466e-05,6.16211574792466e-05,0.00017800551784692174
0.0,0.0038224199557175265,0.00036435789534010083,-0.00036435789534010083,-0.0002479735349724257
0.0,-0.011296379879250695,-0.0006164506717588118,0.0006164506717588118,0.000732835032126487
0.0,0.009392659896159117,0.0007257185267405847,-0.0007257185267405847,-0.0006093341663729096
0.0,-0.008352184790166306,-0.00042545060574129747,0.00042545060574129747,0.0005418349661089726
0.0,-0.0003092402101070313,9.632288388308476e-05,-9.632288388308476e-05,2.006147648459039e-05
0.0,-0.002178658486505891,-2.495271212966836e-05,2.495271212966836e-05,0.0001413370724973435
0.0,0.009606504133156335,0.0007395913382045274,-0.0007395913382045274,-0.0006232069778368522
0.0,0.01112172017970181,0.0008378886168033396,-0.0008378886168033396,-0.0007215042564356645
0.0,-3.2861029504172024e-06,0.00011617117956223293,-0.00011617117956223293,2.1318080544221847e-07
0.0,0.008020121275230219,0.0006366772236758022,-0.0006366772236758022,-0.000520292863308127
0.0,0.005218970885222163,0.00045495695948539154,-0.00045495695948539154,-0.0003385725991177164
0.0,0.005164427424532603,0.0004514185375135753,-0.0004514185375135753,-0.00033503417714590017
