nasdaq_Close,SPX_Close,Prediction,Residual,Excess
-0.00600036122954839,0.0031156756258232665,0.0006204866781287065,-0.006620847907677097,-0.005953206464200561
-0.005365392442351236,0.0005455206301101523,0.0006593851612461135,-0.0060247776035973494,-0.0053571361601208135
-0.000674381412424041,0.00400120187417663,0.0006070845183838476,-0.0012814659308078885,-0.0006138244873313529
0.0020244378673504038,0.0028817272914287706,0.0006240274121898696,0.0014004104551605342,0.00206805189863707
0.006060542779130262,0.0017467554316374923,0.0006412048523833446,0.005419337926746918,0.006086979370223454
-0.00401606996674031,-0.009381166148364262,0.0008096224265893808,-0.00482569239332969,-0.004158050949853155
-0.00470402230021183,0.008325925658531075,0.0005416311914857613,-0.005245653491697591,-0.004578012048221055
0.012829112489852967,0.0024264254383745687,0.0006309182617588229,0.012198194228094145,0.01286583567157068
-0.016666828330223815,-0.010823130159869354,0.0008314460959209949,-0.01749827442614481,-0.016830632982668275
0.0,0.012499626599363545,0.0004784635475674489,-0.0004784635475674489,0.00018917789590908686
0.010847256461981258,-0.010597829662970737,0.0008280362441456849,0.010019220217835573,0.01068686166131211
-0.0020119331296849507,-0.01894490338978838,0.0009543665654624662,-0.002966299695147417,-0.002298658251670881
-0.0006722580877236428,-0.022140988764300484,0.0010027383069292706,-0.0016749963946529134,-0.0010073549511763777
-0.01546705229963885,0.004598098012701168,0.0005980506840797029,-0.016065102983718552,-0.015397461540242017
-0.002049183003620003,-0.004203199573680982,0.0007312555398748575,-0.0027804385434948608,-0.002112797100018325
-0.0006844635923667353,0.004880152210944955,0.0005937818829813724,-0.0012782454753481076,-0.000610604031871572
-0.017123310091507138,-0.011817740959567224,0.0008464992158553838,-0.01796980930736252,-0.017302167863885987
-0.018118195001133097,-0.009829173828039273,0.0008164028811508271,-0.018934597882283924,-0.018266956438807387
0.02129141720929839,0.014266108894671836,0.0004517283966306927,0.0208396888126677,0.021507330256144236
-0.024322552257239116,0.01297294837718499,0.0004712999721354621,-0.02479385222937458,-0.024126210785898043
-0.007834617809546085,-0.00547431142933863,0.000750493415855141,-0.008585111225401227,-0.00791746978192469
0.03086813518666731,-0.031140677888039425,0.0011389457559063077,0.029729189430761003,0.03039683087423754
-0.031336363405079615,0.002897118921960873,0.0006237944647289572,-0.031960157869808575,-0.03129251642633204
0.015815747597926366,-0.00886329049344714,0.0008017845423165217,0.015013963055609845,0.01568160449908638
-0.016985234867650356,0.013040132316577413,0.00047028316445788,-0.017455518032108236,-0.0167878765886317
-0.0014398867908890223,-0.0022325735201887964,0.0007014307377129864,-0.0021413175286020087,-0.001473676085125473
-0.06272569914763992,0.009680437561949251,0.0005211310821556545,-0.06324683022979558,-0.06257918878631905
0.04230776834609706,-0.002744592819371894,0.0007091799878937267,0.041598588358203334,0.04226622980167987
-0.0036897297505741333,0.01800074864554846,0.00039520580498101493,-0.004084935555555148,-0.0034172941120786124
-0.014814993129887322,0.0042379594555796984,0.000603501267257559,-0.01541849439714488,-0.014750852953668346
-0.04511197563573699,0.006584742448973557,0.0005679834487598381,-0.045679959084496825,-0.04501231764102029
0.005511313428794518,0.002186622042297248,0.0006345476103270489,0.004876765818467469,0.005544407261944004
0.018794071996538264,-0.0010458578339902491,0.0006834701710694372,0.018110601825468826,0.018778243268945363
-0.01998473331172279,-0.012102809596931441,0.0008508136395365665,-0.020835546951259356,-0.020167905507782823
-0.018039156431814307,0.00972045942422195,0.0005205253639259998,-0.01855968179574031,-0.01789204035226377
0.0071883378968389255,-0.002081040179913507,0.000699137328526282,0.006489200568312644,0.007156842011789179
0.011895422425576063,0.0014053791778985136,0.0006463714740325829,0.01124905095154348,0.011916692395020016
0.02194351965908714,0.01015850827289455,0.0005138956331225612,0.02142962402596458,0.022097265469441116
0.016104235332041528,0.0023304422719907514,0.0006323709366299352,0.015471864395411592,0.016139505838888128
-0.01132061074453694,0.00042920160206150193,0.0006611456129528513,-0.011981756357489793,-0.011314114914013256
-0.06488533713651246,0.0037361180334851696,0.0006110964784870449,-0.0654964336149995,-0.06482879217152296
0.003264876323703536,0.014007480947064943,0.0004556426488335584,0.0028092336748699776,0.0034768751183465135
-0.023596370142839884,-0.00017559601339156572,0.0006702990336116788,-0.024266669176451563,-0.023599027732975026
0.07416668975093166,0.0017127370855292146,0.0006417197092943021,0.07352497004163736,0.07419261148511389
0.000775961123177682,0.00452455995494172,0.0005991636593294501,0.00017679746384823187,0.0008444389073247676
-0.004651498226997064,0.004041519314613495,0.0006064743266721469,-0.005257972553669211,-0.004590331110192675
0.0,-0.00021734594703937127,0.0006709309056551395,-0.0006709309056551395,-3.2894621786037734e-06
0.018691867841884813,0.000452194832708086,0.0006607976176780089,0.018031070224206802,0.01869871166768334
0.025229717400240936,0.0077791163013856135,0.0005499069781923374,0.024679810422048597,0.025347451865525134
-0.013423307789603434,0.005821675803744153,0.0005795322211359869,-0.01400284001073942,-0.013335198567262885
0.029478262188849413,-0.0003258460273372066,0.0006725730200602015,0.02880568916878921,0.029473330612265747
-0.03671023667850071,-0.005086446449439896,0.0007446232020362899,-0.037454859880537,-0.03678721843706046
0.02820109186040831,0.005095296193887933,0.0005905257468330553,0.027610566113575256,0.028278207557051793
0.005930484144949455,0.007170966908320198,0.000559111126945418,0.005371373018004037,0.006039014461480573
0.01509403602286108,-0.005493304207041971,0.0007507808655397236,0.014343255157321357,0.015010896600797892
-0.007434719820057389,-0.001704167338318907,0.0006934334772446945,-0.008128153297302085,-0.007460511853825548
-0.06591755586677883,0.000737722599547963,0.0006564762452173996,-0.06657403211199624,-0.0659063906685197
0.028869271749456527,0.005683234964352302,0.0005816274794619733,0.02828764426999455,0.02895528571347109
-0.024941414304042953,4.265937281555665e-05,0.0006669958073588568,-0.02560841011140181,-0.024940768667925273
0.034372254978847216,-0.00327287474868454,0.0007171753678388562,0.03365507961100836,0.034322721054484896
-0.04095820427854202,0.0074138011482498545,0.00055543590751391,-0.04151364018605593,-0.040845998742579395
0.019338955304684324,0.00792799084446738,0.0005476538090603836,0.01879130149562394,0.019458942939100478
0.016601183927487106,0.0016842957106795176,0.0006421501605088289,0.015959033766978277,0.016626675210454814
-0.04199080668682298,-0.005876707172041695,0.0007565835481740709,-0.04274739023499705,-0.042079748791520516
-0.08035698353458476,0.003374341747336196,0.0006165718481758443,-0.0809735553827606,-0.08030591393928407
0.015886833255750465,0.00668390656297202,0.0005664826312524677,0.015320350624497998,0.015987992067974535
0.06429182457479121,0.0017666094762833762,0.0006409043676959392,0.06365092020709527,0.06431856165057181
0.061224203017737455,0.0006854008197059169,0.0006572681188099468,0.06056693489892751,0.06123457634240404
-0.02461526852273288,0.011150066851666862,0.0004988887075866974,-0.025114157230319577,-0.02444651578684304
-0.049684494021378645,0.0008425387276917995,0.0006548898862632371,-0.05033938390764188,-0.04967174246416534
0.044813440908425095,-0.016126534744455467,0.0009117114472489851,0.04390172946117611,0.04456937090465265
-0.06830811979641593,0.004521331252766547,0.0005992125247158807,-0.06890733232113182,-0.06823969087765527
0.09377670907113878,0.008058340784849571,0.0005456810039323782,0.0932310280672064,0.09389866951068293
0.031956179499750714,-0.0010189969053922,0.0006830636394091552,0.03127311586034156,0.031940757303818096
-0.00981864528337617,0.002263879356942944,0.0006333783453004438,-0.010452023628676614,-0.009784382185200079
-0.01601836600517237,0.0071235200993795544,0.0005598292193949515,-0.01657819522456732,-0.015910553781090783
0.013953483511543796,-0.004296448099761374,0.0007326668268297342,0.013220816684714061,0.013888458128190598
0.0045870486810342115,-0.023381945257149872,0.0010215197910292773,0.0035655288900049344,0.0042331703334814695
0.0007611619727423413,0.006462752419523099,0.0005698297292794898,0.00019133224346285155,0.0008589736869393873
-0.011407168532664547,0.012943228020842135,0.0004717497803304442,-0.011878918312994991,-0.011211276869518455
-0.0007685615797701217,-0.016647680109796337,0.0009195988175551492,-0.001688160397325271,-0.0010205189538487352
-0.04080125676441282,0.013120586781854904,0.00046906551156747594,-0.04127032227598029,-0.040602680832503756
0.04333868218507786,-0.02383846584506677,0.0010284290857649854,0.042310253099312876,0.042977894542789406
-0.08384627938820743,-0.006586554728659322,0.0007673268664731925,-0.08461360625468063,-0.08394596481120409
0.01091536772084245,-0.032353496411350324,0.001157301380735229,0.009758066340107221,0.010425707783583756
-0.007474350468677837,-0.015308264998017185,0.0008993271933925429,-0.00837367766207038,-0.007706036218593845
0.04100371238488765,0.04397412445198401,2.106975535369807e-06,0.04100160540935228,0.041669246852828815
-0.044212087313006077,-0.003397292018489928,0.00071905838387373,-0.04493114569687981,-0.04426350425340327
0.0050465746758130425,0.013739523915341278,0.00045969809377445833,0.004586876582038584,0.00525451802551512
0.08033437410159228,-0.012145144968583543,0.0008514543719990931,0.07948291972959318,0.08015056117306972
0.0030979256316316928,-0.018800014512092122,0.000952173718115762,0.002145751913515931,0.0028133933569924664
0.003861008189417925,0.0011093685155389998,0.0006508515018019467,0.003210156687615978,0.003877798131092514
-0.05461525416455082,-0.014195906037184347,0.0008824919922740799,-0.0554977461568249,-0.054830104713348364
0.02847838125194757,-0.005130263873571406,0.000745286364894433,0.02773309488705314,0.028400736330529672
0.012658372196145073,-0.03897590341661106,0.0012575294166009255,0.011400842779544148,0.012068484223020684
-0.06250005569714556,0.015024380686144978,0.0004402521928499008,-0.06294030788999547,-0.06227266644651893
0.023333251815211398,-0.012908014000787449,0.0008630001535645908,0.022470251661646807,0.023137893105123344
0.026872806076430722,0.00035393738571354305,0.0006622847130669841,0.02621052136336374,0.026878162806840272
-0.054717917211505984,-0.0056609945338124135,0.0007533188056078177,-0.055471236017113804,-0.05480359457363727
0.030200890375458034,0.032876173067238,0.00017007096031348209,0.03003081941514455,0.030698460858621088
0.052931819511820466,-0.01237468831159061,0.0008549284379085679,0.0520768910739119,0.052744532517388434
-0.05645788010592112,-0.01716532127985071,0.00092743315297376,-0.05738531325889488,-0.05671767181541835
0.002459001483900769,0.025842707133391096,0.0002765202430769487,0.00218248124082382,0.002850122684300356
-0.001635171768922583,0.004051376711240895,0.000606325138091329,-0.002241496907013912,-0.0015738554635373763
-0.008190098961466385,-0.034411425771964765,0.0011884474908430618,-0.009378546452309447,-0.008710905008832912
-0.0033031778669014855,-0.01353207320412908,0.0008724450922651502,-0.004175622959166635,-0.0035079815156901
-0.004142248173536922,0.010976067492112662,0.000501522132870911,-0.004643770306407833,-0.003976128862931297
-0.0008321716202560614,-0.005941674758709992,0.0007575668120540356,-0.0015897384323100968,-0.0009220969888335612
-0.0008326920206017663,0.029506792849203878,0.00022106546443713746,-0.0010537574850389038,-0.000386116041562368
0.0033331982379296576,0.004379678623643857,0.0006013563924638009,0.0027318418454658567,0.0033994832889423926
0.02159501788058038,-0.0018046635646612463,0.0006949544558511446,0.020900063424729234,0.02156770486820577
-0.02032538728863853,0.023494191121040897,0.000312064290268553,-0.020637451578907083,-0.019969810135430546
0.037344691860424106,-0.0005559347650669899,0.0006760553403463383,0.03666863652007777,0.03733627796355431
-0.01520004327107416,0.0012830081640498037,0.000648223520630626,-0.015848266791704785,-0.01518062534822825
0.03336116863449856,0.0013171307943036226,0.0006477070854121027,0.032713461549086456,0.03338110299256299
-0.0024214464637295485,-0.003856841152281021,0.0007260135146935473,-0.003147459978423096,-0.00247981853494656
-0.013754291780961658,-0.016070691127224812,0.000910866271761248,-0.014665158052722907,-0.01399751660924637
0.022970035366559838,-0.0029854738442266493,0.0007128256460327279,0.02225720972052711,0.022924851164003647
-0.02405798552338223,-0.01680350261882635,0.0009219571419546214,-0.024979942665336853,-0.024312301221860316
0.05998392594114743,0.002859362131449217,0.000624365901813777,0.05935956003933365,0.06002720148281019
-0.0062013838409494815,-0.00203393834902843,0.0006984244572105294,-0.006899808298160011,-0.006232166854683475
-0.01950123786869773,-0.03101701864061035,0.0011370742123003952,-0.020638312080998124,-0.01997067063752159
0.0334129647281749,-0.0101129704925228,0.0008206980539246878,0.03259226667425021,0.03325990811772675
0.0007696858089498715,-0.0032404516759250157,0.0007166846548855696,5.30011540643019e-05,0.0007206425975408376
-0.0007690938483291276,-0.004662369010297374,0.0007382049240980048,-0.0015072987724271325,-0.0008396573289505967
-0.05542701972740727,0.00535903441522545,0.0005865341522532639,-0.05601355387966053,-0.055345912436183996
0.08801974607021257,0.03133081639370272,0.00019345944488976185,0.08782628662532281,0.08849392806879934
0.009737602160767578,0.00941267817151159,0.0005251835358581897,0.009212418624909388,0.009880060068385923
0.0029669797437958945,0.007203887818266752,0.0005586128793837333,0.002408366864412161,0.003076008307888697
-0.03550269202582135,0.0007329020475055348,0.0006565492027481913,-0.03615924122856954,-0.035491599785093
0.016104445053935157,0.015378879091830777,0.00043488697158047666,0.01566955808235468,0.016337199525831216
-0.03471757283503507,-0.0001551316306374062,0.0006699893116500077,-0.03538756214668508,-0.03471992070320854
-0.011727722941163088,0.0011961033180916125,0.0006495387979928723,-0.012377261739155961,-0.011709620295679424
0.026107423806967844,-0.028819473359129044,0.0011038150593800397,0.025003608747587804,0.02567125019106434
-0.00925187710950448,0.005981890060832162,0.0005771074290184295,-0.00982898453852291,-0.009161343095046374
0.007003980356031114,0.011416551196032687,0.0004948555513032604,0.006509124804727854,0.0071767662482043896
0.025502459179923775,-0.012819816608358736,0.0008616653139202464,0.02464079386600353,0.025308435309480064
0.016578533853085498,0.022513373250030444,0.00032690865858890227,0.016251625194496595,0.01691926663797313
0.005189228106437183,0.008220020548377116,0.0005432340318382856,0.004645994074598897,0.005313635518075433
0.0,0.011200166146517754,0.00049813047060169,-0.00049813047060169,0.00016951097287484573
-0.005162439032710853,-0.0010493573466290318,0.000683523135086598,-0.005845962167797451,-0.005178320724320915
-0.005930011607405139,-0.006921964711350426,0.0007724031904967946,-0.006702414797901934,-0.006034773354425398
-0.00596576301127516,-0.004158621107493432,0.0007305808588858554,-0.006696343870161016,-0.00602870242668448
0.006001566937319458,6.349921218862242e-05,0.0006666804029799868,0.005334886534339471,0.006002527977816007
0.011185570275410894,0.022022522061804883,0.0003343375361041486,0.010851232739306747,0.011518874182783282
-0.0022122929778747302,-0.004796355216742376,0.0007402327629629992,-0.0029525257408377294,-0.0022848842973611934
0.03991120756634792,0.006051112519185553,0.0005760597690010002,0.03933514779734692,0.040002789240823455
-0.0007109642984510778,-0.001268524584838171,0.0006868401619311216,-0.0013978044603821993,-0.0007301630169056636
-0.009246022692333988,-0.003704038628435491,0.0007237008968148527,-0.00996972358914884,-0.009302082145672306
0.005025245865956318,0.005483064382283187,0.0005846569979230016,0.004440588868033317,0.005108230311509852
0.002143196737337094,-0.0059674054882985494,0.000757956238509704,0.0013852404988273902,0.0020528819423039258
-0.0591593976348479,-0.028178764954173263,0.0010941181402779143,-0.06025351577512581,-0.059585874331649274
0.015909395411602523,-0.0053787488495717906,0.0007490471064294774,0.015160348305173045,0.01582798974864958
0.019388447341768256,-0.004023574358396065,0.0007285369690431858,0.01865991037272507,0.019327551816201605
-0.00804686092700746,0.00012045854325926086,0.0006658183415160963,-0.008712679268523557,-0.00804503782504702
-0.01327420478007535,0.012192216013040102,0.00048311610958108603,-0.013757320889656435,-0.0130896794461799
0.030642719512954608,0.0014827787168125717,0.0006452000564866507,0.029997519456467957,0.030665160899944494
-0.00580144253826731,-0.016935392189468268,0.000923953248899741,-0.006725395787167051,-0.006057754343690515
0.005835295670795215,-0.0036630286052607985,0.0007230802230824257,0.005112215447712789,0.005779856891189325
-0.01595360076454122,-0.004040306703826824,0.000728790207800124,-0.016682390972341345,-0.016014749528864808
0.0,-0.014512432962598854,0.0008872825271970621,-0.0008872825271970621,-0.00021964108372052638
-0.002947674040826187,0.0032893427453595248,0.0006178582811921025,-0.0035655323220182894,-0.002897890878541754
0.056171232398130044,-0.007684786454732473,0.0007839482563609274,0.05538728414176912,0.056054925585245656
-0.034989278841372595,0.01658676839931239,0.0004166059488743991,-0.03540588479024699,-0.03473824334677046
-0.010877485029834877,-0.01471920868888299,0.0008904120124270847,-0.01176789704226196,-0.011100255598785426
0.021994063671726627,0.000390794428747121,0.000661726893375724,0.0213323367783509,0.021999978221827438
0.018651154143275228,0.029504621333996228,0.00022109832963312166,0.018430055813642106,0.019097697257118643
0.0007043133609780927,0.009080835857702363,0.0005302058643414444,0.00017410749663664832,0.000841748940113184
-0.002814630906209703,0.013219002387319545,0.0004675760225000691,-0.003282206928709772,-0.0026145654852332365
0.014819536649715026,-0.011471189788493708,0.0008412542734687165,0.01397828237624631,0.014645923819722845
-0.008344773357579549,0.006438699367075529,0.0005701937646221499,-0.0089149671222017,-0.008247325678725163
-0.005610090825589831,0.0048322900955937165,0.0005945062609621007,-0.0062045970865519315,-0.0055369556430753955
0.004231341745254413,0.004863332840635781,0.0005940364388323261,0.0036373053064220873,0.004304946749898623
-0.0035111070981289627,0.011130616053760978,0.0004991830892622089,-0.004010290187391172,-0.0033426487439146358
-0.004228359153929717,-0.0007131195389205036,0.0006784342821931345,-0.004906793436122852,-0.004239151992646316
-0.01627709656620757,0.00354113887216001,0.0006140474264367613,-0.016891143992644332,-0.0162235025491678
0.007193904810956164,-0.00036434366656679096,0.0006731556696560935,0.006520749141300071,0.007188390584776607
-0.03571441454375457,0.0008268557718451586,0.000655127242840661,-0.03636954178659523,-0.035701900343118695
0.018518438160022077,0.015209797205957498,0.0004374459724555489,0.01808099218756653,0.018748633631043066
-0.0007269963715557104,-0.002564020390809607,0.0007064470812886327,-0.0014334434528443431,-0.0007658020093678074
0.01455601882171198,-0.004825492514895946,0.0007406737467566629,0.013815345074955318,0.014482986518431853
0.011764666671400414,-0.008331340584428193,0.0007937336486584378,0.010970933022741977,0.011638574466218512
0.009447482168123633,0.021194392772258208,0.0003468710110277198,0.009100611157095914,0.00976825260057245
-0.00935906259118302,-0.005667432349210744,0.0007534162399080846,-0.010112478831091105,-0.00944483738761457
-0.017441874621080267,0.004850385958537151,0.0005942323857987841,-0.018036107006879052,-0.017368465563402515
-0.0007396243236114097,-0.0025877588476783675,0.00070680635532669,-0.0014464306789380996,-0.000778789235461564
0.014063336618204136,-0.003083722237648967,0.0007143126043987505,0.013349024013805387,0.014016665457281922
-0.05182446502747873,0.004416438203773465,0.0006008000478427724,-0.0524252650753215,-0.05175762363184496
0.02078562373901205,-0.008034932488803492,0.0007892476058622828,0.019996376133149765,0.020664017576626302
-0.006033531426516192,0.02086134059079603,0.0003519116504753138,-0.006385443076991506,-0.00571780163351497
-0.007587564041823036,-0.0006720045633211713,0.000677812020038949,-0.008265376061861986,-0.00759773461838545
0.03516812476043296,-0.0016465185803191673,0.0006925609815222448,0.034475563778910714,0.03514320522238725
-0.005169578536053154,0.00612227817348443,0.0005749826993274197,-0.005744561235380574,-0.005076919791904038
0.03414995956762312,0.00014583690635494584,0.000665434248015871,0.03348452531960725,0.03415216676308379
-0.025125916427045647,0.003818756605307172,0.0006098457698347549,-0.025735762196880403,-0.025068120753403866
0.0316642799896818,0.007121020299379444,0.0005598670530774584,0.03110441293660434,0.03177205438008088
-0.004996292660255031,-0.0036413861990395313,0.0007227526721080984,-0.005719045332363129,-0.005051403888886593
-0.015781624358348845,0.002027485447987365,0.0006369560923592414,-0.016418580450708087,-0.01575093900723155
-0.016035467651403623,0.007243744595420987,0.0005580096596651428,-0.016593477311068767,-0.01592583586759223
0.0014817324649554209,-0.015877250249970554,0.0009079386052545037,0.0005737938597009172,0.001241435303177453
0.011834280712794465,0.01052407519882892,0.0005083628932992981,0.011325917819495167,0.011993559262971703
-0.01681261291358671,0.0017739084702186325,0.0006407938997308406,-0.01745340681331755,-0.016785765369841017
0.01561309017422241,0.0023892585241640507,0.0006314807712523575,0.014981609402970053,0.01564925084644659
0.01171277673652349,0.002146971596890701,0.0006351477072798852,0.011077629029243604,0.01174527047272014
-0.032561176984714946,1.688528477283846e-05,0.0006673858900310181,-0.033228562874745966,-0.03256092143126943
0.011967272136321094,-0.002690583513671685,0.000708362574130951,0.011258909562190143,0.01192655100566668
-0.0014783735342078774,0.0011248494058304637,0.0006506172034228025,-0.00212899073763068,-0.0014613492941541442
-0.0014806352961135305,-0.0004392872986367369,0.0006742899178285548,-0.002154925213942085,-0.0014872837704655497
-0.004447762024790136,0.0009465333975153811,0.0006533159598209875,-0.005101077984611123,-0.0044334365411345875
0.005212214034618912,0.007759284493458862,0.0005502071263340305,0.004662006908284881,0.005329648351761417
-0.00962936323678687,0.003678053944041082,0.0006119752601195673,-0.010241338496906437,-0.009573697053429902
0.02094248670886567,0.01928286287479275,0.0003758014115557037,0.020566685297309966,0.021234326740786503
-0.0021981737759961817,0.00392275298702649,0.0006082718174835046,-0.0028064455934796863,-0.0021388041500031508
0.010279296174970254,-0.0021209574072836856,0.0006997414631397752,0.009579554711830479,0.010247196155307014
0.014534907452987467,-0.008052299681943542,0.0007895104528385476,0.013745397000148919,0.014413038443625455
-0.028653553002455534,0.004376080778473401,0.0006014108447127335,-0.029254963847168268,-0.02858732240369173
-0.0058995416707815496,-0.004242126544221403,0.0007318446872643745,-0.006631386358045924,-0.005963744914569388
0.004450841509267001,-0.011808492232419865,0.000846359239294671,0.0036044822699723296,0.004272123713448865
-0.003692732839173818,-0.0012174356326716262,0.0006860669467955943,-0.004378799785969412,-0.0037111583424928765
0.0022241001499558877,-0.016205413633636034,0.000912905254293396,0.0013111948956624916,0.0019788363391390275
0.011094656389182944,0.00021216287934855416,0.0006644304253884261,0.010430225963794518,0.011097867407271055
0.014630674353801165,0.015357313493959523,0.000435213360084715,0.01419546099371645,0.014863102437192986
-0.018745963780054553,0.002540373205550228,0.0006291936983355501,-0.019375157478390102,-0.01870751603491357
-0.0014693224811698213,-0.0015753666901773267,0.0006914841201648284,-0.00216080660133465,-0.001493165157858114
-0.0029431141497588964,-0.014284032792181156,0.0008838257628432295,-0.003826939912602126,-0.0031592984691255904
-0.003690297466555692,0.014922967493543604,0.00044178704945071535,-0.004132084516006407,-0.0034644430725298716
0.005185406701620376,-0.007468562068020934,0.0007806757686432219,0.004404730932977155,0.005072372376453691
0.0022108426123466085,-0.001378858764733426,0.0006885100348536057,0.0015223325774930028,0.0021899740209695385
-0.0007355633732913924,-0.006070216944686235,0.000759512257390761,-0.0014950756306821534,-0.0008274341872056177
-0.027226089898469308,0.02161695515261708,0.00034047566302502857,-0.027566565561494335,-0.0268989241180178
0.037822156711842636,0.012818562518186694,0.0004736365532910065,0.037348520158551626,0.03801616160202816
-0.013848437542195002,0.0026032365675492386,0.0006282422812305503,-0.014476679823425553,-0.013809038379949018
0.01182553167625966,-0.001298238661417761,0.0006872898750838724,0.011138241801175787,0.011805883244652322
-0.0043829260227559175,0.0005150801927265025,0.0006598458676399417,-0.005042771890395859,-0.004375130446919323
0.0007337275368688445,0.003701760406026544,0.0006116164703139514,0.00012211106655489316,0.0007897525100314289
0.00806443514747146,0.0038427480627742927,0.0006094826667126462,0.007454952480758814,0.00812259392423535
-0.007272596191642333,0.006001641860553519,0.0005768084917756246,-0.007849404683417958,-0.0071817632399414225
0.007325874317302805,4.832031784740565e-05,0.0006669101307459222,0.006658964186556883,0.007326605630033419
-0.0036366205865618895,0.00091095635360805,0.0006538544071302372,-0.004290474993692127,-0.0036228335502155908
-0.01021891163610189,-0.005122452280258649,0.0007451681388998516,-0.010964079775001741,-0.010296438331525206
0.011062076645353747,0.006185094896691501,0.0005740319880857877,0.010488044657267959,0.011155686100744494
0.03792803933216393,0.0008368043854836138,0.0006549766737192257,0.037273062658444704,0.03794070410192124
0.01827158910543525,0.0025483530061645165,0.0006290729265766512,0.0176425161788586,0.018310157622335132
-0.007591504277599692,0.006030102155631267,0.0005763777542094294,-0.008167882031809121,-0.007500240588332586
0.013552314371591656,0.0033795554893063517,0.0006164929398398324,0.012935821431751824,0.013603462875228359
0.01688952855719883,-0.0016443283858672553,0.0006925278336218054,0.016197000723577024,0.01686464216705356
-0.0041521694440432855,0.0006126972471360848,0.0006583684643902328,-0.004810537908433518,-0.004142896464956983
0.004864217444366492,0.0007713239125555216,0.0006559676999705459,0.004208249744395947,0.004875891187872482
0.01106521744618938,0.0010091453555356455,0.0006523683476357062,0.010412849098553674,0.011080490542030209
-0.012311993556477385,-0.0015082191889665975,0.0006904678639676037,-0.01300246142044499,-0.012334819976968453
0.00554037077651004,-0.0001907894500615681,0.0006705289814711617,0.004869841795038878,0.005537483238515413
-0.0013776926275247403,0.011314828013585299,0.0004963950995023685,-0.0018740877270271088,-0.0012064462835505731
-0.0027586565138707497,-0.0013130618315739806,0.000687514219076756,-0.0034461707329475058,-0.0027785292894709703
0.013139933259886272,0.0050071702616640845,0.0005918595049497964,0.012548073754936476,0.013215715198413011
-0.008873636876934099,-0.002122957701494954,0.0006997717369601232,-0.009573408613894222,-0.008905767170417687
-0.006886941337104102,-0.001844782063018524,0.000695561636637381,-0.007582502973741483,-0.006914861530264947
0.029126247227688973,-0.001376327172630698,0.0006884717200076791,0.028437775507681295,0.029105416951157828
0.008085901757274527,0.0037251273626697223,0.0006112628188143313,0.007474638938460196,0.008142280381936732
0.0140373574742787,0.00900758006769764,0.0005313145675579834,0.013506042906720717,0.014173684350197252
0.0032960216964292854,-0.001710746243041017,0.0006935330468872611,0.0026024886495420244,0.00327013009301856
-0.000656723114513702,0.007384542591010179,0.000555878726525497,-0.001212601841039199,-0.0005449603975626633
-0.012492002691529835,0.00137641065101346,0.000646809903526467,-0.013138812595056303,-0.012471171151579767
0.0033290015675333517,-0.010115654884377157,0.0008207386813465364,0.0025082628861868156,0.003175904329663351
0.008626328822415097,-0.0012949592195925508,0.0006872402417688835,0.007939088580646214,0.008606730024122749
0.004605322246462817,0.0024135455272700224,0.0006311131951404631,0.003974209051322355,0.00464185049479889
-0.01506253169367211,0.00583628034196626,0.0005793111860682896,-0.015641842879740398,-0.014974201436263863
0.0033247671292833125,0.0002634624737614111,0.0006636540222491108,0.0026611131070342015,0.0033287545505107374
0.009940548724197695,0.00422090718967616,0.0006037593479096865,0.00933678937628801,0.010004430819764544
-0.009186845762207074,0.0022443057531671418,0.0006336745856039624,-0.009820520347811036,-0.009152878904334501
-0.006622030739975582,-0.017852526697772375,0.0009378337896636884,-0.00755986452963927,-0.006892223086162734
0.0033332472955913683,0.007662558220206783,0.0005516710478926063,0.002781576247698762,0.0034492176911752976
-0.005315682143248068,0.01669359840810869,0.0004149891104733974,-0.005730671253721465,-0.00506302981024493
0.0013360224062599624,-0.00272251746839014,0.0007088458844373565,0.0006271765218226059,0.0012948179652991416
-0.0066712632504282166,0.0023541990752451447,0.0006320113849251329,-0.007303274635353349,-0.006635633191876814
0.018133209143081475,0.002884262567260709,0.0006239890415918663,0.017509220101489607,0.018176861544966144
0.015171442759510212,0.006240171597036381,0.0005731984196426,0.014598244339867611,0.015265885783344148
0.016894114935614324,0.004184752099316791,0.0006043065437691961,0.01628980839184513,0.016957449835321662
0.006389489227605072,-0.0027857656113878804,0.0007098031250810954,0.005679686102523977,0.006347327546000512
-0.026031047284359787,0.0007494929370688297,0.0006562981048810754,-0.026687345389240863,-0.026019703945764326
-0.003911891933531364,0.005507371620330659,0.0005842891155616665,-0.00449618104909303,-0.0038285396056164946
0.0,0.002384924061824778,0.0006315463719692047,-0.0006315463719692047,3.609507150733106e-05
-0.007853252374699582,-0.003234911055292722,0.0007166007993443727,-0.008569853174043955,-0.007902211730567418
0.011213925815743098,0.006257435156610036,0.0005729371411275912,0.010640988674615506,0.011308630118092041
-0.007827948940633211,0.003075691142146564,0.0006210918306451309,-0.008449040771278343,-0.007781399327801806
0.002629313532958477,0.0019247226272978146,0.0006385113751543867,0.0019908021578040904,0.002658443601280626
0.020328325495120092,-0.02052856505826517,0.0009783347840242565,0.019349990711095836,0.020017632154572373
0.008996988058555422,-0.006111960522950599,0.000760144033247503,0.008236844025307919,0.008904485468784454
0.0012742080716978688,-0.000994377240208233,0.0006826910285619059,0.0005915170431359629,0.0012591584866124986
0.008269337319952275,0.01055051646463201,0.0005079627131027108,0.007761374606849563,0.0084290160503261
0.008833591030501964,0.005561085699577806,0.0005834761699579005,0.008250114860544062,0.0089177563040206
-0.0031272936490883696,-0.015739677754675885,0.0009058564890418374,-0.004033150138130207,-0.0033655086946536715
0.003764163528658271,0.0016152009236127807,0.0006431958882617073,0.0031209676403965636,0.003788609083873099
0.006250019514610905,0.017219001487115193,0.00040703730101729194,0.005842982213593613,0.006510623657070148
-0.0037270538015332644,-0.0073780374502926405,0.0007793057071798911,-0.0045063595087131555,-0.0038387180652366196
-0.01059816296512095,-0.008341232507744434,0.0007938833597897731,-0.011392046324910723,-0.010724404881434188
0.0006299461228378433,0.008922733898683255,0.0005325986874956867,9.734743534215665e-05,0.0007649888788186924
-0.02078070071900895,-0.0013617034323515353,0.0006882503943229203,-0.021468951113331868,-0.020801309669855335
0.02315117292088753,-0.018870951812180237,0.0009532473317205735,0.02219792558916696,0.022865567032643492
0.014456137791416968,0.007080513662183874,0.0005604801082222737,0.013895657683194694,0.014563299126671229
0.004956693220380393,-0.006049325659529536,0.000759196074396224,0.004197497145984169,0.004865138589460705
-0.01356343845609198,-0.01120034817237281,0.0008371551712551369,-0.014400593627347118,-0.013732952183870582
0.013124866850308115,-0.019494949042855536,0.0009626913324844253,0.01216217551782369,0.012829816961300224
0.008636755122394923,0.013398228752857344,0.0004648634881331945,0.008171891634261729,0.008839533077738266
0.007950995440373143,0.004310201897316901,0.0006024079007466046,0.007348587539626538,0.008016228983103075
0.0036409399846517587,0.014985846366661448,0.00044083539758983713,0.0032001045870619217,0.003867746030538457
0.014510229510832362,-0.003550567117658776,0.0007213781540305038,0.013788851356801858,0.014456492800278394
-0.018292713648397352,0.00291397966743423,0.0006235392826779774,-0.01891625293107533,-0.018248611487598793
0.0012423470152469474,0.009340748456551973,0.0005262721693482567,0.0007160748458986906,0.0013837162893752264
0.0012404560143710608,0.003161136890789118,0.0006197986362593563,0.0006206573781117045,0.0012882988215882402
0.006815451770346703,-0.002747836267090409,0.0007092290764492929,0.006106222693897411,0.0067738641373739465
0.007384582101991777,0.007060045042073693,0.0005607898943149881,0.0068237922076767885,0.0074914336511533244
-0.004275980995436024,0.006684706201916635,0.0005664705289699053,-0.0048424515244059295,-0.0041748100809293935
0.004294343526744404,-0.0018295015230987977,0.0006953303704977576,0.0035990131562466466,0.0042666545997231825
-0.001221741632274398,0.004962987972138233,0.000592528189930304,-0.0018142698222047018,-0.0011466283787281662
0.020794899025017743,0.0003452097520288966,0.0006624168030429208,0.020132482221974824,0.020800123665451357
-0.0077891744809514,-0.0001800552456384663,0.0006703665226816228,-0.008459541003633022,-0.007791899560156487
0.001811700003073069,0.002183677516658822,0.0006345921747914591,0.00117710782828161,0.0018447492717581456
0.009644435786187122,-0.0015200063176690204,0.000690646258433151,0.008953789527753971,0.009621430971230508
-0.011343458213734614,-0.00400444374710851,0.0007282474332908923,-0.012071705647025506,-0.011404064203548971
-0.01328496841262039,-0.0027933795260068894,0.0007099183592711573,-0.013994886771891547,-0.013327245328415012
0.012852072390495684,-0.007776699229565143,0.0007853393271430654,0.012066733063352618,0.012734374506829153
0.00906374440962443,0.00019023558280406583,0.0006647622880877064,0.008398982121536724,0.00906662356501326
0.017364850094323536,8.367659155239515e-05,0.0006663750247238721,0.016698475069599664,0.0173661165130762
-0.008828242594902669,0.003925413156908419,0.0006082315566535491,-0.009436474151556217,-0.008768832708079682
0.0017810180785990948,-0.011017851653977395,0.0008343931441588606,0.0009466249344402341,0.00161426637791677
0.0059275452244016424,0.00573117089721964,0.0005809019842764817,0.005346643240125161,0.006014284683601697
0.0,0.013514947433656221,0.0004630969878084615,-0.0004630969878084615,0.00020454445566807418
-0.007071272562366948,0.0052767819301140495,0.0005877790176052785,-0.0076590515799722265,-0.006991410136495691
-0.0023735428378397483,-0.0015926699031209024,0.0006917459988210516,-0.0030652888366608,-0.0023976473931842644
-0.0029747415087261198,0.008979584523029382,0.000531738271273696,-0.003506479779999816,-0.00283883833652328
0.00775675431592493,0.006249847099511818,0.0005730519839722528,0.007183702331952677,0.007851343775429212
-0.04262858483438614,0.0035554240499382495,0.0006138312247883927,-0.04324241605917453,-0.042574774615697995
0.01236841020304702,0.002300662213150728,0.0006328216484033325,0.011735588554643687,0.012403229998120224
0.007941664762355805,-0.00175271131343413,0.0006941681749573308,0.007247496587398474,0.00791513803087501
0.0012117739770087788,-0.0033793036283190636,0.0007187861352768407,0.000492987841731938,0.0011606292852084736
-0.0072640039904789955,-0.006855308680100647,0.0007713943725420147,-0.00803539836302101,-0.007367756919544474
0.0,-0.009069835815006422,0.000804910540443893,-0.000804910540443893,-0.0001372690969673573
-0.0024388992696470213,0.0038199203649145197,0.0006098281567011055,-0.0030487274263481267,-0.002381085982871591
0.007334930488620106,0.004544163641626575,0.0005988669637306159,0.00673606352488949,0.007403704968366026
0.0012139286951069472,0.008074036650198346,0.0005454434519737216,0.0006684852431332256,0.0013361266866097612
-0.007879091657777781,-0.011111495877577093,0.0008358104198705633,-0.008714902077648344,-0.00804726063417181
0.009774047775718886,0.004895437361786659,0.0005935505470569029,0.009180497228661983,0.00984813867213852
0.016333750460818974,-0.00806733006032423,0.0007897379328623846,0.01554401252795659,0.016211653971433124
0.003571748345832182,-0.006204391417766519,0.000761542945611746,0.002810205400220436,0.003477846843696972
-0.016014605493076872,-0.0003685605881837972,0.0006732194914312783,-0.01668782498450815,-0.016020183541031616
0.019289211161197972,0.00880379946585852,0.0005343987225266587,0.018754812438671314,0.01942245388214785
-0.01951531980590404,0.0021779408643529674,0.0006346789972100455,-0.020149998803114088,-0.01948235735963755
-0.0687575674858335,-0.007688267521873571,0.0007840009412113136,-0.06954156842704481,-0.06887392698356828
-0.007124077015878472,-0.01192558460112425,0.0008481313952676849,-0.007972208411146157,-0.007304566967669621
0.010436817919890817,-0.0008273801774386635,0.0006801635808252388,0.009756654339065578,0.010424295782542115
0.032924257096398346,0.0031831687125787322,0.0006194651916035443,0.0323047919047948,0.03297243334827134
-0.006249855487716727,0.0039531157988739185,0.0006078122859276202,-0.006857667773644347,-0.006190026330167811
-0.08490557458152947,0.004080919686204165,0.0006058780145074348,-0.08551145259603692,-0.08484381115256037
0.05979392766604619,0.010592724697279676,0.000507323904848812,0.059286603761197376,0.05995424520467391
0.054474513646836975,-0.02278464425831217,0.001012479829292319,0.053462033817544656,0.05412967526102119
0.0018448946461675497,-0.0012248353901096465,0.0006861789397844436,0.0011587157063831061,0.0018263571498596419
0.0036833403981317847,-0.009733809463420173,0.0008149595716487443,0.0028683808264830402,0.003536022269959576
0.014678718471232921,-0.010760206333523925,0.0008304937637072324,0.013848224707525688,0.014515866151002225
-0.002410967451203616,-0.0009564073932939454,0.0006821163669358057,-0.0030930838181394216,-0.002425442374662886
-0.006041928923849693,-0.004186874918536865,0.0007310084713814864,-0.006772937395231179,-0.006105295951754644
0.004862970247613285,0.007377489898070522,0.0005559854668029134,0.004306984780810372,0.004974626224286908
0.005444394141735032,-0.013979844477308045,0.0008792219688890361,0.0045651721728459955,0.005232813616322531
0.003008636652690244,0.0006687560771996282,0.0006575200317243253,0.0023511166209659188,0.0030187580644424547
0.01979617689452806,0.012611779574887017,0.00047676614774827715,0.019319410746779786,0.01998705219025632
-0.009411610573030194,-0.01743184580508239,0.0009314669173818956,-0.010343077490412089,-0.009675436046935553
-0.020190038453976822,0.0017543350239683786,0.0006410901376502598,-0.02083112859162708,-0.020163487148150545
-0.027295701076176404,0.003045016966140013,0.000621556074599103,-0.027917257150775508,-0.02724961570729897
-0.0012751472421811405,0.005395190996116739,0.000585986933835025,-0.0018611341760161656,-0.0011934927325396296
0.0044698851839468645,0.013423475684721353,0.000464481383803099,0.004005403800143766,0.004673045243620301
0.013349749391133425,-0.006468448774604507,0.000765539370206419,0.012584210020927007,0.013251851464403542
0.011293049312076642,-0.002827986549257977,0.000710442125624518,0.010582607186452124,0.011250248629928659
-0.0074443234984677975,-0.011725787945559007,0.0008451075360660484,-0.008289431034533846,-0.00762178959105731
-0.009375311034982237,0.009184457300265958,0.0005286375865757515,-0.009903948621557988,-0.009236307178081452
-0.0018927847190044478,0.012944354874931063,0.0004717327257501456,-0.0023645174447545934,-0.0016968760012780577
0.020859883673125523,0.008282747245164312,0.00054228468311805,0.020317598990007475,0.020985240433484008
0.006191664524317186,0.01011922818616795,0.0005144901248138924,0.005677174399503294,0.006344815842979829
0.006154128238176959,0.014409702179091433,0.0004495551576785341,0.005704573080498425,0.006372214523974961
0.0,-0.0013361790618444669,0.0006878640910466948,-0.0006878640910466948,-2.0222647570158992e-05
0.020794909855097465,0.0010015590452223666,0.0006524831640433302,0.020142426691054136,0.020810068134530672
0.0035952634333480393,0.010453846497412655,0.0005094257824872865,0.0030858376508607526,0.0037534790943372885
-0.018507449608009097,-0.006961116506509657,0.0007729957405358226,-0.01928044534854492,-0.018612803905068382
-0.015815268168542063,-0.01809053260189253,0.0009414359337595515,-0.016756704102301616,-0.01608906265882508
-0.009888771868712398,-0.004433512667192274,0.0007347412557148008,-0.010623513124427199,-0.009955871680950664
0.026841596956772795,0.003105840267646931,0.0006206355331645366,0.026220961423608257,0.026888602867084794
0.00729476326426548,-0.0067161276923011215,0.0007692879123039302,0.00652547535196155,0.0071931167954380855
-0.003017639026861807,0.005554424471774233,0.0005835769855342726,-0.00360121601239608,-0.002933574568919544
0.016344284015099353,-0.008129889770918997,0.0007906847542994027,0.01555359926079995,0.016221240704276486
0.00952917009370835,0.01630870818887753,0.0004208143022302332,0.009108355791478118,0.009775997234954653
0.014159374413133419,-0.0006708332980633891,0.0006777942933096537,0.013481580119823765,0.0141492215633003
-0.0005818881030885681,0.013546192203295337,0.00046262410810029545,-0.0010445122111888635,-0.0003768707677123278
0.012223347447957167,0.0009078513609139804,0.0006539014002127911,0.011569446047744375,0.012237087491220912
-0.0028749253442551526,-0.0056430132712504966,0.000753046664885036,-0.0036279720091401887,-0.002960330565663653
-0.023645108793465264,-0.004104971538103408,0.0007297688896183774,-0.02437487768308364,-0.023707236239607105
0.01240439061135068,-0.020308668519432915,0.0009750067194454237,0.011429383891905256,0.012097025335381791
0.01691937891594808,-0.0032339665839667964,0.0007165865050695186,0.01620279241087856,0.016870433854355098
-0.001147541380487449,-0.006450532698506817,0.0007652682160601598,-0.0019128095965476087,-0.0012451681530710732
0.0017233949975177243,-0.004132299323336697,0.0007301824870062027,0.0009932125105115216,0.0016608539539880573
0.0022936612242490106,-0.025556664705103427,0.001054433482177249,0.0012392277420717615,0.0019068691855482973
0.00400448551077992,0.005015682586245518,0.0005917306736090512,0.003412754837170869,0.004080396280647405
-0.0039885135659953885,-0.047820446201610634,0.0013913887748020185,-0.0053799023407974066,-0.0047122608973208715
0.006865132185911893,-0.0005749176607442452,0.0006763426404695809,0.006188789545442312,0.006856430988918848
0.021590489039165606,-0.06663446415643826,0.0016761329871188327,0.019914356052046774,0.020581997495523308
0.003893433234446464,0.0474068481332115,-4.984621187304264e-05,0.003943279446319507,0.0046109208897960425
0.0005536555445293523,-0.04415240397919251,0.0013358741156858746,-0.0007822185711565224,-0.00011457712767998663
-0.007198009202642797,0.04629002144148742,-3.2943393060341016e-05,-0.007165065809582456,-0.00649742436610592
0.0055769874035580536,0.00526166928318772,0.0005880077427375386,0.004988979660820515,0.005656621104297051
-0.001108743340773155,0.021784622088531824,0.0003379380769701387,-0.0014466814177432937,-0.000779039974266758
-0.022765061815650967,-0.00973854541245922,0.0008150312487398331,-0.023580093064390798,-0.022912451620914265
0.017613307406024514,0.0009473866272851073,0.0006533030464582337,0.01696000435956628,0.017627645803042817
-0.002233572882761603,-0.0445937143129993,0.001342553208035462,-0.003576126090797065,-0.002908484647320529
-0.0005595405566288791,-0.015008981502439234,0.0008947976323273638,-0.001454338188956243,-0.0007866967454797072
0.0039194903501746925,0.00025804116011829414,0.0006637360721167541,0.0032557542780579382,0.003923395721534474
-0.010039048018697483,0.034284877594586316,0.00014875066275715928,-0.010187798681454642,-0.009520157237978107
0.01690155868965415,0.013119972745138542,0.0004690748048190054,0.016432483884835144,0.01710012532831168
0.0072022993527200985,-0.01556552007023193,0.0009032206675604835,0.006299078685159615,0.00696672012863615
-0.0033002980592091724,0.015121610152536658,0.0004387806556222785,-0.003739078714831451,-0.0030714372713549153
0.017108254605270323,0.028280001568408375,0.00023963256253207765,0.016868622042738247,0.01753626348621478
-0.036896699673581,0.002347024984931334,0.0006321199625134185,-0.03752881963609442,-0.03686117819261788
-0.0022540166241349358,0.004921982065451136,0.0005931488013609929,-0.002847165425495929,-0.002179523982019393
0.026539425056993027,-0.01187143263889856,0.0008473118224435075,0.025692113234549518,0.026359754678026055
-0.04235458197284214,-0.025281938303220453,0.00105027558495962,-0.04340485755780176,-0.042737216114325224
0.023550044054376773,-0.007436289416773878,0.0007801873322719597,0.022769856722104815,0.02343749816558135
0.006172625332226289,0.028646463529026667,0.0002340862766419042,0.005938539055584385,0.006606180499060921
0.003903880950049343,-0.010612179635699603,0.0008282534264451416,0.0030756275236042017,0.0037432689670807372
0.02166672051783558,-0.026705492278710663,0.00107182062421783,0.02059489989361775,0.021262541337094286
0.0032628118364697034,0.006965716710316983,0.0005622175237873163,0.002700594312682387,0.0033682357561589226
0.009213954918464884,0.00912006281484623,0.000529612176749547,0.008684342741715336,0.009351984185191873
-0.008056123376995794,0.013479804803234297,0.00046362886040698134,-0.008519752237402775,-0.00785211079392624
0.019491485438055234,0.017187073659429952,0.0004075205185929873,0.019083964919462248,0.01975160636293878
0.010090526628192764,0.0057066970727697175,0.0005812723878703394,0.009509254240322425,0.01017689568379896
-0.005257765252506208,-0.0098025870260805,0.0008160004983105454,-0.0060737657508167535,-0.0054061243073402175
-0.007012207095407508,-0.0016610054537223862,0.0006927802357701166,-0.007704987331177624,-0.007037345887701088
-0.009776924750579341,-0.02939044252863232,0.0011124564972067575,-0.010889381247786099,-0.010221739804309562
0.009873456794689206,-0.031883121516435575,0.0011501824054441622,0.008723274389245044,0.009390915832721579
0.002172921208437595,0.006082009597382809,0.0005755921514928586,0.0015973290569447362,0.002264970500421272
-0.002710091798366898,0.023336145831710953,0.00031445625574497003,-0.0030245480541118684,-0.0023569066106353324
0.004891362813350897,0.010688382331855317,0.0005058761567986758,0.0043854866565522215,0.005053128100028757
-0.0027039372920684146,-0.020691134941917988,0.0009807952278049683,-0.0036847325198733826,-0.003017091076396847
-0.010303775350320454,0.008114229792425487,0.000544835141476119,-0.010848610491796574,-0.010180969048320037
0.03178057161861347,-0.024974129488995245,0.0010456169958926185,0.030734954622720856,0.03140259606619739
0.0010623704141057289,-0.0284510281118181,0.0010982387570729344,-3.5868342967205515e-05,0.0006317731005093303
-0.013262723685308564,0.022488442948566112,0.0003272859708180245,-0.013590009656126589,-0.012922368212650052
-0.012903089238868182,0.017865633700204997,0.00039725072695230394,-0.013300339965820486,-0.01263269852234395
0.04302820787902939,0.018303664125949304,0.0003906212749740594,0.04263758660405533,0.04330522804753187
-0.009399683169194262,-0.008163308930517088,0.0007911905427120052,-0.010190873711906266,-0.009523232268429731
0.008961468377506776,0.034124984892549115,0.00015117058824070577,0.00881029778926607,0.009477939232742606
-0.0276901276392455,0.0005440035535435594,0.0006594081217202141,-0.028349535760965713,-0.027681894317489176
0.015045042773511597,0.009794704112697561,0.0005194016940438165,0.01452564107946778,0.015193282522944315
-0.003176131994304776,-0.002973672247100878,0.0007126470325921685,-0.0038887790268969445,-0.003221137583420409
-0.02018045498134957,0.01738025794738407,0.000404596735484161,-0.02058505171683373,-0.019917410273357198
-0.002710091798366898,-0.019369883187983272,0.0009607985003196619,-0.0036708902986865603,-0.0030032488552100244
0.015760992815429198,0.020418716445174567,0.0003586106269512582,0.015402382188477939,0.016070023631954474
-0.008025584755804172,-0.01264913736003248,0.0008590821374695715,-0.008884666893273743,-0.008217025449797207
-0.00916940647925879,0.0045541787147385104,0.0005987153887660654,-0.009768121868024856,-0.00910048042454832
-0.05933624626463829,0.01880876515031682,0.00038297673069493375,-0.05971922299533323,-0.05905158155185669
0.04803261061249464,0.012872958939026846,0.0004728132806630026,0.04755979733183164,0.048227438775308176
-0.025400205395172293,-0.02004472508361621,0.0009710120190093833,-0.026371217414181677,-0.02570357597070514
-0.005099210565076229,0.010536553156824224,0.0005081740433508594,-0.005607384608427088,-0.004939743164950552
0.044419151537762325,0.034291437858544604,0.00014865137523665845,0.044270500162525664,0.0449381416060022
0.018538606936165714,0.0003892292585989665,0.0006617505817309732,0.017876856354434742,0.018544497797911275
0.004282546225263362,-0.02473750308360323,0.0010420357300737764,0.0032405104951895853,0.003908151938666121
0.0015990706491952889,-0.027942247001422227,0.0010905385158554981,0.0005085321333397907,0.0011761735768163264
0.0074510857152807475,0.016104667765514558,0.0004239023895155103,0.007027183325765237,0.007694824769241773
-0.008452260970549852,0.01878180753005876,0.0003833847257529138,-0.008835645696302765,-0.00816800425282623
0.0026637932066615466,-0.006280017279460592,0.0007626875191138316,0.001901105687547715,0.0025687471310242506
-0.0010628393496255883,0.006295743615618132,0.0005723573547145283,-0.0016351967043401166,-0.0009675552608635809
-0.028191002059852366,0.011735638864999398,0.0004900262603363822,-0.028681028320188748,-0.02801338687671221
0.01587274096867186,-0.036695142913972245,0.0012230108276229368,0.014649730141048924,0.01531737158452546
0.008081798850939848,0.008624176874533207,0.0005371172536455315,0.007544681597294316,0.008212323040770853
-0.006413759352958626,0.019480539941325148,0.000372809631663816,-0.0067865689846224415,-0.0061189275411459056
0.004841370902626929,-0.009550141648312915,0.0008121798173471254,0.004029191085279804,0.00469683252875634
-0.00856480372008006,0.004817163683512371,0.000594735194425629,-0.00915953891450569,-0.008491897471029155
-0.022138709756018726,-0.016616200730203312,0.0009191223870995198,-0.023057832143118247,-0.02239019069964171
0.001656662462468761,-0.016799952076269054,0.0009219034056157808,0.0007347590568529801,0.001402400500329516
0.0011025819446335294,-0.00039467858438069214,0.0006736147790446013,0.00042896716558892814,0.0010966086090654639
0.009361278073488855,-0.018648495446902502,0.0009498805249779651,0.008411397548510889,0.009079038991987426
0.015275749813375983,-0.004140841830647446,0.0007303117751530117,0.01454543803822297,0.015213079481699508
0.00805959937913614,-0.02209521492281885,0.001002045534313198,0.007057553844822942,0.007725195288299478
-0.0026651177486587407,-0.002685506857766806,0.0007082857405491872,-0.003373403489207928,-0.002705762045731392
0.004810127336395853,0.029240425313361795,0.00022509685286050513,0.0045850304835353475,0.0052526719270118835
0.006915136759280349,0.002213653490450218,0.0006341384979072256,0.006280998261373124,0.006948639704849659
-0.029054439334083693,0.0433153072475978,1.207796559045155e-05,-0.029066517299674143,-0.02839887585619761
0.009793272269128073,-0.0019086457924624156,0.0006965281939873196,0.009096744075140753,0.009764385518617288
0.02262899803633789,-0.00024098633145541726,0.0006712886953976377,0.02195770934094025,0.022625350784416787
-0.014225295012493921,0.010287014543699957,0.0005119507313505892,-0.01473724574384451,-0.014069604300367975
-0.012292974700396364,0.0011057487964409862,0.000650906285105856,-0.01294388098550222,-0.012276239542025684
0.032467924134756077,0.002018354924337773,0.0006370942799473943,0.03183082985480868,0.03249847129828522
-0.003144408152865874,-0.02114181011508598,0.0009876160540369075,-0.004132024206902781,-0.003464382763426246
0.007885769346705374,0.01688335256005491,0.0004121172413883619,0.007473652105317012,0.008141293548793548
-0.018257571324177047,-0.014914054108935981,0.0008933609362449389,-0.019150932260421985,-0.018483290816945448
-0.015940011000950882,-0.00868600976072853,0.0007991014544871112,-0.016739112455437993,-0.016071471011961456
0.0205179470636927,-0.01134836742295231,0.0008393953958055324,0.019678551667887165,0.0203461931113637
-0.014285979271708382,0.0032431003656709922,0.0006185581449857738,-0.014904537416694156,-0.01423689597321762
0.0054797582166699055,0.0032161498496299235,0.0006189660325236761,0.00486079218414623,0.005528433627622765
-0.010353973425239804,-0.011732825699560245,0.0008452140502473559,-0.01119918747548716,-0.010531546032010624
0.0033033328923974814,0.029825423296426123,0.00021624309337677752,0.003087089799020704,0.0037547312424972396
0.00658646019425313,0.0019495059855065833,0.0006381362868649707,0.0059483239073881596,0.006615965350864695
-0.010359907989605177,0.008265549753183832,0.0005425449617209281,-0.010902452951326105,-0.01023481150784957
0.013223721734391791,0.009035052675189448,0.0005308987783310716,0.01269282295606072,0.013360464399537255
0.019031503728882626,7.9107947907886e-05,0.0006664441697007206,0.018365059559181905,0.019032701002658442
-0.018676070032419778,-0.0124780022540123,0.0008564920617568517,-0.019532562094176628,-0.018864920650700095
-0.04023969733007138,0.01070708742195392,0.0005055930611750173,-0.04074529039124639,-0.040077648947769856
0.028328490067521583,-0.0042913365279230176,0.0007325894648063584,0.027595900602715225,0.02826354204619176
-0.030302680394444947,0.015473984880403524,0.0004334475755450876,-0.030736127969990035,-0.030068486526513498
0.021022309555146723,0.00018792399994027598,0.0006647972731633736,0.02035751228198335,0.021025153725459884
0.0016696205504063144,0.002943716919978634,0.0006230892187643278,0.0010465313316419867,0.0017141727751185222
0.013333232882137835,-0.002536961462655807,0.0007060375529676867,0.012627195329170149,0.013294836772646685
0.025767452863208584,0.0022615979258335805,0.0006334128740388426,0.025134039989169743,0.025801681432646276
0.004276007949777227,0.00888576974833133,0.00053315812822234,0.0037428498215548874,0.004410491265031423
-0.0047898978744359555,0.0003095972599744812,0.0006629557868486671,-0.005452853661284622,-0.004785212217808087
0.0,0.002336608362904613,0.000632277614793815,-0.000632277614793815,3.536382868272067e-05
0.002674133974357007,-0.004947922948427275,0.0007425266926528126,0.0019316072817041944,0.00259924872518073
0.005332876966707367,0.003552954600872571,0.0006138685991191045,0.004719008367588263,0.005386649811064798
0.003713660239702543,0.011107929092462498,0.0004995264492473172,0.0032141337904552257,0.0038817752339317616
-0.000528440319149337,0.004938656879440728,0.000592896433324224,-0.001121336752473561,-0.0004536953089970253
-0.001057625699224185,0.0006694597815233294,0.0006575093813819137,-0.0017151350806060986,-0.0010474936371295631
0.008999243140576985,0.00047134296924533636,0.0006605078166866031,0.008338735323890381,0.009006376767366917
0.005246605036005381,-0.00102581731454221,0.0006831668641448689,0.0045634381718605115,0.005231079615337047
-0.004697308848217618,0.008679141952454561,0.0005362853745724262,-0.0052335942227900445,-0.0045659527793135085
0.006817351697272933,-0.005753890884025226,0.0007547247624923048,0.0060626269347806286,0.0067302683782571645
-0.001562659948831091,-0.0015928775670267514,0.0006917491417485985,-0.0022544090905796893,-0.0015867676471031538
0.0041732170326420626,-0.0025221231757218687,0.0007058129801871525,0.00346740405245491,0.004135045495931446
-0.011428583975591544,-0.0004569466961219515,0.0006745571872251819,-0.012103141162816727,-0.01143549971934019
0.016815581475735142,0.008899605562620927,0.0005329487275482728,0.01628263274818687,0.016950274191663405
-0.035142413453457255,0.0010951470667548424,0.0006510667389321425,-0.0357934801923894,-0.03512583874891286
0.03320815309451075,0.014605356896842503,0.0004465939853959382,0.03276155910911481,0.03342920055259135
0.0,-0.0004238741534883239,0.0006740566447507281,-0.0006740566447507281,-6.415201274192417e-06
0.0,0.00202338180532724,0.0006370181996932353,-0.0006370181996932353,3.062324378330047e-05
0.007258089549731395,0.0021602108339675574,0.0006349473356132813,0.006623142214118113,0.007290783657594649
0.0005145697473596389,0.0014741105602813498,0.0006453312462946783,-0.0001307614989350394,0.0005368799445414963
-0.007716388413141817,-0.006886302644093845,0.0007718634563860404,-0.008488251869527858,-0.007820610426051321
0.00933176420749704,0.006800039312997219,0.0005647249988047095,0.00876703920869233,0.009434680652168867
0.009244582949013092,-0.0009395233752043097,0.0006818608326611378,0.008562722116351954,0.00923036355982849
-0.004070739575199767,-0.0053832058728249255,0.0007491145620669993,-0.004819854137266766,-0.00415221269379023
-0.0066430807811329595,0.01102570580548079,0.0005007708726948721,-0.007143851653827832,-0.006476210210351296
0.0010285196085049186,0.0023489303072772305,0.0006320911260622205,0.0003964284824426981,0.0010640699259192338
-0.0051381287270755305,0.000719922777789872,0.0006567456398909912,-0.005794874366966522,-0.005127232923489986
0.0030988538470817506,-0.0033401068031253534,0.0007181929037224806,0.0023806609433592698,0.0030483023868358057
-0.006694484248840449,0.004272002277298181,0.0006029860399159807,-0.00729747028875643,-0.006629828845279894
0.007258089549731395,0.0016722378083675604,0.0006423326530473316,0.006615756896684063,0.007283398340160598
-0.017499087696933757,0.0013545591394890089,0.0006471406192434341,-0.018146228316177192,-0.017478586872700656
-0.02566751717036797,0.0033563334079245166,0.0006168443986981849,-0.026284361569066154,-0.02561672012558962
0.004300916644518038,-0.0047369876733168725,0.0007393342539666504,0.003561582390551388,0.004229223834027923
0.02355482310171153,0.006158039788692005,0.0005744414585899065,0.022980381643121623,0.02364802308659816
-0.006276149086012817,-0.003245756135652589,0.000716764936206153,-0.00699291402221897,-0.006325272578742434
0.007368403782557875,-0.003869693865664492,0.0007262080364462797,0.006642195746111595,0.007309837189588131
0.013061456291186824,-0.015370160722531612,0.0009002639656102028,0.01216119232557662,0.012828833769053156
0.008251827189657446,0.0069006220464606915,0.0005632027109403365,0.007688624478717109,0.008356265922193644
-0.030690711494051448,0.009817931917032618,0.0005190501485703767,-0.031209761642621826,-0.03054212019914529
0.013720579838155667,0.0036312500921620305,0.0006126836216172916,0.013107896216538375,0.01377553766001491
0.012493306273304361,0.00016046065922270536,0.0006652129221405878,0.011828093351163773,0.012495734794640308
-0.03650386055688981,0.018131549330308916,0.00039322617797938025,-0.03689708673486919,-0.03622944529139266
0.01707570975635231,-0.0011962619960680376,0.0006857464905011948,0.016389963265851112,0.01705760470932765
0.007870138555797102,0.005967198922915307,0.000577329774745122,0.00729280878105198,0.007960450224528515
-0.005726557104536512,0.0011193985360786751,0.0006506997006128042,-0.006377256805149316,-0.00570961536167278
0.008901039341315808,0.00397384638616094,0.0006074985350445244,0.008293540806271284,0.00896118224974782
0.014011388205695363,-0.003000518154814724,0.000713053336916118,0.013298334868779245,0.013965976312255782
-0.004184144918165211,-0.0018711970276237277,0.0006959614187736553,-0.004880106336938867,-0.004212464893462331
-0.001575500001991248,-0.0072065416718331,0.0007767101728038547,-0.0023522101747951024,-0.001684568731318567
-0.005787067149577996,0.003108858515779689,0.0006205898529334875,-0.006407657002511483,-0.005740015559034948
0.01640247094296865,0.013885824750712539,0.00045748387689483686,0.015944987066073814,0.016612628509550347
0.0,-0.0028167751776319028,0.0007102724450602535,-0.0007102724450602535,-4.263100158371775e-05
0.001041158130982156,-0.00494150905632218,0.0007424296204240236,0.0002987285105581324,0.0009663699540346681
0.005200465856209702,-0.001607929836799582,0.0006919769530917329,0.004508488903117969,0.005176130346594504
-0.0046561245998092415,0.0036984360198231148,0.000611666783847892,-0.005267791383657134,-0.004600149940180598
0.02078988504033985,0.007504645877610239,0.0005540610012622542,0.020235824039077595,0.02090346548255413
0.004582457606454149,-0.003988635996082901,0.0007280081879778978,0.0038544494184762513,0.004522090861952787
-0.011150806170138972,-0.010202524371008104,0.0008220534235565463,-0.011972859593695519,-0.011305218150218982
0.0,-0.0006290422223540482,0.0006771617985941017,-0.0006771617985941017,-9.520355117565998e-06
-0.004100065337117709,-0.011358438273891824,0.0008395478149498649,-0.004939613152067574,-0.004271971708591038
-0.008234954476173284,-0.017081454337735447,0.0009261638533255207,-0.009161118329498804,-0.00849347688602227
0.006746278421862595,0.007448895819775148,0.0005549047607581251,0.00619137366110447,0.006859015104581006
-0.001030694862266368,0.013779387810288313,0.00045909476633032456,-0.0014897896285966925,-0.0008221481851201569
-0.022703839842800666,-0.012475001040294531,0.0008564466393362869,-0.02356028648213695,-0.02289264503866042
-0.007919547442993391,-0.000503600390907244,0.0006752632761427753,-0.008594810719136167,-0.00792716927565963
0.012240304409039116,0.015486673802446171,0.00043325553272250403,0.011807048876316612,0.012474690319793147
-0.003680183717438612,-0.004055288780130728,0.0007290169567873031,-0.004409200674225915,-0.0037415592307493794
-0.01635872910700853,-0.005934396967956612,0.0007574566649923896,-0.01711618577200092,-0.016448544328524384
0.012338804477811438,0.0011692656800530443,0.0006499449771579014,0.011688859500653537,0.012356500944130072
0.022257357984866832,-0.008407570124922548,0.0007948873586482684,0.021462470626218564,0.0221301120696951
0.026956955759542822,0.003679773444691614,0.0006119492360209676,0.026345006523521855,0.027012647966998392
-0.0015137400113036659,0.013644592157896263,0.0004611348559037618,-0.0019748748672074276,-0.001307233423730892
-0.01567272186156987,0.006680165568110796,0.0005665392500267028,-0.016239261111596574,-0.015571619668120039
0.004622202521721075,0.002414323726029899,0.0006311014173483169,0.003991101104372758,0.004658742547849294
0.008691312889642866,-0.0038835019016946193,0.000726417016705174,0.007964895872937692,0.008632537316414227
0.01013708857791995,0.005658384242170911,0.0005820035872838132,0.009555084990636138,0.010222726434112673
-0.006021440367480979,-0.002496683664631072,0.0007054279612313576,-0.006726868328712336,-0.006059226885235801
0.0025243208808694018,-0.0076588713308223255,0.0007835560391555114,0.0017407648417138903,0.002408406285190426
0.015105879384300414,-0.016147208958519288,0.0009120243449411744,0.01419385503935924,0.014861496482835775
0.008928002825667969,0.00035058102206497743,0.000662335510569445,0.008265667315098525,0.00893330875857506
0.00884993091114672,-0.004278673417828949,0.0007323978126394543,0.008117533098507265,0.008785174541983801
0.012670386043200699,-0.006702266480503982,0.0007690781272466176,0.011901307915954082,0.012568949359430617
0.00769987800046823,0.002517410777005402,0.0006295412274303228,0.007070336773037907,0.007737978216514443
-0.017191873321652618,-0.0033873413051768164,0.0007189077829743828,-0.017910781104627002,-0.017243139661150465
-0.01311953670139232,-0.01111286391927968,0.0008358311247491254,-0.013955367826141445,-0.01328772638266491
0.0029540502009501868,-0.005745837446504476,0.0007546028762621122,0.0021994473246880744,0.0028670887681646103
-0.0044185741361344455,-0.004403818556987793,0.0007342918447468235,-0.005152865980881269,-0.004485224537404733
0.0029585914463676755,-0.015051375861739213,0.0008954392575492878,0.0020631521888183875,0.0027307936322949235
-0.010815716148813048,-0.007387777046316768,0.0007794531128858297,-0.011595169261698879,-0.010927527818222342
-0.012425333568588659,0.016035901237667627,0.00042494314916890016,-0.012850276717757559,-0.012182635274281024
0.03371869555326534,0.0004863370186602989,0.0006602808864901744,0.03305841466677517,0.03372605611025171
-0.029697774321850168,0.0016937032123527374,0.0006420077809458752,-0.03033978210279604,-0.02967214065931951
0.026593152948372722,0.001380031526917458,0.0006467551027146651,0.025946397845658057,0.026614039289134594
-0.012219524404052162,-0.002165632329979128,0.0007004176039675223,-0.012919942008019684,-0.012252300564543149
0.014843939192392464,0.011078977592776207,0.0004999646210399326,0.01434397457135253,0.015011616014829067
0.011214494366369676,-0.014334892170861036,0.0008845955034566327,0.010329898862913044,0.010997540306389579
0.013500670376281443,-0.0022766655169013106,0.0007020980561403167,0.012798572320141127,0.013466213763617662
-0.0009514234582082004,-0.024642584749729912,0.0010405991711059856,-0.0019920226293141862,-0.0013243811858376503
0.0038090719214358693,0.00010955419561042845,0.0006659833753695533,0.003143088546066316,0.003810729989542852
0.02087305561289443,0.005726850663809513,0.0005809673696429858,0.020292088243251447,0.02095972968672798
0.0037175126050528196,0.023049400920118535,0.0003187960493065195,0.0033987165557463,0.004066357999222836
0.011574129847964798,-0.00010646449242102118,0.0006692527499027824,0.010904877098062015,0.011572518541538552
0.008695617882751527,0.008114163624478143,0.0005448361429070782,0.008150781739844449,0.008818423183320984
-0.03357530979956991,-0.012620113782869202,0.0008586428748071346,-0.034433952674377044,-0.03376631123090051
0.01924864016880279,0.011650737147309576,0.0004913112209857224,0.018757328947817065,0.0194249703912936
-0.005988060076347668,-0.007023250955987548,0.0007739361257803142,-0.006761996202127982,-0.006094354758651446
-0.010194317956223609,0.010814652782245693,0.0005039650934616669,-0.010698283049685276,-0.01003064160620874
0.0009708097132283822,0.010337815429059649,0.0005111818760150903,0.00045962783721329185,0.0011272692806898277
-0.029097979090729087,0.0014447466011910937,0.0006457756605299434,-0.02974375475125903,-0.029076113307782495
0.004495498731635461,0.009815695418065262,0.0005190839972750147,0.003976414734360447,0.004644056177836982
-0.001989094361238175,-0.0016863570122068738,0.0006931639235910277,-0.0026822582848292026,-0.002014616841352667
-0.011958186839899687,-0.022261677039013494,0.001004564885802616,-0.012962751725702304,-0.012295110282225767
-0.013615885003610217,0.007174604262178752,0.0005590560767449845,-0.014174941080355202,-0.013507299636878667
-0.03578709474097608,-0.015954853497705423,0.0009091131058690214,-0.036696207846845096,-0.036028566403368566
0.013255354508472816,0.004772721486371312,0.0005954078130257039,0.012659946695447113,0.013327588138923648
0.07535313738472516,0.008984905521485453,0.0005316577396446867,0.07482147964508047,0.075489121088557
-0.0180047763317549,-0.002109799583246086,0.0006995725930013292,-0.01870434892475623,-0.018036707481279696
0.040634668070048896,0.02492023877666627,0.00029048150995005683,0.04034418656009884,0.041011828003575376
-0.013333560207621664,0.0024593113157624913,0.000630420544403835,-0.013963980752025498,-0.013296339308548963
-0.008687087656710557,0.0062321108631679945,0.0005733204163007067,-0.009260408073011263,-0.008592766629534728
0.02775047583861312,-0.0046870230309741245,0.0007385780549047734,0.027011897783708348,0.02767953922718488
0.019895892405303872,-0.00943264946713962,0.0008104016103388245,0.01908549079496505,0.019753132238441582
0.022294393447527927,-0.0016388318166757898,0.0006924446447852355,0.02160194880274269,0.022269590246219228
0.012721785721081735,-0.008125926498228409,0.0007906247714205095,0.011931160949661226,0.012598802393137761
-0.020188544822734578,-1.4923577632885987e-05,0.0006678673071048275,-0.020856412129839404,-0.02018877068636287
-0.00457875687842757,-0.004987097282612596,0.000743119583812873,-0.0053218764622404435,-0.004654235018763908
-0.022539255060151864,0.01649736234989274,0.00041795908116009587,-0.02295721414131196,-0.022289572697835425
0.00847042180200952,-0.002314313728559836,0.0007026678499185295,0.007767753952090991,0.008435395395567527
-0.012132425990402207,0.007409672577889825,0.0005554983921207592,-0.012687924382522966,-0.012020282939046431
-0.0037792335360480322,0.006680490923747229,0.0005665343258720304,-0.004345767861920063,-0.003678126418443527
-0.004741352170343216,0.002717099891568653,0.0006265189958277444,-0.00536787116617096,-0.0047002297226944245
0.007622889429265589,-0.010061659913606968,0.0008199214845383935,0.006802967944727196,0.007470609388203731
-0.02080390478004568,-0.00890905606969361,0.0008024771898408738,-0.021606381969886554,-0.020938740526410017
-0.0024140937105242566,-0.009040932945028057,0.0008044731046465293,-0.003218566815170786,-0.0025509253716942504
0.015004856040696568,-0.000313861457302278,0.0006723916373825224,0.014332464403314045,0.015000105846790582
0.007629364863677157,0.016540974699349675,0.00041729902204230314,0.007212065841634854,0.007879707285111389
-0.007098407890199665,0.01908056557933535,0.0003788631171513475,-0.007477271007351013,-0.006809629563874477
0.009533210773062128,-0.0004833595887074882,0.0006749569380020939,0.008858253835060035,0.00952589527853657
0.02691161523286123,-0.0043168283608459035,0.0007329752756365366,0.026178639957224692,0.02684628140070123
0.006436970165313083,-0.0028999798130677767,0.000711531720906337,0.005725438444406746,0.006393079887883282
0.004568222910570352,-0.0075036694675360005,0.0007812071080331072,0.003787015802537245,0.00445465724601378
-0.03592528663788508,0.01904028588598905,0.0003794727375727691,-0.03630475937545785,-0.035637117931981314
0.0,0.0023292692665812798,0.0006323886896958759,-0.0006323886896958759,3.525275378065976e-05
-0.004245434300152118,0.005106758007594747,0.0005903522759070944,-0.004835786576059212,-0.0041681451325826764
-0.01468468666356948,0.0006208264404641284,0.0006582454316198526,-0.015342932095189332,-0.014675290651712797
0.009134211527838998,0.0004136855394443195,0.0006613804436540228,0.008472831084184975,0.00914047252766151
-0.01048080983332389,0.002188441817939202,0.0006345200685981634,-0.011115329901922053,-0.010447688458445518
-0.036591300891023026,-0.0012519007957618733,0.0006865885661402801,-0.03727788945716331,-0.03661024801368677
-0.006496945840761104,-0.00012814640056846294,0.0006695808987262708,-0.007166526739487374,-0.0064988852960108385
-0.006036070960137474,0.0011396405267545262,0.0006503933444849129,-0.006686464304622387,-0.006018822861145851
0.001518076456080042,0.007100510313353237,0.000560177465230231,0.0009578989908498109,0.0016255404343263468
0.023749611272350313,0.0018721339981915275,0.0006393072874261643,0.023110303984924148,0.023777945428400685
0.0009868555435441628,-2.1174829462955458e-05,0.0006679619178244846,0.0003188936257196782,0.0009865350691962138
0.005917262567012083,-0.003497536135912971,0.0007205755468914092,0.0051966870201206735,0.0058643284635972095
0.005392331463978772,0.0002264032488046297,0.000664214901899844,0.004728116562078929,0.005395758005555464
0.028278318429749705,-0.008072242646582573,0.0007898122833019307,0.027488506146447773,0.02815614758992431
0.003319245976379559,0.006454730908207917,0.0005699511323166568,0.0027492948440629023,0.0034169362875394378
0.012287314178122788,-0.0004890148137838279,0.0006750425280453106,0.011612271650077477,0.012279913093554013
-0.018673998237766276,-0.0008081822874276279,0.0006798730268307406,-0.019353871264597016,-0.01868622982112048
0.005709027086271634,0.0008443492265819419,0.0006548624849350566,0.005054164601336578,0.005721806044813114
0.0028382702479512467,-0.00780580496271055,0.0007857798332103123,0.0020524904147409344,0.0027201318582174704
0.011792733686055934,0.0050732955705157234,0.0005908587193106855,0.011201874966745249,0.011869516410221784
-0.029837178848351464,-0.0011659590635981765,0.0006852878652007545,-0.03052246671355222,-0.029854825270075682
0.007208037657210786,-0.0010676612969652277,0.000683800159586802,0.006524237497623984,0.00719187894110052
0.0038167805767062024,0.020435540463669577,0.00035835600075148166,0.003458424575954721,0.004126066019431256
-0.002376545957521903,0.0040499740579702515,0.0006063463668050286,-0.0029828923243269316,-0.0023152508808503957
0.001429276921750322,-0.006147829935223559,0.0007606869054595129,0.0006685900162908091,0.0013362314597673449
-0.004281157546060066,0.0031349558295050706,0.0006201948783428307,-0.004901352424402897,-0.004233710980926361
-0.009078508624539516,0.002092692232889659,0.0006359692082896452,-0.009714477832829162,-0.009046836389352626
0.005304094329699582,0.01630974737217783,0.00042079857451959705,0.0048832957551799856,0.005550937198656521
-0.002877747389067209,0.003958951318527193,0.0006077239671829947,-0.003485471356250204,-0.002817829912773668
-0.012024819957459854,-0.003124690820504483,0.0007149326509450513,-0.012739752608404905,-0.01207211116492837
-0.018987585028110154,-0.0012797755200721905,0.0006870104412780814,-0.019674595469388236,-0.0190069540259117
0.019850965581206692,0.001185553958514829,0.0006496984592141143,0.019201267121992577,0.019868908565469114
-0.007785943214722479,-0.0005407337436069692,0.000675825277693457,-0.008461768492415936,-0.007794127048939401
0.005885667037917042,-7.531901909729743e-05,0.00066878137301295,0.005216885664904092,0.005884527108380628
-0.01316445414247025,-0.002232653981520283,0.0007014319554697946,-0.013865886097940044,-0.013198244654463509
0.0004939975520188433,-0.0105018557847808,0.0008265837098484499,-0.00033258615782960654,0.0003350552856469292
-0.02868638059049189,-0.0057367349435899495,0.0007544651127589238,-0.029440845703250812,-0.02877320425977428
-0.005181376483530231,0.009648981834660786,0.0005216071546411339,-0.005702983638171365,-0.00503534219469483
-0.011458398540503234,-0.004477753072888002,0.0007354108202651617,-0.012193809360768396,-0.011526167917291861
0.02002136191624526,0.002651506710448004,0.000627511727881918,0.019393850188363343,0.02006149163183988
-0.02324418162610964,0.0008722869484341089,0.0006544396563493806,-0.02389862128245902,-0.023230979838982483
-0.04812270989614631,0.0036244096381636837,0.0006127871497254462,-0.04873549704587175,-0.04806785560239522
-0.007777370581384391,0.007174435557619541,0.0005590586300351399,-0.00833642921141953,-0.007668787767942995
0.07166792126732568,-0.00032158936312698394,0.0006725085967934359,0.07099541267053225,0.07166305411400878
0.008882487628207203,-0.0034567355331607263,0.0007199580426708523,0.00816252958553635,0.008830171029012887
0.019160739363897505,-0.00989094181235195,0.000817337720060928,0.018343401643836577,0.019011043087313113
-0.017276357246356566,-0.006188030354815854,0.0007612953260977358,-0.0180376525724543,-0.017370011128977767
0.012410006728941658,0.00019538952303133073,0.0006646842848321623,0.011745322444109496,0.012412963887586032
-0.01583298164569491,-0.0029661372528556607,0.0007125329928370074,-0.01654551463853192,-0.015877873195055382
-0.025946878785027105,0.008077922524027725,0.0005453846405021176,-0.02649226342552922,-0.025824621982052688
0.01917947470394532,0.010269933278491461,0.000512209250898027,0.018667265453047293,0.01933490689652383
0.005227250446487641,0.004117058019306619,0.0006053310722637095,0.004621919374223932,0.005289560817700468
-0.013520025156532944,-0.0024437290975140025,0.000704626510603505,-0.01422465166713645,-0.013557010223659913
0.012650933694097644,-0.016571304555192734,0.0009184428976879481,0.011732490796409695,0.012400132239886232
0.013014301197597167,0.00043958226653084687,0.000660988504878715,0.012353312692718452,0.013020954136194987
-0.00976375630038373,-0.01444390628760639,0.0008862453976407776,-0.010650001698024507,-0.009982360254547972
-0.015049301405448912,-0.0030853828766044256,0.0007143377376442087,-0.01576363914309312,-0.015095997699616585
0.009484065301028854,0.002995542646406335,0.0006223048527833431,0.008861760448245512,0.009529401891722047
-0.014614112412203117,-0.0007289817322603254,0.0006786743514733387,-0.015292786763676456,-0.014625145320199921
0.005296553987812258,0.00015587969925845435,0.0006652822535210408,0.004631271734291217,0.005298913177767753
-0.008956590424393451,0.010926475234507071,0.0005022726960075478,-0.009458863120401,-0.008791221676924463
-0.0063796207253749015,-0.009379454163327194,0.0008095965162372141,-0.007189217241612115,-0.00652157579813558
-0.002675242333676886,0.002163809008205897,0.0006348928783840102,-0.0033101352120608963,-0.0026424937685843608
-0.017703699322763722,0.007853184882181896,0.0005487859736441915,-0.018252485296407914,-0.017584843852931378
-0.01529236220891117,-0.023705000038029778,0.001026409122980469,-0.01631877133189164,-0.0156511298884151
0.016084394136216762,-0.01220484261628385,0.0008523578770192543,0.015232036259197508,0.015899677702674045
-0.010917179836994917,0.001698692425988746,0.0006419322707751995,-0.011559112107770116,-0.01089147066429358
-0.0071742536149143055,0.00013048788935265954,0.000665666550534485,-0.00783992016544879,-0.007172278721972254
-0.007226186106631727,-0.0039854205221913075,0.000727959522797356,-0.007954145629429083,-0.007286504185952547
-0.004479490475079118,-0.013852035718884714,0.0008772876237463972,-0.005356778098825515,-0.004689136655348979
0.001687115242059889,-0.0015935449138314572,0.0006917592418314571,0.0009953560002284318,0.0016629974437049676
-0.021335995109617922,0.00483994963594836,0.0005943903362409578,-0.02193038544585888,-0.021262744002382344
-0.045897943463226176,0.019862053761098286,0.0003670355406450815,-0.046264979003871255,-0.045597337560394725
0.03547785776829304,0.0006633863793055195,0.0006576013004039294,0.03482025646788911,0.03548789791136565
0.006968776076087924,0.002320181125065268,0.0006325262358438394,0.006336249840244084,0.00700389128372062
-0.02422140186975652,0.013026314842639719,0.0004704922875565208,-0.02469189415731304,-0.024024252713836507
0.0017727704084493645,-0.0020295818770267315,0.0006983585233844013,0.001074411885064963,0.0017420533285414988
0.03126881251576075,-0.0052265872985560735,0.0007467441894718715,0.030522068326288874,0.03118970976976541
0.010869158572461846,0.007856028682432292,0.0005487429336266774,0.010320415638835168,0.010988057082311703
-0.011884435699268447,0.004269642628790704,0.0006030217524499658,-0.012487457451718413,-0.011819816008241878
-0.011454353046446042,0.00016250753698754394,0.0006651819432928873,-0.01211953498973893,-0.011451893546262394
0.03823853020307033,-0.004745224843287543,0.000739458920929372,0.03749907128214096,0.038166712725617495
0.010044516608889609,-0.0017098123935156417,0.0006935189133699995,0.009350997695519609,0.010018639138996146
0.002762356520135345,0.0015848622233496368,0.0006436550548963882,0.002118701465238957,0.0027863429087154924
0.022589571729803914,0.0033065906083264984,0.0006175972402402722,0.02197197448956364,0.022639615933040178
-0.014008437098313675,0.0029209195962771606,0.0006234342490495064,-0.014631871347363181,-0.013964229903886646
0.004371519738273877,0.0003385605486661003,0.0006625174366331841,0.0037090023016406928,0.004376643745117229
-0.004352492730392177,0.0065488820784729285,0.000568526184127483,-0.00492101891451966,-0.004253377471043124
0.004918149074214506,0.0004482397633895907,0.0006608574764014595,0.004257291597813047,0.004924933041289582
0.007612430849592622,-0.0063214251654488685,0.0007633142143741288,0.006849116635218493,0.007516758078695029
0.0059365299805589355,-0.004135401260425775,0.0007302294338431414,0.005206300546715794,0.00587394199019233
0.013948313488452824,0.011870590853387819,0.00048798380466707694,0.013460329683785747,0.014127971127262282
0.010052968170173981,0.011486656421599406,0.000493794530883209,0.009559173639290772,0.010226815082767309
-0.004714280918178049,-0.007589201039747917,0.0007825016013314647,-0.005496782519509513,-0.004829141076032978
-0.0037595049789129753,0.00548810949285139,0.0005845806417699331,-0.004344085620682909,-0.0036764441772063725
0.004851668420646771,-0.009378687628036508,0.0008095849149679858,0.0040420835056787854,0.0047097249491553205
0.011266244188582908,-0.002440296594621194,0.0007045745607576594,0.01056166962782525,0.011229311071301784
0.01114056043549927,-0.00478746019469678,0.0007400981396171516,0.010400462295882118,0.011068103739358653
0.0031478156049682404,-0.001218442012279497,0.0006860821780327189,0.0024617334269355215,0.0031293748704120574
0.01621319488658468,-0.011049941573072375,0.0008348788149367853,0.015378316071647895,0.016045957515124432
0.011837740098606941,0.016941941334216226,0.00041123051881856174,0.01142650957978838,0.012094151023264915
0.005594857527247754,0.025403420320955883,0.0002831687100704615,0.005311688817177293,0.005979330260653828
-0.01315133828605608,-0.0020856174946130013,0.0006992066047368056,-0.013850544890792885,-0.01318290344731635
-0.013326355174729465,0.004865096315322948,0.0005940097492005876,-0.013920364923930053,-0.013252723480453516
0.018701393972285985,-0.0031231161538831653,0.0007149088188636838,0.0179864851534223,0.018654126596898836
0.04232559435927152,-0.003242371304872038,0.0007167137078626514,0.04160888065140887,0.04227652209488541
-0.016634229980755366,0.002655865938542279,0.0006274457523432003,-0.017261675733098565,-0.016594034289622032
0.021890646633357047,0.007597415119266371,0.0005526569681255778,0.02133798966523147,0.022005631108708006
-0.024343101567595782,-4.7513986152325494e-05,0.000668360552631925,-0.025011462120227708,-0.02434382067675117
-0.014470812069087735,-0.0009306715612543703,0.0006817268632561547,-0.01515253893234389,-0.014484897488867355
-0.0005064822280492765,0.0011286697641588184,0.000650559383507589,-0.0011570416115568654,-0.0004894001680803297
-0.014184397737316612,0.00019699191031485874,0.0006646600332073382,-0.01484905777052395,-0.014181416327047414
-0.01952739454334762,0.005642922184040833,0.0005822376006441499,-0.02010963214399177,-0.019441990700515235
0.003144684642818696,0.0034032703971196288,0.0006161340222092832,0.002528550620609413,0.0031961920640859484
0.003657200285802631,0.004428106846314561,0.0006006234466278086,0.003056576839174822,0.003724218282651358
0.014575911613241344,0.001507477027169024,0.0006448262553695852,0.013931085357871758,0.014598726801348294
0.01436634268137671,6.614683421224399e-06,0.0006675413323346721,0.013698801349042037,0.014366442792518573
-0.016185783691583855,0.005445481690718124,0.0005852258000753188,-0.016771009491659175,-0.01610336804818264
-0.0056555928117792975,-0.0018496216125600817,0.0006956348816893144,-0.006351227693468612,-0.0056835862499920765
-0.014994982335706175,0.005105995170664235,0.0005903638212028109,-0.015585346156908986,-0.01491770471343245
-0.007874132010714963,-0.0038996213232838084,0.0007266609790535908,-0.008600792989768553,-0.007933151546292018
0.00899514727465034,-0.0025633010773032927,0.0007064361947061783,0.008288711079944161,0.008956352523420696
-0.0068172896643298175,0.010052705569688847,0.0005154969235783071,-0.007332786587908125,-0.006665145144431589
-0.002117465231936455,-0.011538744820964397,0.0008422766975226899,-0.002959741929459145,-0.0022921004859826092
0.0031826839264568196,0.010416510240551347,0.0005099908549282908,0.002672693071528529,0.0033403345150050646
0.0010579503226111342,0.0005491705981217621,0.0006593299201344625,0.0003986204024766717,0.0010662618459532074
-0.014263151482011294,-0.0018053993582290984,0.0006949655918541191,-0.014958117073865412,-0.014290475630388877
0.0042873005612955595,0.005657940611518475,0.0005820103014934514,0.003705290259802108,0.004372931703278644
-0.004268998083416298,-0.000606117484177382,0.0006768148399311326,-0.004945812923347431,-0.004278171479870895
-0.036441713085372585,0.001595272232703504,0.0006434975026967042,-0.03708521058806929,-0.03641756914459275
-0.0005558483042992224,0.000592263093356804,0.0006586777288459281,-0.0012145260331451505,-0.0005468845896686148
-0.018920440746347356,0.0006906716689645265,0.0006571883461731827,-0.01957762909252054,-0.018909987649044002
0.006239240409164903,-0.0010450813177572682,0.0006834584187418035,0.0055557819904231,0.0062234234338996355
0.005073098587626168,0.007336475471722448,0.0005566062071759772,0.004516492380450191,0.005184133823926727
0.0039261748956347375,-0.012404137955230099,0.0008553741489523902,0.0030708007466823473,0.0037384421901588832
0.02849151668643679,-0.006303057332801343,0.0007630362230353438,0.027728480463401445,0.028396121906877982
-0.01792512007757696,0.008772467921830174,0.0005348729155377656,-0.018459992993114727,-0.01779235154963819
0.006084303927612833,-0.018309580659152336,0.0009447511568380948,0.005139552770774738,0.005807194214251274
0.0005496938871900614,0.006109463971145868,0.0005751766382276654,-2.5482751037604026e-05,0.0006421586924389317
-0.0010989589404662992,0.012725994077109837,0.0004750375473744134,-0.0015739964878407125,-0.0009063550443641768
-0.004400408889336238,-0.0008640799292052304,0.0006807190199629118,-0.00508112790929915,-0.004413486465822614
0.01491703200132588,0.002323855425648391,0.000632470626466413,0.014284561374859468,0.014952202818336003
0.006532300539795699,0.00461072337316093,0.0005978596032415765,0.0059344409365541225,0.006602082380030658
0.034613237071372316,0.00956601649469957,0.0005228628088258791,0.034090374262546436,0.03475801570602297
-0.005764933078932333,0.001084512714484509,0.0006512276864909248,-0.0064161607654232575,-0.0057485193219467216
-0.0184504479800649,0.0018164914425815581,0.0006401494199098527,-0.019090597399974752,-0.018422955956498215
0.002685494470628935,0.004481139122655131,0.0005998208198954318,0.0020856736507335032,0.002753315094210039
-0.0010711334267455852,0.0032490857396794137,0.0006184675582428706,-0.0016896009849884557,-0.0010219595415119202
-0.011260367353118084,-0.0024032529493148713,0.0007040139169000093,-0.011964381270018093,-0.011296739826541558
0.0021692462082807396,0.00131405176760091,0.0006477536855075886,0.0015214925227731509,0.002189133966249687
0.009199405271159922,0.005602990523162488,0.0005828419537042249,0.008616563317455696,0.009284204760932233
0.0,-0.0016184626244926115,0.0006921363635027548,-0.0006921363635027548,-2.449492002621908e-05
-0.004825823012011843,-0.005510332450180511,0.0007510385826148993,-0.005576861594626743,-0.004909220151150207
-0.0043105264798906084,-0.0024225306518709244,0.0007043056788321379,-0.005014832158722746,-0.00434719071524621
-0.004869787573615225,0.006697492376419811,0.0005662770142620851,-0.00543606458787731,-0.004768423144400774
0.0016311197029890145,-0.008282433828555424,0.0007929934603737556,0.000838126242615259,0.0015057676860917948
-0.003257272201106387,0.007174256352702191,0.0005590613422448952,-0.0038163335433512822,-0.0031486920998747463
0.008342539321939402,-0.0033400389194234714,0.000718191876324119,0.007624347445615283,0.008291988889091818
0.001102963876215668,0.0077851108025177584,0.0005498162533133029,0.000553147622902365,0.0012207890663789008
0.0016533092648194359,-0.0005883499068413123,0.0006765459332666718,0.000976763331552764,0.0016444047750292998
-0.017601965555674948,0.00405666949441863,0.000606245033491635,-0.018208210589166583,-0.017540569145690046
-0.010638042847684659,-0.0044735804606589324,0.0007353476690985516,-0.01137339051678321,-0.010705749073306675
0.005092898120010236,0.005172264111710456,0.0005893608617358549,0.004503537258274381,0.005171178701750917
0.0011262054966052482,-0.010546128701639845,0.0008272537664449868,0.00029895173016026135,0.0009665931736367971
-0.023622046554611753,0.004048451943253761,0.0006063694035299347,-0.024228415958141687,-0.02356077451466515
-0.006336178998245012,-0.00429489561132812,0.0007326433304082298,-0.007068822328653242,-0.0064011808851767065
0.0017389365834639126,0.006302737952936344,0.0005722514976309891,0.0011666850858329234,0.0018343265293094592
0.0017361882262292294,0.0035443321494683655,0.0006139990971944878,0.0011221891290347417,0.0017898305725112774
-0.008665535738072161,0.01218913260513399,0.00048316277598469987,-0.009148698514056862,-0.008481057070580325
0.013986453033587143,0.0035522505198095633,0.0006138792551633464,0.013372573778423796,0.014040215221900331
-0.0022993691274842964,-0.002836767069231527,0.0007105750160177133,-0.00300994414350201,-0.002342302700025474
-0.048962948540641205,-0.022966290584432447,0.0010152289889973616,-0.04997817752963857,-0.04931053608616203
0.01877616707093077,0.014307223290395576,0.00045110614325274083,0.018325060927678032,0.018992702371154566
0.0005948962217563469,-0.014327681394279534,0.0008844863706332866,-0.0002895901488769397,0.00037805129459959604
-0.01544876258927852,-0.006701003439812281,0.0007690590115251516,-0.01621782160080367,-0.015550180157327136
0.004224282440904004,0.008847902373522176,0.0005337312389655331,0.0036905512019384705,0.0043581926454150065
0.011418653717504279,0.004661629963028435,0.0005970891481017781,0.010821564569402501,0.011489206012879036
0.003565220029765115,0.01041921875000007,0.000509949862494278,0.0030552701672708366,0.0037229116107473726
-0.018354096203984094,6.340190171760796e-06,0.0006675454867032016,-0.019021641690687294,-0.01835400024721076
-0.007841086512059725,0.0040347322693841114,0.0006065770464554722,-0.008447663558515197,-0.007780022115038662
-0.0030392070198564936,-0.0018421130247733286,0.0006955212415875518,-0.0037347282614440453,-0.00306708681796751
-0.012195311816189491,0.007186011722218666,0.0005588834284445843,-0.012754195244634076,-0.01208655380115754
0.0037038677932550446,0.002484899676771457,0.0006300332726515985,0.003073834520603446,0.003741475964079982
0.012915124734784733,-0.009307883608932754,0.000808513318528726,0.012106611416256007,0.012774252859732542
0.00850014316418668,0.009407983261396247,0.0005252545918381457,0.007974888572348534,0.00864253001582507
0.010836950461743822,0.010534666895180678,0.0005082025913243547,0.010328747870419467,0.010996389313896003
0.005359921367172671,0.0019077786269059427,0.0006387678172422313,0.004721153549930439,0.005388794993406975
0.007109321872334151,0.005230269513137653,0.0005884829683279096,0.0065208389040062415,0.0071884803474827775
0.0,0.004139081299929126,0.0006049977568757608,-0.0006049977568757608,6.264368660077494e-05
0.001176461645527871,-0.0036871039064235722,0.0007234445951523548,0.00045301705037551615,0.0011206584938520518
-0.00411305165765663,0.004321655306021466,0.0006022345570276949,-0.004715286214684325,-0.004047644771207789
0.007669743865770906,4.2889368592202715e-05,0.0006669923264455074,0.007002751539325398,0.007670392982801934
0.001171133740957453,0.010142153479971716,0.0005141431577416829,0.00065699058321577,0.0013246320266923058
-0.0005849729419286076,0.0051141362697153525,0.0005902406082430769,-0.0011752135501716845,-0.0005075721066951488
-0.006436191199608587,-0.005009741163373271,0.0007434622917876647,-0.007179653491396252,-0.006512012047919716
-0.0035335413652555214,0.010300096519028301,0.0005117527397908192,-0.004045294105046341,-0.003377652661569805
0.007682878992723463,-0.000707617924973758,0.0006783510170057887,0.007004527975717674,0.00767216941919421
-0.012903037877613932,0.001722386289245481,0.0006415736716473588,-0.01354461154926129,-0.012876970105784756
-0.01544876258927852,-0.008273657594813577,0.0007928606348513217,-0.01624162322412984,-0.015573981780653305
0.025950599789100748,-0.002923832356719225,0.0007118927216117733,0.025238707067488975,0.02590634851096551
-0.005294077404875419,-0.0005513654411685165,0.0006759861850740613,-0.00597006358994948,-0.005302422146472944
0.0023651699379525493,0.006340981548631053,0.000571672692903663,0.0017934972450488864,0.002461138688525422
-0.0029498308313581356,-0.007047981897774669,0.0007743104207637641,-0.0037241412521218996,-0.003056499808645364
0.010059373834057306,0.00367034439193481,0.0006120919417527563,0.00944728189230455,0.010114923335781085
-0.00527218540726937,-0.014307241527974024,0.0008841770197203133,-0.006156362426989683,-0.0054887209835131475
-0.0035335413652555214,0.005935988427895333,0.0005778021357177659,-0.004111343500973287,-0.0034437020574967516
-0.01182033053420839,-0.005510807488524838,0.0007510457721700226,-0.012571376306378413,-0.011903734862901876
-0.01076555914981736,-0.013779732742503992,0.0008761933410627557,-0.011641752490880116,-0.010974111047403581
0.0006039312952847986,0.008490293972530871,0.0005391435290304533,6.478776625434531e-05,0.000732429209730881
-0.008458965878251234,0.012831541229424204,0.00047344012460059676,-0.008932406002851832,-0.008264764559375295
0.0024376149228748645,-0.00034681344994402785,0.0006728903553709697,0.0017647245675038946,0.0024323660109804306
0.007294872928172547,-0.010153367167240024,0.000821309444822166,0.0064735634833503804,0.007141204926826916
0.002414077020266303,-0.008369555515669425,0.0007943120195583248,0.0016197650007079784,0.002287406444184514
-0.006622653740611328,0.014784291377196501,0.0004438858686190196,-0.007066539609230348,-0.006398898165753812
-0.04181824752508223,-0.005885016114436148,0.0007567093013897304,-0.04257495682647196,-0.04190731538299543
-0.011385016678749582,0.007567364431436019,0.0005531117757831646,-0.011938128454532747,-0.01127048701105621
-0.0059405980043280016,0.007791157767295331,0.0005497247344135851,-0.006490322738741587,-0.005822681295265051
-0.013944165619696025,-0.013851474486292426,0.0008772791296685877,-0.014821444749364613,-0.014153803305888077
0.01212121951187295,-0.02501035094286319,0.001046165196142845,0.011075054315730104,0.01174269575920664
-0.04657375964975674,0.002669776576555538,0.0006272352192357365,-0.04720099486899248,-0.04653335342551594
0.029309552829732022,-0.012145015629135836,0.0008514524144874521,0.028458100415244568,0.029125741858721105
0.003389752475019714,0.009497272121224087,0.0005239032331798628,0.0028658492418398513,0.0035334906853163868
-0.045945993070261815,0.009590486444071455,0.0005224924638801021,-0.046468485534141915,-0.04580084409066538
0.012039833312866621,0.0061998311850259835,0.000573808959021802,0.01146602435384482,0.012133665797321355
-0.04058781685405033,-0.004289562412875814,0.0007325626141361354,-0.041320379468186466,-0.04065273802470993
0.014587885707039838,0.005403747467634501,0.0005858574343443586,0.01400202827269548,0.014669669716172016
0.02300495739913111,-0.0005449081736377259,0.0006758884563719208,0.022329068942759187,0.022996710386235724
0.033731710752033184,0.0008240472350893313,0.000655169749156336,0.033076541002876846,0.03374418244635338
-0.00611869925705244,0.010201732142340214,0.0005132414535268927,-0.006631940710579333,-0.005964299267102797
-0.009575747028519821,0.0052515464964768555,0.0005881609479133471,-0.010163907976433168,-0.009496266532956632
0.026933334806284792,0.007229670722828763,0.0005582226632763406,0.02637511214300845,0.02704275358648499
0.016139961531119518,0.00018159245054127915,0.0006648930991613445,0.015475068431958174,0.01614270987543471
-0.010588634433590816,0.013554249906357896,0.0004625021573124765,-0.011051136590903293,-0.010383495147426756
-0.010033516724445746,0.003086483632862347,0.0006209284897109838,-0.010654445214156729,-0.009986803770680194
0.008107738554262278,0.001374879432867404,0.0006468330780289008,0.007460905476233378,0.008128546919709913
-0.004691401029978115,-0.003708760911961373,0.0007237723670827211,-0.005415173397060836,-0.0047475319535843
-0.005387366749965872,0.0027740472164057284,0.0006256571160744023,-0.006013023866040274,-0.005345382422563738
0.004739351503946665,0.0050329647425946256,0.0005914691136377267,0.004147882390308938,0.004815523833785474
0.0,0.0016100503211176065,0.0006432738410017316,-0.0006432738410017316,2.4367602474804114e-05
0.0033691956955403946,0.0020330263437824403,0.0006368722326535429,0.0027323234628868517,0.0033999649063633872
0.008730777841503556,-0.0018519369130487462,0.0006956699230300585,0.008035107918473498,0.008702749361950033
0.007989387002755644,-0.0038112215188927934,0.0007253230759682043,0.00726406392678744,0.007931705370263975
0.0046238272479370846,0.0025564722015867236,0.0006289500451214143,0.0039948772028156705,0.004662518646292206
0.02629798014423468,0.0008282942843145236,0.0006551054714093283,0.02564287467282535,0.026310516116301887
-0.0403587803764176,-0.003736037754951127,0.0007241851934757997,-0.0410829655698934,-0.040415324126416866
0.016689146735564542,0.00037381693747806644,0.0006619838423374041,0.01602716289322714,0.016694804336703672
0.00590959169904548,-0.00013640921141577778,0.0006697059537555522,0.0052398857452899275,0.0059075271887664635
0.0032636326007857708,0.01254056989753427,0.00047784388369685683,0.002785788717088914,0.0034534301605654498
-0.0006508584674929097,0.0016404581697111453,0.0006428136278289365,-0.0012936720953218462,-0.0006260306518453104
-0.016927053526489155,-0.0014798348405500317,0.0006900382758301093,-0.017617091802319264,-0.016949450358842728
-0.005960569417168049,-0.005723033522392118,0.0007542577460818022,-0.006714827163249851,-0.006047185719773316
-0.008660176109081763,-0.0038058649299111957,0.0007252420056878457,-0.009385418114769608,-0.008717776671293073
-0.010081020771048665,0.003885449938943575,0.0006088363873201492,-0.010689857158368815,-0.010022215714892278
-0.01968761311062317,-0.003569960525698801,0.0007216716671285434,-0.020409284777751713,-0.019741643334275177
0.006925258706997894,-0.0011529207361400395,0.0006850905342376977,0.006240168172760197,0.006907809616236733
-0.009628535778804959,0.002776056134700333,0.00062562671173128,-0.010254162490536239,-0.009586521047059702
0.002777651147765736,-0.005176618120080079,0.0007459879217570522,0.002031663226008684,0.00269930466948522
0.05263169445506932,-0.014281601380197961,0.0008837889641917329,0.05174790549087759,0.05241554693435412
0.003947138897650415,-0.0033045953891290836,0.000717655449701181,0.003229483447949234,0.0038971248914257696
0.03997422497922298,-0.005900302398330837,0.0007569406544625985,0.03921728432476038,0.03988492576823692
0.010711616398861201,0.0038211953199089876,0.0006098088606604346,0.010101807538200766,0.010769448981677303
-0.006234272372334204,-0.005779602928505545,0.0007551139061547687,-0.0069893862784889725,-0.0063217448350124375
-0.0025092961350969833,0.008619376484360286,0.0005371899060328038,-0.0030464860411297872,-0.0023788445976532513
-0.000629258050659165,0.003947010921615535,0.0006079046813144218,-0.0012371627319735868,-0.000569521288497051
0.0006296542656749615,-0.00403965777164117,0.0007287803864167015,-9.912612074174001e-05,0.0005685153227347957
0.008804772262684724,-0.015874194741040237,0.0009078923610930662,0.007896879901591658,0.008564521345068193
0.024314170296755533,0.002747645185721348,0.000626056702459875,0.023688113594295658,0.024355755037772195
-0.015215815093784335,0.0019634016027962886,0.0006379259810914079,-0.015853741074875742,-0.015186099631399207
0.0067985100581891,-0.0031743183568806455,0.0007156837480147246,0.006082826310174375,0.006750467753650911
0.009207799454044485,0.004164221602432239,0.0006046172663473238,0.00860318218769716,0.009270823631173698
0.0,0.008116953209842404,0.0005447939234147219,-0.0005447939234147219,0.00012284752006181383
0.00912434019016617,0.0012098628337211537,0.0006493305520748976,0.008475009638091271,0.009142651081567808
0.0012055361333827008,5.443114110303959e-05,0.0006668176453683324,0.0005387184880143684,0.001206359931490904
-0.011438848803211,0.009992880823750605,0.000516402352190108,-0.011955251155401107,-0.011287609711924572
0.010961971723029817,0.007345789391592916,0.0005564652439440155,0.010405506479085802,0.011073147922562337
0.018072243702382806,0.0030522833735622257,0.0006214460998205747,0.017450797602562233,0.018118439046038767
0.007100806340354593,-0.0033804153149811222,0.0007188029603029299,0.006382003380051663,0.007049644823528199
-0.014101037470773736,0.002714679741101511,0.0006265556240397569,-0.014727593094813493,-0.014059951651336958
0.013706642823552828,0.0056931530442476674,0.0005814773724590842,0.013125165451093743,0.01379280689457028
-0.0064668682678005185,0.004217739327674108,0.000603807292499336,-0.0070706755602998545,-0.0064030341168233185
0.004142114708190592,0.012177672896303449,0.00048333621505402397,0.0036587784931365677,0.004326419936613104
-0.02531645344490152,-0.0018429538196846895,0.0006955339667526564,-0.026011987411654176,-0.025344345968177643
0.026592513561799702,-0.007216886263627376,0.0007768667349294608,0.02581564682687024,0.026483288270346777
0.0030120773708932624,-0.004719586526811925,0.0007390708931169447,0.002273006477776318,0.0029406479212528533
-0.0006006595647836122,-0.0025971430708935372,0.0007069483825775422,-0.0013076079473611545,-0.0006399665038846187
0.009014510670486864,-0.00273946595048713,0.0007091023943543908,0.008305408276132473,0.008973049719609008
-0.01488960729029809,0.0034854258676535466,0.0006148906251422204,-0.015504497915440311,-0.014836856471963774
-0.024788411191212334,-0.004073801130465626,0.0007292971353555866,-0.025517708326567922,-0.024850066883091385
-0.011779349548761142,-0.0060292307798877065,0.0007588919447473125,-0.012538241493508455,-0.01187060005003192
0.014428857455764277,0.007998543475556064,0.0005465860172992372,0.01388227143846504,0.014549912881941575
0.02844770972593924,-0.0006666695473820372,0.0006777312762597661,0.027769978449679475,0.028437619893156012
-0.01984330001972079,-0.008979414583967338,0.0008035420437054101,-0.0206468420634262,-0.019979200619949664
0.00981573558779103,0.0070532243451535415,0.0005608931234060118,0.00925484246438502,0.009922483907861554
-0.007898082115854299,-0.008506361953748875,0.0007963825417372837,-0.008694464657591583,-0.008026823214115048
-0.0030617889444403135,-0.012332078852067663,0.000854283557212789,-0.003916072501653102,-0.003248431058176567
-0.014741922341091063,0.0005739063518743759,0.0006589555523234366,-0.015400877893414499,-0.014733236449937964
-0.04177053394318064,0.02183049604365883,0.00033724378916570163,-0.04210777773234634,-0.04144013628886981
0.02992839235495315,0.006286271807078414,0.000572500707541571,0.029355891647411578,0.030023533090888115
-0.005053632285390686,0.004074720335558668,0.0006059718397190757,-0.0056596041251097615,-0.0049919626816332255
-0.0012696847978217463,-0.007063723409320266,0.000774548663563175,-0.002044233461384921,-0.0013765920179083855
0.0019069953142480944,0.013827532394934838,0.0004583661132661354,0.001448629200981959,0.0021162706444584948
0.0012689728097581288,0.0067439531397044394,0.0005655738453017448,0.0007033989644563839,0.0013710404079329197
0.015209309613534172,0.006548755402622897,0.0005685281013264154,0.014640781512207757,0.015308422955684292
-0.011860323896706215,9.173641713244862e-05,0.0006662530418124221,-0.012526576938518637,-0.011858935495042102
0.023373212412479916,0.005737513079636436,0.0005808059973511488,0.022792406415128766,0.023460047858605303
0.009259349483252688,-0.004724557241463034,0.0007391461233113338,0.008520203359941355,0.00918784480341789
-0.0024466331251296047,0.003258134764679621,0.0006183306041110043,-0.0030649637292406093,-0.0023973222857640733
0.011036173793551152,0.004394843515520774,0.0006011268766207348,0.010435046916930417,0.011102688360406952
-0.000606308832623359,0.001329699787098182,0.0006475168576807646,-0.0012538256903041236,-0.0005861842468275879
0.00485439804774912,0.00558419502875096,0.0005831264175685714,0.0042712716301805485,0.004938913073657084
0.005434781640353492,-0.004875923596155185,0.0007414370052240422,0.00469334463512945,0.005360986078605985
0.0,-0.0038393812241105385,0.000725749264201922,-0.000725749264201922,-5.810782072538622e-05
0.0030029434002187827,0.002903421198789946,0.0006236990817620755,0.002379244318456707,0.0030468857619332427
0.011976075940443476,0.003570558689741876,0.0006136021668008895,0.011362473773642585,0.012030115217119122
-0.027218901852709476,-0.0028055878101066467,0.0007101031277904642,-0.027929004980499942,-0.027261363537023405
0.021289563804528955,0.004265540341705787,0.0006030838392677575,0.020686479965261198,0.02135412140873773
-0.004168854557455637,-0.013182771972194418,0.0008671585285769823,-0.005036013086032619,-0.004368371642556083
-0.004186924305628503,0.013427559516743681,0.0004644195762968436,-0.004651343881925347,-0.0039837024384488115
-0.0036035143590774643,0.000722931253898329,0.0006567001075564397,-0.004260214466633904,-0.0035925730231573683
-0.0060279630756360225,-0.0023703916199453445,0.0007035165710715173,-0.00673147964670754,-0.006063838203231004
0.0006063982982913441,0.008095344244797742,0.0005451209682674162,6.127733002392788e-05,0.0007289187735004636
0.009696939893153234,0.00483725876385388,0.0005944310617391914,0.009102508831414042,0.009770150274890577
0.0036019719990865173,0.004222034052096646,0.0006037422932032925,0.002998229705883225,0.0036658711493597605
-0.021531442652716337,-0.00369819718572606,0.0007236124884266454,-0.022255055141142982,-0.021587413697666445
-0.01222505727339418,-0.0020429655768170463,0.000698561081448491,-0.01292361835484267,-0.012255976911366135
0.007425833640913426,-0.0036356111002209257,0.0007226652678136991,0.006703168373099727,0.007370809816576263
0.017199075534058084,0.00812856425584818,0.0005446181939051069,0.016654457340152976,0.017322098783629513
-0.019323697750416424,0.004961457973002625,0.0005925513459834001,-0.019916249096399823,-0.01924860765292329
0.008620991159623337,-0.0012633420978621634,0.0006867617266295624,0.007934229432993774,0.00860187087647031
0.0012209406268532952,0.00014980445507073448,0.0006653742004206887,0.0005555664264326065,0.0012232078699091424
-0.0006099957441529913,0.0024850813860768373,0.0006300305225387222,-0.0012400262666917134,-0.0005723848232151778
0.009152190565173246,-0.0007856896412440362,0.0006795326077434492,0.008472657957429797,0.009140299400906333
-0.0084643551081367,-0.002719020284730922,0.000708792955668565,-0.009173148063805266,-0.00850550662032873
0.00670707457429609,-0.0031928479771501372,0.000715964187958007,0.005991110386338083,0.006658751829814619
0.0,-0.0013034931835718133,0.0006873694006150721,-0.0006873694006150721,-1.972795713853634e-05
0.0018173483584620342,-0.004339572538419101,0.0007333195015718697,0.0010840288568901646,0.0017516703003667004
0.0036273004329177017,0.011237870620775636,0.0004975598253068275,0.003129740607610874,0.0037973820510874097
-0.006024243614599523,0.0018171001772671058,0.0006401402069028829,-0.0066643838215024054,-0.0059967423780258695
-0.0066665176475847465,-0.003179659038540561,0.0007157645775427999,-0.007382282225127546,-0.00671464078165101
0.009761838539149137,-0.01131687458772268,0.000838918761703098,0.00892291977744604,0.009590561220922575
0.00906362293003804,-0.0037705618911193506,0.000724707705359372,0.008338915224678669,0.009006556668155204
-0.01377212955190621,-0.00010141014414954963,0.0006691762539399959,-0.014441305805846206,-0.013773664362369669
0.009107195322073158,0.006320039831068547,0.0005719896391767139,0.008535205682896445,0.00920284712637298
-0.018050449545838343,-0.003100987910356179,0.0007145739148953674,-0.01876502346073371,-0.018097382017257174
0.0,0.01664796429762072,0.00041567976830506704,-0.00041567976830506704,0.0002519616751714687
-0.0012565263663074644,-0.0005799292044108562,0.0006764184885982086,-0.001932944854905673,-0.0012653034114291372
0.0006291441169050671,0.0048187283492318045,0.000594711513704749,3.4432603200318075e-05,0.0007020740466768538
-0.015713557685575807,0.00531812014989308,0.0005871533767210283,-0.016300711062296837,-0.0156330696188203
0.00830155484830497,0.0029157468493599126,0.0006235125369383561,0.007678042311366614,0.00834568375484315
0.0019001249554544408,0.004745529147706984,0.0005958193604725393,0.0013043055949819014,0.0019719470384584373
-0.012642687121830587,-0.00033658435338035364,0.0006727355412291565,-0.013315422663059743,-0.012647781219583208
0.012164057130326977,-0.00017925389411521664,0.0006703543944797243,0.011493702735847253,0.01216134417932379
-0.030360812852511687,0.003959675229718407,0.0006077130110160332,-0.030968525863527722,-0.030300884420051185
0.010437401687602987,-0.008861912729460575,0.000801763690294266,0.00963563799730872,0.010303279440785258
0.014202695232476525,-0.00033296507498215,0.0006726807645950995,0.013530014467881426,0.014197655911357961
0.029917408064256135,-0.0025117674736410134,0.0007056562499108723,0.029211751814345262,0.0298793932578218
-0.03337481726258007,0.006081764662643874,0.0005755958585026783,-0.03395041312108275,-0.03328277167760621
0.013427339308360153,-0.0002122089839386998,0.0006708531593430379,0.012756486149017116,0.01342412759249365
-0.0214509294960904,0.0003483091890779111,0.0006623698940432978,-0.022113299390133696,-0.021445657946657162
-0.03932979814147264,0.002306686808393188,0.0006327304680594549,-0.039962528609532096,-0.03929488716605556
0.004027052162852707,-0.012576216507389826,0.0008579785034240924,0.0031690736594286143,0.00383671510290515
-0.011363639643130474,0.010817971767347556,0.0005039148616716904,-0.011867554504802164,-0.01119991306132563
-0.022988512457762678,0.005166188100786506,0.0005894528202398131,-0.023577965278002492,-0.022910323834525955
0.019377156702379716,-0.0013471203041567348,0.000688029683289216,0.0186891270190905,0.019356768462567037
0.025119013958872394,-0.0038951743709020326,0.0007265936758355222,0.024392420283036873,0.025060061726513407
-0.000662475973213561,0.0027737519941737343,0.0006256615841695274,-0.0012881375573830884,-0.0006204961139065527
0.020543407303701633,0.0005748652214816463,0.0006589410401351474,0.019884466263566485,0.02055210770704302
0.0006491969423543242,-0.00888957673985069,0.0008021823763435178,-0.00015298543398919355,0.0005146560094873422
0.006489625377993358,-0.02087544856898549,0.0009835847562663846,0.005506040621726973,0.006173682065203509
-0.002578927101745787,-0.004876293940238585,0.000741442610264633,-0.0033203697120104203,-0.0026527282685338844
-0.007757436679245222,0.00614065260021901,0.0005747046081892124,-0.008332141287434435,-0.007664499843957898
0.01042389454431003,-0.010209232261157553,0.0008221549453527675,0.009601739598957264,0.010269381042433799
-0.022566215256997313,0.011267044743841437,0.000497118284179762,-0.023063333541177074,-0.02239569209770054
0.009234730560977678,-0.0064652996420466735,0.000765491709080985,0.008469238851896693,0.009136880295373228
-0.02483646126117045,-0.02283191982018462,0.0010131953299716279,-0.02584965659114208,-0.02518201514766554
-0.014745385501967245,0.007641088938743268,0.0005519959786784712,-0.015297381480645716,-0.014629740037169181
-0.019728116126591755,-0.0020282227794392593,0.0006983379538721932,-0.020426454080463948,-0.01975881263698741
-0.009021376720951158,0.012439792925644788,0.0004793691112983848,-0.009500745832249542,-0.008833104388773006
0.004902010185974248,0.013301886798946505,0.0004663215931400713,0.004435688592834177,0.005103330036310713
0.032055984647947344,0.0015692347655638095,0.0006438915715282115,0.03141209307641913,0.03207973451989567
-0.020256740270208407,0.011062113608869106,0.0005002198521035831,-0.02075696012231199,-0.020089318678835455
0.009648217641605061,-0.00026926239009483766,0.0006717166446035987,0.008976500997001462,0.009644142440477997
-0.0075080340778104215,0.005810025082904069,0.000579708551111673,-0.008087742628922095,-0.007420101185445559
-0.012379876262603284,0.004809216724759979,0.0005948554691333336,-0.012974731731736617,-0.012307090288260082
-0.006963743356302565,0.0011584739056558213,0.0006501083072507936,-0.0076138516635533586,-0.0069462102200768235
-0.001402898927495344,-0.006524484290135191,0.0007663874500142442,-0.002169286377509588,-0.0015016449340330526
-0.015449121246399744,0.006031458262132583,0.0005763572299663643,-0.01602547847636611,-0.015357837032889572
0.00998552658591656,-0.0019187235651341172,0.0006966807178898799,0.00928884586802668,0.009956487311503216
0.024011718744838983,0.00618651346579302,0.0005740105184910207,0.023437708226347963,0.0241053496698245
0.00551702604039872,-0.0013476817370097205,0.0006880381803979077,0.004828987860000813,0.0054966293034773486
0.04458182527427357,2.1699977565736717e-05,0.0006673130211781153,0.04391451225309545,0.04458215369657199
-0.04202248027646405,0.004948082937896281,0.0005927537729102379,-0.042615234049374284,-0.04194759260589775
0.036325936891557165,0.0027826887923012578,0.0006255263285558904,0.03570041056300127,0.03636805200647781
-0.01455015577249108,-0.007378510346287226,0.0007793128643112284,-0.015329468636802308,-0.014661827193325773
-0.0013420609632761593,0.01526770113133269,0.0004365696148555616,-0.001778630578131721,-0.0011109891346551852
-0.001344251374136518,-5.335132643191631e-05,0.0006684488989311541,-0.0020127002730676723,-0.0013450588295911363
-0.029609561012174934,0.0017184082710823834,0.0006416338776943155,-0.03025119488986925,-0.029583553446392713
-0.04993080801034255,0.0005380892952486782,0.0006594976321492813,-0.05059030564249183,-0.049922664199015296
-0.003649612033729821,-0.0004632463094992323,0.000674652529881563,-0.004324264563611384,-0.003656623120134848
0.029304160223529996,-0.005082138985368356,0.0007445580099296873,0.028559602213600307,0.029227243657076844
0.03558716382497473,0.00030517087837123036,0.0006630227787345076,0.034924141046240226,0.03559178248971676
0.006185289860476617,-0.011701095130556172,0.0008447338181194222,0.005340556042357195,0.006008197485833731
0.0027325775083058,-0.0028217776974703845,0.0007103481566160959,0.0020222293516897042,0.00268987079516624
0.004768047717925938,0.009613634629240364,0.0005221421234175645,0.004245905594508374,0.004913547037984909
0.006101911086549894,0.0072196189337276895,0.0005583747939257761,0.005543536292624118,0.0062111777361006535
-0.0026955558046771744,-0.006131649335692324,0.000760442017202289,-0.0034559978218794635,-0.0027883563784029276
-0.027026858830695333,0.006040504799839086,0.0005762203134789018,-0.027603079144174234,-0.026935437700697697
0.006250119927467823,-0.0029326714097337447,0.0007120264978840342,0.005538093429583789,0.006205734873060325
0.03312629666903599,-0.004864709743258144,0.0007412672871065262,0.03238502938192947,0.033052670825406
-0.002672050952680638,0.004403939814465518,0.0006009892070126671,-0.003273040159693305,-0.002605398716216769
0.02612188723181763,-0.007000319763734719,0.0007735890694369433,0.025348298162380687,0.026015939605857224
0.007179959952369641,-0.0019000838946738874,0.0006963986123717611,0.00648356133999788,0.007151202783474416
-0.013962543639069569,0.0046402218845611465,0.0005974131525996488,-0.014559956791669219,-0.013892315348192682
-0.012137849466149153,0.007924102207026662,0.0005477126623583714,-0.012685562128507525,-0.012017920685030988
-0.027303745442721072,0.0070393485966973035,0.000561103128471063,-0.027864848571192136,-0.0271972071277156
0.0007019682575684083,0.002853326841976367,0.0006244572440114499,7.751101355695845e-05,0.0007451524570334942
-0.009116234871937134,-0.0011264502910314222,0.0006846899124215483,-0.009800924784358683,-0.009133283340882148
-0.004954116618453797,-0.012537288005457836,0.0008573893328574483,-0.005811505951311245,-0.005143864507834709
0.002844619257808878,-0.010750112394172895,0.0008303409951270926,0.0020142782626817856,0.002681919706158321
0.03617039438117886,0.0037505537703756975,0.0006108779981741221,0.03555951638300474,0.036227157826481275
-0.011635954235427404,0.010918212704340347,0.0005023977467888172,-0.01213835198221622,-0.011470710538739685
-0.027008283541513967,-0.020884795550912827,0.0009837262198821221,-0.02799200976139609,-0.027324368317919553
-0.01921704695975035,-0.009486773662544357,0.0008112207629209474,-0.020028267722671297,-0.019360626279194763
0.0,0.008217286225508769,0.0005432754149502417,-0.0005432754149502417,0.0001243660285262941
-0.007982368854357325,0.006757307791485534,0.0005653717268700891,-0.008547740581227413,-0.007880099137750878
0.014630312023158343,0.010488490558689278,0.0005089014555751219,0.014121410567583221,0.014789052011059756
0.022350431101964885,0.001363852909705754,0.0006469999609701097,0.021703431140994774,0.02237107258447131
0.02256724370882135,0.003775123551313042,0.0006105061423091709,0.021956737566512178,0.022624379009988715
-0.0020690149555911974,0.004092139025126507,0.0006057082133606607,-0.002674723168951858,-0.0020070817254753226
0.0020733046539276323,-0.002213313863220212,0.0007011392488951178,0.0013721654050325145,0.0020398068485090503
-0.007586291428790859,0.0017169605671216726,0.0006416557882359632,-0.008227947217026823,-0.007560305773550286
0.015288273933957486,-0.008096390978489132,0.000790177760669073,0.014498096173288413,0.015165737616764948
-0.025325346046525365,0.0032360358580392212,0.0006186650640748192,-0.025944011110600185,-0.025276369667123648
-0.018960445942249216,0.004760757069291355,0.0005955888906947824,-0.019556034832944,-0.01888839338946746
0.02791713563235887,0.002992016977140688,0.0006223582126727802,0.02729477741968609,0.027962418863162624
-0.008356941326261746,-0.0001432614814260713,0.0006698096606953111,-0.009026750986957058,-0.008359109543480521
0.002809155619064807,-0.0013484450597095465,0.0006880497330455892,0.002121105886019218,0.0027887473294957534
0.03151258069034801,0.001871216126306141,0.0006393211791268973,0.030873259511221114,0.03154090095469765
-0.003394420005479626,-0.008988392160571124,0.0008036779164883901,-0.004198097921968016,-0.0035304564784914803
-0.0027246704026968604,0.005616468420812426,0.0005826379699853174,-0.0033073083726821778,-0.0026396669292056423
0.010928745506800341,-0.0013736249452109828,0.0006884308226501888,0.010240314684150152,0.010907956127626689
-0.02702664021904211,0.001519476431128819,0.000644644648185144,-0.027671284867227253,-0.027003643423750716
-0.024305843398991667,0.009672737603931392,0.0005212476185853492,-0.024827091017577015,-0.024159449574100482
0.0014235219378428976,0.0004217577030636299,0.0006612582740102502,0.0007622636638326474,0.001429905107309183
-0.011371488737930147,-0.004701005088166399,0.0007387896689189272,-0.012110278406849074,-0.011442636963372539
-0.005751294699321341,-0.00936180703333589,0.0008093294325052282,-0.006560624131826569,-0.005892982688350034
0.009399877535342549,0.00374696520677964,0.0006109323099493612,0.008788945225393188,0.009456586668869723
-0.012894190685828533,0.0038447864907102947,0.000609451815750433,-0.013503642501578966,-0.01283600105810243
-0.0014514138254853037,-0.00649839809746755,0.0007659926437372796,-0.0022174064692225834,-0.0015497650257460475
-0.016715010408015152,0.008116098951240547,0.0005448068523485246,-0.017259817260363675,-0.016592175816887142
0.020694628111811886,0.0023622298736216685,0.0006318898413312292,0.020062738270480655,0.020730379713957192
-0.006517072627675313,0.004248391856225497,0.0006033433761727522,-0.007120416003848065,-0.00645277456037153
0.005102368928521006,0.005987805879090757,0.0005770178949798049,0.0045253510335412014,0.005192992477017737
0.0021753380445821424,-0.0011140717108722997,0.0006845025665252346,0.0014908354780569077,0.0021584769215334436
-0.01447182365562627,0.0053671102654548886,0.0005864119268138128,-0.015058235582440084,-0.014390594138963547
-0.003671057434272429,0.0018436779311643559,0.0006397379610021513,-0.0043107953952745805,-0.0036431539517980446
0.01031691720540584,0.0007278261010281728,0.0006566260255929939,0.009660291179812847,0.010327932623289382
-0.003647060701332472,-0.00037921654875650024,0.0006733807660248839,-0.0043204414673573555,-0.00365280002388082
-0.013176964131879965,0.001891663548679423,0.0006390117138552276,-0.013815975845735191,-0.013148334402258656
0.004450728860182496,0.006525279593556643,0.000568883400273037,0.0038818454599094587,0.004549486903385995
0.015509769972997578,0.004627758701298612,0.0005976017789371792,0.0149121681940604,0.015579809637536935
0.021090600735206966,0.0009387712266117898,0.0006534334378230346,0.020437167297383933,0.021104808740860466
-0.007142463206643024,-0.00024598362294592224,0.0006713643278240868,-0.00781382753446711,-0.007146186090990575
0.008633258008345024,-0.0035370410325543666,0.0007211734410097108,0.007912084567335314,0.008579726010811849
0.012838545387210631,-0.00708889350376507,0.0007749296049832286,0.012063615782227402,0.01273125722570394
0.007042355493708019,0.003134561695468774,0.0006202008434368357,0.0064221546502711835,0.007089796093747719
0.02937050392082763,0.0008367051734305964,0.000654978175262275,0.028715525745565355,0.029383167189041888
-0.027913406578745636,0.0021725690603942027,0.0006347602977642723,-0.02854816687650991,-0.027880525433033373
-0.01220397098026793,0.007718881307192449,0.0005508186157817467,-0.012754789596049677,-0.012087148152573142
-0.012354550044522461,0.0012774785766593855,0.000648307209187196,-0.013002857253709657,-0.012335215810233122
0.013980610969001717,0.0017300583227324307,0.000641457557846609,0.013339153411155108,0.014006794854631643
-0.01814182780767981,-0.00013246407875799893,0.0006696462454203194,-0.01881147405310013,-0.018143832609623593
-0.00813033822665954,-0.006435310620591883,0.000765037834724492,-0.008895376061384032,-0.008227734617907495
0.0007452816921273975,0.0048975112174378665,0.0005935191599074233,0.0001517625322199742,0.0008194039756965099
-0.017870600878321152,-0.00117888399729138,0.0006854834799850369,-0.01855608435830619,-0.017888442914829654
-0.006065084679830912,0.001910868625069062,0.0006387210510971616,-0.0067038057309280735,-0.006036164287451538
0.011441491915288315,-0.0003722566922789161,0.000673275430797964,0.010768216484490351,0.011435857927966888
0.015837301789833447,0.006677770440579822,0.0005665754995244892,0.015270726290308958,0.015938367733785493
0.06087613351079568,0.0006588129971369927,0.0006576705170968403,0.06021846299369884,0.060886104437175376
-0.01399576758459209,0.005479508115899812,0.0005847108208901399,-0.014580478405482229,-0.013912836962005693
0.007097166439120839,-0.003923521850109468,0.0007270227059691953,0.0063701437331516435,0.0070377851766281795
-0.00634240767940597,-0.00704880201475111,0.0007743228329748624,-0.007116730512380833,-0.006449089068904297
0.01985781740160264,0.004644267890169251,0.0005973519175842112,0.019260465484018427,0.019928106927494964
-0.006258418885385697,-0.004131071874054704,0.0007301639099494678,-0.006988582795335165,-0.006320941351858629
-0.0230931356274926,0.0014709227452411877,0.00064537949286725,-0.02373851512035985,-0.023070873676883315
0.0035818729778747116,0.004843552990250188,0.0005943358006130639,0.002987537177261648,0.0036551786207381833
-0.012848370335380221,-0.0019320956634630848,0.0006968831003695208,-0.013545253435749742,-0.012877611992273207
-0.01012304719730206,0.004201084929208676,0.0006040593515536026,-0.010727106548855662,-0.010059465105379127
0.022644493810882294,-0.01183402645755216,0.0008467456917175332,0.02179774811916476,0.022465389562641297
0.0185713383936017,0.010264935568841116,0.0005122848896531931,0.018059053503948506,0.018726694947425043
0.017531638498464064,-0.0023202504717819705,0.0007027577006498603,0.016828880797814205,0.017496522241290738
-0.011026853438102502,0.005016150134305564,0.000591723597417012,-0.011618577035519514,-0.010950935592042977
-0.048780615098917735,0.0017544380056517817,0.0006410885790550467,-0.04942170367797278,-0.04875406223449624
-0.012453911717995592,0.00048815592189166424,0.0006602533579649471,-0.013114165075960539,-0.012446523632484004
-0.011869508441876064,-0.004849150767687549,0.0007410318069313748,-0.01261054024880744,-0.011942898805330903
-0.023273192993834124,0.0002881549022029084,0.0006632803101529682,-0.023936473303987092,-0.023268831860510555
0.008455092512833495,-0.004527786939807377,0.0007361680670191156,0.00771892444581438,0.008386565889290916
-0.02667704823568684,6.091277451791832e-05,0.0006667195478962413,-0.027343767783583082,-0.026676126340106545
-0.01722799875026526,-0.019999240340662028,0.0009703236218081041,-0.018198322372073365,-0.017530680928596828
-0.05099612366008255,-0.002859121137017251,0.0007109133377647747,-0.051707036997847323,-0.05103939555437079
0.002518743660266276,0.007189032358413172,0.0005588377120709757,0.0019599059481953006,0.002627547391671836
0.10301542324336754,-0.009685469956760784,0.0008142279685015292,0.10220119527486601,0.10286883671834254
-0.018222884403426898,1.563854864095049e-05,0.0006674047589881273,-0.018890289162415023,-0.01822264771893849
0.007733669015395073,-0.0055566200056119674,0.0007517391301291542,0.006981929885265918,0.007649571328742454
0.007674631891890105,0.011531402436471216,0.0004931173140978534,0.0071815145777922515,0.007849156021268787
0.005331367840631707,0.0027594252503462258,0.0006258784149069075,0.004705489425724799,0.0053731308692013344
0.009090887521298496,-0.00163664161317445,0.000692411496747836,0.00839847602455066,0.009066117468027195
-0.003753974944330829,0.006707160027472625,0.0005661306974205367,-0.004320105641751366,-0.00365246419827483
-0.016578559835290885,0.004345814053963171,0.0006018689220171544,-0.01718042875730804,-0.016512787313831503
-0.0038314348154183664,-6.137292417629503e-05,0.0006685703032763997,-0.004500005118694766,-0.0038323636752182304
0.00923095745141067,0.008531672245722488,0.0005385172819504693,0.008692440169460202,0.009360081612936737
0.004572796082292996,0.005000651911710952,0.0005919581581150835,0.003980837924177912,0.004648479367654448
0.025796865260893087,0.002477812999687634,0.0006301405272682902,0.025166724733624798,0.02583436617710133
-0.056212988251418405,0.0029498896671826813,0.0006229957961873606,-0.056835984047605766,-0.05616834260412923
-0.018025436237220305,-0.0019925870761225983,0.0006977986187713327,-0.018723234855991637,-0.0180555934125151
0.01516387612469261,0.004787778824361766,0.0005951799249766984,0.014568696199715911,0.015236337643192448
-0.03930824831010682,0.0010510808940034089,0.000651733666521988,-0.039959981976628804,-0.039292340533152274
0.0016368248028042487,4.9987292607633904e-05,0.0006668849016100623,0.0009699399011941864,0.0016375813446707222
0.07434642622445264,-0.0016899010514689339,0.0006932175615045514,0.0736532086629481,0.07432085010642463
-0.027376568464875572,0.00332041473363498,0.0006173880164752379,-0.02799395648135081,-0.027326315037874273
0.011728072838020465,-0.0005440661600049079,0.0006758757127618523,0.011052197125258612,0.011719838568735147
0.005409648804804101,-0.0007791410646480479,0.0006794334971074808,0.00473021530769662,0.005397856751173156
0.018447198637003392,-0.0015344207755288997,0.0006908644166946739,0.017756334220308718,0.018423975663785255
-0.0007548437175471934,0.005035885365550108,0.0005914249109328643,-0.0013462686284800578,-0.000678627185003522
0.021903610210111113,-0.003073114142502442,0.000714152054233234,0.021189458155877878,0.021857099599354415
0.008868856026065686,-0.006545009043329442,0.0007666980856634354,0.00810215794040225,0.008769799383878786
0.044688674652642035,0.0036460744169486414,0.0006124592601494421,0.044076215392492596,0.044743856835969126
0.005610181614005061,0.0008819054148185845,0.0006542940839022342,0.004955887530102827,0.005623528973579362
-0.0006975621693025014,-0.005962558462297207,0.0007578828803039159,-0.0014554450496064172,-0.0007878036061298815
0.015352424048200142,-0.0007101514711097545,0.0006783893614253909,0.01467403468677475,0.015341676130251287
0.04192443027154069,0.007484376300642026,0.000554367774899957,0.041370062496640735,0.04203770394011727
0.0125332026485232,0.0012956437010964716,0.000648032285773075,0.011885170362750126,0.01255281180622666
-0.019543884942376577,0.0048911800862372345,0.0005936149795760941,-0.02013749992195267,-0.019469858478476137
-0.025920956319775756,-0.00047726958102545236,0.0006748647676616281,-0.026595821087437386,-0.02592817964396085
0.008403305925143822,-0.00801332329681892,0.0007889205575749248,0.007614385367568898,0.008282026811045434
0.012500056418588423,-0.0057765015647701645,0.0007550669679953569,0.011744989450593067,0.012412630894069602
0.01988990958561354,0.00783249148610099,0.0005490991616501435,0.0193408104239634,0.020008451867439932
-0.018156960407511136,-0.016168772358634453,0.0009123507001830693,-0.019069311107694206,-0.01840166966421767
0.015068317050713098,0.008575824615237426,0.0005378490497998656,0.014530468000913233,0.015198109444389768
0.03171414931396188,-0.002546802239196233,0.0007061864900087439,0.03100796282395314,0.03167560426742967
-0.011772884905931424,-0.002785928622506484,0.0007098055922028276,-0.012482690498134252,-0.011815049054657717
-0.01919234356886368,-0.013248560995234304,0.0008681542246366738,-0.020060497793500352,-0.019392856350023815
0.04318484374018272,5.143341477165109e-06,0.0006675636006297229,0.042517280139553,0.043184921583029535
-0.038809838927517326,0.0111655096821337,0.0004986549852309635,-0.03930849391274829,-0.03864085246927176
0.042395754765400806,-0.0015651598591330806,0.0006913296430046109,0.041704425122396194,0.04237206656587273
-0.00322800355810815,-0.015126053030587783,0.0008965694728851555,-0.0041245730309933054,-0.00345693158751677
-0.008419542286235537,0.017461650296527242,0.00040336488801803055,-0.008822907174253568,-0.008155265730777033
0.01175698805414327,-0.02066141501469354,0.0009803454261045575,0.01077664262803871,0.011444284071515248
0.0012912185492934825,-0.011451012338901223,0.0008409488941497124,0.00045026965514377007,0.0011179110986203058
0.0012895534539534292,-0.016467929557809624,0.0009168783497921301,0.0003726751041612991,0.0010403165476378347
-0.015453857673641713,0.0015788647774723774,0.0006437458243432089,-0.016097603497984923,-0.015429962054508386
-0.005232605347844421,-0.008100314924121665,0.0007902371483453786,-0.0060228424961898,-0.005355201052713264
0.04142044601307848,0.0001449777086941495,0.000665447251700769,0.04075499876137771,0.04142264020485425
-0.039141811157556994,0.012884107385910504,0.00047264455244481633,-0.03961445571000181,-0.03894681426652528
0.020368369808818843,0.00914265720638352,0.0005292702177785016,0.01983909959104034,0.020506741034516877
-0.014166221255156874,0.019574487182363987,0.0003713877698789931,-0.014537609025035867,-0.013869967581559332
0.025473618512317886,-0.0072993302004167315,0.0007781144978420798,0.024695504014475806,0.025363145457952343
-0.0012739473417638925,0.012303377138681793,0.00048143372109622914,-0.0017553810628601215,-0.0010877396193835858
0.0,0.007053449392805167,0.0005608897173809698,-0.0005608897173809698,0.00010675172609556596
-0.00892841432796232,-0.0015015683952100956,0.0006903672063072345,-0.009618781534269554,-0.008951140090793019
-0.001930638366228754,0.011939073060167393,0.0004869473481231326,-0.0024175857143518865,-0.001749944270875351
0.019342190051564234,-0.0013853554985293615,0.000688608360865189,0.018653581690699046,0.019321223134175582
-0.010752416634205453,0.0062301242403934864,0.0005733504832081826,-0.011325767117413635,-0.0106581256739371
0.0012784952852571418,0.011731393541549506,0.0004900905119643264,0.0007884047732928155,0.001456046216769351
-0.01596387685198042,-0.00011892184463624389,0.0006694412879892556,-0.016633318139969676,-0.01596567669649314
-0.009734282015037898,-0.0028298416808328897,0.0007104702024542686,-0.010444752217492166,-0.009777110774015631
0.020970097912029972,0.005700497411807115,0.0005813662177785316,0.02038873169425144,0.021056373137727978
0.009627642502066713,0.0037755130048497954,0.0006105002480530464,0.009017142254013667,0.009684783697490203
0.014621652853313183,0.00034958621780534216,0.0006623505666173344,0.01395930228669585,0.014626943730172384
-0.0012531939658199098,0.003120184693883088,0.0006204184348094932,-0.0018736124006294031,-0.0012059709571528672
-0.02007518113771256,0.0006966942090356198,0.0006570971969336738,-0.020732278334646234,-0.0200646368911697
-0.008322686792132439,-0.0007011166816754955,0.0006782526227443136,-0.009000939414876752,-0.008333297971400217
-0.009683753783572668,0.0005298447465655887,0.000659622410786482,-0.01034337619435915,-0.009675734750882615
0.01173425606924594,0.00024027020881067784,0.0006640050298452073,0.011070251039400734,0.01173789248287727
-0.008376311402659709,0.0007353590216279127,0.0006565120172218013,-0.00903282341988151,-0.008365181976404974
0.009746675048605047,0.005133983312177293,0.0005899402295315113,0.009156734819073536,0.009824376262550071
-0.013513700371139414,-0.0015011590075549863,0.0006903610103545323,-0.014204061381493946,-0.013536419938017411
0.02739747125024561,0.0019670962134916703,0.0006378700643268551,0.026759601185918754,0.02742724262939529
-0.033015875849830234,0.0052368773596394025,0.0005883829606606602,-0.033604258810490895,-0.03293661736701436
0.0,0.0028640233144536786,0.0006242953562829788,-0.0006242953562829788,4.334608719355695e-05
0.007879307105903344,-0.0011500296768531815,0.0006850467789696112,0.007194260326933733,0.007861901770410268
0.007817276919944938,0.0028059818899186517,0.0006251737948892698,0.007192103125055668,0.007859744568532204
-0.024563668574174247,-0.002542427180532325,0.0007061202748793608,-0.025269788849053607,-0.024602147405577073
-0.003976161140577639,-0.006829362527492333,0.000771001685727064,-0.004747162826304703,-0.004079521382828167
0.013306927456616657,0.006384461097458161,0.000571014643681408,0.012735912812935249,0.013403554256411786
0.014445004446485887,0.0037647427417917267,0.0006106632525786228,0.013834341193907265,0.0145019826373838
-0.01618120254533839,-0.0011618962070774064,0.0006852263751520823,-0.016866428920490475,-0.016198787477013938
0.020394726393391904,0.0016652165347093018,0.0006424389178038594,0.019752287475588045,0.020419928919064582
0.005157786216684057,-0.007256565211683386,0.0007774672632608835,0.004380318953423174,0.005047960396899709
-0.025015854843652652,-0.00023782354133117245,0.0006712408275692549,-0.025687095671221908,-0.02501945422774537
-0.006579093191123264,-0.01635096881921505,0.0009151081859992036,-0.007494201377122468,-0.0068265599336459325
0.013907393028989912,0.0045356892119050585,0.0005989952215446395,0.013308397807445272,0.013976039250921809
-0.003919024897049206,-0.016213587335965784,0.0009130289606934422,-0.004832053857742648,-0.004164412414266112
0.008524614346634873,-0.006342586611898127,0.0007636344861743974,0.007760979860460476,0.008428621303937012
0.0,-0.008489022887163578,0.0007961201204475308,-0.0007961201204475308,-0.00012847867697099514
0.0026008207199090805,0.020352415732846962,0.00035961406726651117,0.0022412066526425693,0.002908848096119105
0.0013307994439388793,0.02401520473971619,0.0003041789139065111,0.001026620530032368,0.001694261973508904
-0.001993503203470137,0.004570048934014581,0.0005984751980158542,-0.002591978401485991,-0.0019243369580094556
-0.005326139425602894,0.003810463907886641,0.0006099712771878711,-0.0059361107027907645,-0.005268469259314229
-0.007362580523897599,0.0017463617463617798,0.0006412108106855001,-0.008003791334583099,-0.007336149891106564
-0.006069402686909364,-0.00013929653841071588,0.0006697496525365808,-0.006739152339445945,-0.006071510895969409
0.010855158625566297,0.003309574570383944,0.0006175520789181309,0.010237606546648166,0.0109052479901247
-0.009396092302237813,0.0008617745425745227,0.0006545987582877986,-0.010050691060525611,-0.009383049617049076
-0.00406499258135351,-0.0048886047197381766,0.0007416289300194048,-0.004806621511372915,-0.00413898006789638
0.012925045920900491,-0.010310858415930158,0.0008236930250687001,0.01210135289583179,0.012768994339308327
0.0026865377204969842,-0.0003399636723855348,0.0006727866861536807,0.0020137510343433036,0.002681392477819839
-0.004019052658058797,-0.018278105145113743,0.0009442747848864093,-0.004963327442945207,-0.004295685999468671
0.02555509098182407,-0.008893471722946522,0.0008022413256809891,0.02475284965614308,0.025420491099619615
-0.010491791493150715,0.01162984267174294,0.0004916274522661049,-0.01098341894541682,-0.010315777501940284
-0.007952191577767498,0.017888280629516196,0.00039690797283866406,-0.008349099550606162,-0.007681458107129626
0.007347826030632332,-0.008403811034715436,0.0007948304660066953,0.006552995564625637,0.007220637008102172
0.012599863769036546,-0.008093685160912578,0.0007901368089756943,0.011809726960060852,0.012477368403537387
0.0,-0.0025785552362955766,0.0007066670615788072,-0.0007066670615788072,-3.902561810227143e-05
0.010477623364022248,-0.005813067327385291,0.0007556203792495934,0.009722002984772654,0.010389644428249191
0.0012963006874642247,-0.009247875921837956,0.0008076051211603709,0.0004886955663038538,0.0011563370097803895
0.0019418081803135312,0.013424199395820402,0.0004644704306644692,0.001477337749649062,0.002144979193125598
0.0025840598252444558,0.0015499523698385698,0.0006441834044899717,0.001939876420754484,0.00260751786423102
-0.0006444332207324877,0.004731623968765364,0.0005960298109586802,-0.0012404630316911677,-0.0005728215882146321
0.0,0.015269721916580492,0.0004365390309098553,-0.0004365390309098553,0.00023110241256668043
0.004513274623975105,-0.005491522439307173,0.0007507538990484937,0.003762520724926612,0.004430162168403147
-0.004492996496899937,0.002568460857030219,0.0006287686006123683,-0.005121765097512305,-0.00445412365403577
0.011605444237543505,-0.013387862410411011,0.00087026250750503,0.010735181730038476,0.01140282317351501
-0.002549638727019854,-0.013495609366348305,0.0008718932236110507,-0.0034215319506309045,-0.002753890507154369
0.0038339861684053567,0.009534685287099887,0.0005233369967452447,0.003310649171660112,0.003978290615136648
0.004455653117093172,-0.012991965252009852,0.0008642707292045061,0.0035913823878886662,0.004259023831365202
-0.005069457923171483,0.01296246371066978,0.0004714586542476747,-0.0055409165774191575,-0.0048732751339426224
0.0031848125082141188,0.014439495293299576,0.0004491042483162686,0.00273570825989785,0.003403349703374386
0.005714216761488977,-0.0041560462088314765,0.0007305418886088495,0.004983674872880128,0.005651316316356663
0.00378783334023014,0.010291406686777416,0.0005118842576540096,0.0032759490825761306,0.003943590526052666
-0.0018869325247207192,-0.0034181723141418763,0.0007193744005455877,-0.002606306925266307,-0.001938665481789771
-0.0006300579687547048,-0.004247194360987749,0.0007319213870685717,-0.0013619793558232764,-0.0006943379123467407
-0.006935496216902037,0.010675561019232394,0.0005060702033108268,-0.007441566420212864,-0.006773924976736329
0.005714216761488977,-2.903358867545336e-05,0.0006680808576600436,0.005046135903828934,0.00571377734730547
-0.003788159821297321,0.009644506431775834,0.0005216748884485712,-0.0043098347097458925,-0.0036421932662693566
-0.0006333237938765945,0.004074738491730789,0.0006059715649311521,-0.0012392953588077466,-0.0005716539153312109
0.0031702653865472996,0.0015975744623728527,0.0006434626591786772,0.0025268027273686227,0.003194444170845158
-0.0037925410499030088,-0.0003143092177338991,0.0006723984140950627,-0.004464939463998071,-0.0037972980205215356
0.0,-0.0010620573331896477,0.0006837153453671622,-0.0006837153453671622,-1.6073901890626387e-05
0.0038069791746992987,0.006126533626735764,0.0005749182943881339,0.003232060880311165,0.0038997023237877003
-0.0012642620734372167,-0.0003033391953459752,0.0006722323862751973,-0.001936494459712414,-0.0012688530162358784
0.003797587365989008,0.002758770892866691,0.0006258883184004372,0.0031716990475885707,0.0038393404910651067
-0.0012609103841447755,-0.0007657236475081541,0.0006792304287419676,-0.001940140812886743,-0.0012724993694102074
0.00378783334023014,-0.001476028227480719,0.0006899806639450448,0.0030978526762850955,0.003765494119761631
0.005031277984125726,-0.0029563045487578377,0.0007123841779698162,0.00431889380615591,0.004986535249632445
0.0031291709165501835,0.006124919257840311,0.0005749427273508657,0.002554228189199318,0.0032218696326758536
-0.01497223122845559,-0.0045385421527393,0.000736330843765792,-0.015708562072221384,-0.015040920628744847
0.0,-0.00438850348301556,0.0007340600559452358,-0.0007340600559452358,-6.641861246870008e-05
0.0012666641666356782,0.0011960799848387271,0.0006495391511342762,0.000617125015501402,0.0012847664589779378
0.00569277791207079,-0.014173946589881803,0.0008821596429832432,0.0048106182690875465,0.0054782597125640825
0.00943360556410111,0.0039444211911976446,0.0006079438760653637,0.008825661688035747,0.009493303131512284
0.004984580665304605,-0.01696133008584244,0.0009243458107591988,0.004060234854545407,0.004727876298021942
-0.004339555010658747,-0.0019176795748703235,0.0006966649174273713,-0.005036219928086118,-0.004368578484609582
0.0031132610203667976,0.012601439566208406,0.000476922640509877,0.0026363383798569204,0.0033039798233334564
0.008690365289386826,-0.006074710968194674,0.0007595802730154466,0.00793078501637138,0.008598426459847914
-0.0024615354749437657,0.013533671171787054,0.0004628136099527323,-0.002924349084896498,-0.0022567076414199624
-0.0037015340110838624,-0.003320173700583018,0.0007178912225188124,-0.004419425233602675,-0.003751783790126139
-0.0006191343246900738,0.012158421402569175,0.0004836275803239227,-0.0011027619050139965,-0.00043512046153746075
0.0012390357789604511,-0.004872579408787825,0.0007413863920057469,0.0004976493869547042,0.00116529083043124
0.010520051052177015,0.00901275466979845,0.0005312362515915171,0.009988814800585498,0.010656456244062034
0.010037398078025284,-0.0017457310425351702,0.0006940625307645989,0.009343335547260684,0.010010976990737221
0.0,-0.006139421956948832,0.0007605596533671229,-0.0007605596533671229,-9.291820989058719e-05
-0.010559002900535575,-0.014558905652342857,0.0008879858766605936,-0.011446988777196168,-0.010779347333719632
0.0018833177954795666,-0.002377499996742527,0.0007036241541065087,0.0011796936413730578,0.0018473350848495936
-0.046365896455749844,0.0023685613495147972,0.0006317940164457465,-0.04699769047219559,-0.04633004902871905
0.0019712556858919594,0.012236645187396533,0.0004824436880767384,0.0014888119978152211,0.0021564534412917566
0.003934175690433639,-0.008795775050879251,0.0008007627174432079,0.0031334129729904308,0.0038010544164669667
0.010451012096625245,-0.003965371271123064,0.0007276560837224771,0.009723356012902768,0.010390997456379303
-0.010989330123353458,0.0035296669586522,0.0006142210502200165,-0.011603551173573475,-0.010935909730096938
0.012418461522218704,0.0066088151237357895,0.0005676191164396507,0.011850842405779053,0.01251848384925559
0.011620150164384446,-0.0020619040578628844,0.0006988477093703321,0.010921302455014114,0.011588943898490649
0.005743457450890999,0.002682533127767339,0.0006270421528670637,0.0051164152980239345,0.0057840567415004705
0.00444210375099674,0.004457481018385057,0.0006001788778223173,0.0038419248731744226,0.0045095663166509585
-0.0012639012999432486,0.005202865037342352,0.0005888977264031397,-0.0018527990263463882,-0.0011851575828698525
0.0037949856826955397,-0.00458128059365126,0.0007369776765541068,0.003058008006141433,0.0037256494496179684
-0.0025199218473542784,0.0016297588743277025,0.0006429755582811991,-0.0031628974056354775,-0.002495255962158942
-0.001895772228626913,0.005148195696902835,0.0005897251295829764,-0.0024854973582098894,-0.0018178559147333537
-0.00316431709113818,-0.0007784436134247175,0.0006794229414037661,-0.003843740032541946,-0.0031760985890654106
0.006984124745679221,-0.011311245518606405,0.0008388335675220656,0.0061452911781571555,0.006812932621633691
-0.00441361776294158,0.009235131672624686,0.0005278706459745158,-0.004941488408916095,-0.0042738469654395594
0.003166719948849206,-0.0014806053255762563,0.0006900499368773359,0.00247667001197187,0.003144311455448406
-0.0031567234896016094,0.005087480356207541,0.0005906440370647986,-0.003747367526666408,-0.003079726083189872
-0.0025332480818414105,0.002357715893671175,0.0006319581589903547,-0.0031652062408317654,-0.0024975647973552294
0.008254045734783277,0.002252800575326619,0.0006335460191568388,0.0076204997156264385,0.008288141159102974
-0.0012595248136878512,-0.004141314249916261,0.0007303189250692553,-0.0019898437387571065,-0.0013222022952805708
-0.0018911526172177284,0.0027692316953564777,0.000625729997462703,-0.0025168826146804314,-0.0018492411712038958
-0.012002757399909303,-0.0037403355807980043,0.0007242502397109199,-0.012727007639620223,-0.012059366196143687
-0.0070334060563495004,-0.010128906614839228,0.0008209392420965748,-0.007854345298446076,-0.00718670385496954
-0.0019315005977583732,0.010923001659165044,0.0005023252674719242,-0.0024338258652302977,-0.0017661844217537618
0.0077417682343245975,0.002940748690645867,0.0006231341419766561,0.007118634092347941,0.007786275535824477
-0.0006404469862675288,-0.011837383677612334,0.0008467965021815129,-0.0014872434884490417,-0.000819602044972506
0.0019221680399788,-0.004455724813014705,0.0007350774295178269,0.001187090610460973,0.0018547320539375088
-0.0019184803982719156,0.0037738134388320965,0.000610525970447282,-0.002529006368719198,-0.001861364925242662
0.0076875403314931035,0.013457901176364917,0.0004639603648732138,0.00722357996661989,0.007891221410096426
0.0006358079325723409,-0.005089560528435566,0.0007446703326371453,-0.00010886240006480435,0.0005587790434117314
-0.006353157428401146,-0.0029496376848567873,0.0007122832770928911,-0.007065440705494037,-0.0063977992620175015
-0.009590788195600441,-0.00030495478248648844,0.0006722568376756828,-0.010263045033276125,-0.009595403589799588
-0.016785258803732828,0.010779286625573148,0.0005045003490593056,-0.017289759152792135,-0.016622117709315598
-0.01641471778645709,0.0007684139066803652,0.0006560117419892549,-0.017070729528446345,-0.01640308808496981
-0.015353965802308633,0.003047948049283322,0.0006215117135826056,-0.015975477515891238,-0.015307836072414703
-0.008813641864272692,-0.0006433745436266181,0.0006773787137443492,-0.009491020578017042,-0.008823379134540505
0.004104052424835025,-0.0009305162517933008,0.0006817245126965739,0.0034223279121384513,0.004089969355614987
0.02588554968194101,0.0023378744854138933,0.0006322584524300145,0.025253291229510998,0.02592093267298753
0.01992039584539307,-0.002233886303356414,0.0007014506062710958,0.019218945239121973,0.01988658668259851
0.006510167510060061,-0.010281980197837881,0.0008232559623698368,0.005686911547690224,0.00635455299116676
0.018758245577774613,0.009162641262365545,0.0005289677654106363,0.018229277812363977,0.018896919255840514
0.03047618070841862,-0.0012667608976734135,0.0006868134690836018,0.029789367239335018,0.030457008682811555
-0.01663577658869031,-0.0063184691730722164,0.0007632694763642616,-0.01739904606505457,-0.016731404621578034
0.02380959346815059,0.002059461282371222,0.0006364721482173433,0.023173121319933248,0.023840762763409785
-0.02692777209943109,-0.0010085961899480855,0.0006829062278698564,-0.027610678327300946,-0.026943036883824413
0.013836312657520278,0.0021188711112078984,0.0006355729992446681,0.013200739658275609,0.013868381101752146
-0.007444088116233205,-0.008623167576889856,0.0007981503579068712,-0.008242238474140077,-0.007574597030663541
0.013749836828844009,-0.0014361829335245435,0.0006893776180210255,0.013060459210822984,0.013728100654299519
0.022811572108682565,-0.006474509789282434,0.0007656311017469358,0.02204594100693563,0.022713582450412165
0.006027648726350199,0.00041835300422188304,0.0006613098030505753,0.005366338923299623,0.006033980366776159
0.007189855760546093,0.012042424827124476,0.0004853831518124666,0.006704472608733626,0.007372114052210162
0.011302867634296332,0.0017386264178671507,0.0006413278824361757,0.010661539751860157,0.011329181195336692
0.004118090938143748,-0.0069942998817651425,0.0007734979604269602,0.0033445929777167877,0.004012234421193323
-0.03339240599724436,-0.004622572493653387,0.0007376026164031811,-0.03413000861364754,-0.033462367170171
0.006845025669611093,0.0056898566086796,0.0005815272629689975,0.006263498406642096,0.006931139850118632
-0.003090222650997787,0.0019796413026920145,0.0006376801983688564,-0.0037279028493666434,-0.003060261405890108
0.0012398444917560703,0.009902710578908236,0.0005177670503318714,0.0007220774414241988,0.0013897188849007346
-0.002476542256587333,-0.0053035017498218595,0.000747908265369643,-0.003224450521956976,-0.00255680907848044
0.00869006610895573,0.006094866554531064,0.0005753975655120883,0.008114668543443641,0.008782309986920178
-0.004307675365016306,0.0006358685039113965,0.0006580177747462281,-0.004965693139762534,-0.004298051696285998
0.003708419109548,-0.00735329696164333,0.0007789312677077009,0.0029294878418402994,0.003597129285316835
-0.0018475101412117612,-0.0029735743006855664,0.0007126455502041457,-0.002560155691415907,-0.0018925142479393712
-0.0024673755717762313,-0.0003900796440671206,0.0006735451755372471,-0.0031409207473134786,-0.0024732793038369427
0.0006182746291683028,-0.02086619391956246,0.0009834446900739023,-0.0003651700609055995,0.0003024713825709362
-0.03028403005142777,0.0026584898861461426,0.000627406039725969,-0.030911436091153738,-0.0302437946476772
0.024856334737593855,0.006936040108400654,0.000562666669772889,0.024293668067820965,0.024961309511297502
0.008084468544051093,-0.0003080227407983305,0.0006723032702545728,0.00741216527379652,0.008079806717273055
0.0024676788661521787,-0.003861756863082544,0.0007260879124220664,0.0017415909537301121,0.002409232397206648
-0.014769172680056064,0.00608097510857486,0.0005756078081538375,-0.015344780488209902,-0.014677139044733365
-0.0037474892114012226,-0.016652749054007043,0.0009196755344228604,-0.004667164745824083,-0.003999523302347547
0.011912176135977504,0.0022622025726091177,0.0006334037229010982,0.011278772413076406,0.011946413856552941
-0.01239190353498043,0.012338485100151564,0.00048090237320133703,-0.012872805908181767,-0.012205164464705232
0.00878313414938714,0.011066049239604414,0.000500160287576942,0.008282973861810197,0.008950615305286734
-0.014925008064059941,0.004453159211633695,0.0006002442870008434,-0.015525252351060784,-0.01485761090758425
-0.00505079348328763,-0.000734986066058041,0.0006787652251666574,-0.0057295587084542875,-0.0050619172649777515
-0.0019035455798093182,0.008014680412562258,0.0005463417898605228,-0.002449887369669841,-0.0017822459261933052
0.02733650154164957,0.001106182994042637,0.0006508997136624583,0.026685601827987113,0.02735324327146365
0.028465073177083466,0.00077123387202227,0.0006559690627055437,0.02780910411437792,0.02847674555785446
0.0018049729901141731,-0.0042616893616069795,0.0007321407643192878,0.0010728322257948853,0.001740473669271421
0.0,-0.0023877098952062026,0.0007037786776911495,-0.0007037786776911495,-3.613723421461369e-05
-0.03243223172226195,-0.005676040278268291,0.0007535465181923434,-0.033185778240454294,-0.03251813679697776
-0.008690218697428476,-0.01070332804283558,0.000829632928763901,-0.009519851626192377,-0.008852210182715842
0.00814015219907338,-0.005775015185050969,0.0007550444721083347,0.007385107726965046,0.00805274917044158
0.00931665614806243,0.012386154626733425,0.00048018090999073215,0.008836475238071698,0.009504116681548233
0.0,0.007318795346650031,0.000556873790278082,-0.000556873790278082,0.00011076765319845375
0.0012307643900046905,2.836730636679441e-05,0.0006672121132650755,0.000563552276739615,0.0012311937202161508
0.0030732042216388145,-0.002271519985995063,0.000702020180157187,0.0023711840414816273,0.0030388254849581632
-0.0036761546632946285,-0.002756886733696673,0.0007093660523994109,-0.004385520715694039,-0.0037178792722175036
0.017220098005978235,-0.002249704779339723,0.0007016900139029335,0.016518407992075303,0.017186049435551836
-0.01753355000865353,0.0031146787487494887,0.0006205017655479824,-0.018154051774201513,-0.01748641033072498
0.01969245715091361,-0.00775298528243118,0.0007849804240520938,0.01890747672686152,0.01957511817033805
-0.0006035720158882318,-0.0028748824444340126,0.0007111518801684359,-0.0013147238960566677,-0.000647082452580132
0.00120772462809704,0.012808166466444781,0.0004737938942466473,0.0007339307338503926,0.0014015721773269283
-0.015681555385646195,-0.00955710249815489,0.0008122851676083013,-0.016493840553254497,-0.01582619910977796
-0.014092779751174955,0.0009500546545004873,0.0006532626667100211,-0.014746042417884976,-0.01407840097440844
-0.012430408618029576,-0.0012752120935421996,0.0006869413752606115,-0.013117349993290187,-0.012449708549813652
0.0006294014397723036,0.003911964108786803,0.0006084351037439683,2.0966336028335232e-05,0.000688607779504871
-0.0012577791798624727,0.00521142418513576,0.0005887681864078878,-0.0018465473662703604,-0.0011789059227938247
0.0056674826095497455,-0.002625530186397551,0.0007073780125940301,0.004960104596955716,0.005627746040432251
0.016280227435084393,-0.008254876246131082,0.0007925763850781108,0.015487651050006282,0.01615529249348282
-0.0024643350714161905,-0.021100170073477753,0.0009869858451747155,-0.003451320916590906,-0.00278367947311437
0.014206469697860102,-0.031850965718637325,0.001149695737612896,0.013056773960247207,0.013724415403723742
-0.022533624155452237,-0.03941369286646568,0.0012641552214852818,-0.023797779376937517,-0.023130137933460984
0.0012458710276517238,-0.01352199497897244,0.0008722925615143734,0.00037357846613735035,0.001041219909613886
0.00995640173548673,0.03903385877450183,7.687633433729963e-05,0.009879525401149431,0.010547166844625967
0.008626346567405685,0.024297748621125326,0.0002999027016083222,0.008326443865797362,0.008994085309273899
0.001221516713958648,0.0006087363616984476,0.0006584284111388074,0.0005630883028198406,0.0012307297462963763
0.015253367521170125,-0.008391670369217175,0.0007946467208735397,0.014458720800296586,0.01512636224377312
-0.0024039839389704554,-0.029576446640986798,0.0011152716106284217,-0.003519255549598877,-0.002851614106122341
0.004216924651857301,0.01829297500443139,0.00039078305144808447,0.0038261416004092166,0.004493783043885752
0.0005997301288152013,0.0011647935451044589,0.0006500126615061554,-5.028253269095408e-05,0.0006173589107855816
-0.0011989623975593444,-0.015329595723932221,0.0008996500271839959,-0.0020986124247433405,-0.0014309709812668045
0.004201811484341622,0.02508305358648033,0.0002880173592893459,0.003913794125052276,0.004581435568528812
-0.005379535548544534,-0.01389756050907287,0.0008779766270498988,-0.006257512175594433,-0.005589870732117897
0.009014459653901907,0.005277955033794246,0.0005877612630520413,0.008426698390849866,0.009094339834326401
-0.0011913998717899554,0.004487043210972708,0.0005997314633857552,-0.0017911313351757106,-0.0011234898916991749
0.014907514046704096,-0.004089655710746709,0.0007295370894145541,0.014177976957289541,0.014845618400766078
0.01292606347155445,0.01283131142251781,0.00047344360265545477,0.012452619868898994,0.013120261312375531
0.011021122844440345,0.008705414349693852,0.0005358877501481518,0.010485235094292193,0.01115287653776873
-0.005737492444172876,-0.002561059320011938,0.0007064022664184694,-0.006443894710591345,-0.00577625326711481
-0.018299764875163715,-0.016164165744279924,0.000912280980531532,-0.019212045855695248,-0.01854440441221871
-0.006013485894312831,0.004565783605198437,0.0005985397524186904,-0.006612025646731521,-0.005944384203254985
0.029643089337234363,-0.012318429274285614,0.0008540769751693713,0.028789012362064992,0.02945665380554153
-0.008812868880851199,-0.002048642890328245,0.0006986470057931846,-0.009511515886644383,-0.008843874443167848
-0.014226488754784716,-0.003362984329369434,0.0007185391478477795,-0.014945027902632496,-0.01427738645915596
0.028262162756917064,-0.00046579328582951884,0.0006746910775629087,0.027587471679354155,0.028255113122830692
0.0,-0.02566609046896018,0.0010560896065102527,-0.0010560896065102527,-0.00038844816303371696
0.009356759495364297,0.001232853252514099,0.0006489825993565709,0.008707776896007727,0.009375418339484262
-0.00289709944102412,0.019075555906861608,0.0003789389369600628,-0.0032760383779841832,-0.0026083969345076473
-0.018012669645857127,0.001973884228037459,0.0006377673298732324,-0.01865043697573036,-0.017982795532253824
-0.020118294230719647,0.014315289284541954,0.00045098406698199014,-0.020569278297701638,-0.0199016368542251
0.03683560395366681,0.018289840800508328,0.00039083048663335194,0.03644477346703345,0.03711241491050999
-0.016889717993895492,-0.0035882361830883447,0.0007219482634239468,-0.017611666257319438,-0.016944024813842905
0.001184713867223408,0.008035633639867479,0.0005460246693911554,0.0006386891978322527,0.0013063306413087885
0.0035502913990175244,0.008818435459823082,0.0005341772113862462,0.003016114187631278,0.003683755631107814
0.012971729105548224,0.000725111326717931,0.0006566671128437048,0.01231506199270452,0.012982703436181055
0.009895307564842248,0.0012754772073804155,0.0006483374992783537,0.009246970065563895,0.00991461150904043
0.012679867180970694,-0.006825423947869114,0.000770942076569937,0.011908925104400758,0.012576566547877293
-0.005122156810467793,-0.0047162741982138545,0.0007390207620710481,-0.005861177572538841,-0.0051935361290623054
-0.005720793285901693,0.01485277361914017,0.0004428494115428778,-0.00616364269744457,-0.005496001253968035
-0.01611049598945058,0.004570474275370051,0.0005984687606089419,-0.01670896475005952,-0.016041323306582984
0.024561230201619155,0.00027054553471672627,0.0006635468223613806,0.023897683379257774,0.02456532482273431
0.006278691502559441,-0.0014210903493528937,0.0006891491965322133,0.005589542306027228,0.006257183749503764
-0.005672119555765631,-0.005825414995899281,0.000755807257307933,-0.006427926813073564,-0.005760285369597029
0.01483192551921153,0.01662757156411132,0.0004159884058780758,0.014415937113333456,0.01508357855680999
0.0011238426517634625,0.011030344539323389,0.0005007006669250398,0.0006231419848384227,0.0012907834283149586
-0.00898361656338953,-0.0019131006866738298,0.0006965956174024683,-0.009680212180791998,-0.009012570737315461
0.008498436630189676,-0.002554118539720318,0.0007062972199035917,0.007792139410286085,0.00845978085376262
0.010674122796656249,0.01184003327863703,0.0004884462838979152,0.010185676512758333,0.01085331795623487
0.0038911576456122088,-0.0004497742019048401,0.0006744486337933152,0.003216709011818894,0.0038843504552954294
-0.03211504449387104,-0.004809877003672414,0.0007404374109322822,-0.03285548190480332,-0.032187840461326785
0.02059486957570056,0.011873817006551102,0.0004879349778591352,0.020106934597841422,0.02077457604131796
0.0,0.002728067346863705,0.000626353006860018,-0.000626353006860018,4.128843661651773e-05
0.005605553832638055,-0.003545367230984642,0.0007212994553900157,0.004884254377248039,0.005551895820724575
-0.003902001335245875,-0.0011321483923818487,0.0006847761513836151,-0.00458677748662949,-0.0039191360431529544
0.005596075680914803,-0.0003476213457177524,0.0006729025826180296,0.004923173098296773,0.005590814541773309
-0.0022261072720819453,-0.009822729385718598,0.000816305346554186,-0.0030424126186361315,-0.0023747711751595955
-0.0022309398673456826,0.0015105949543003927,0.0006447790665284129,-0.0028757189338740954,-0.00220807749039756
-0.0022359952455468513,-0.003228085812548187,0.0007164975014537345,-0.0029524927470005857,-0.00228485130352405
0.0005606722035682576,-0.013990375564759017,0.0008793813535674321,-0.00031870914999917446,0.00034893229347736127
-0.04367341661522761,-0.011207364706699363,0.0008372613642833782,-0.04451067797951099,-0.043843036536034455
-0.01814969877117545,0.014903265264943455,0.0004420852364502763,-0.018591784007625727,-0.01792414256414919
-0.0005964215566308662,-0.0013393792481354305,0.0006879125248542352,-0.0012843340814851015,-0.0006166926380085656
-0.02326944743709336,0.01616245179852549,0.00042302784644854334,-0.023692475283541903,-0.02302483384006537
0.017715112075198824,-0.00112310916925773,0.0006846393456000438,0.017030472729598782,0.017698114173075315
0.021608545370236154,0.003810195689989637,0.0006099753365809255,0.02099857003365523,0.021666211477131766
-0.005287467204806551,-0.0012348607728660532,0.0006863306707822029,-0.005973797875588754,-0.005306156432112218
0.010041142042057416,0.0012219959743400288,0.0006491469208284119,0.009391995121229004,0.01005963656470554
0.017543906488893812,-0.00012913227667687988,0.0006695958196494149,0.016874310669244396,0.017541952112720933
-0.016091839736180336,0.0005936176807606053,0.0006586572275939235,-0.01675049696377426,-0.016082855520297725
-0.0011683862977459603,-0.004640997274763192,0.0007378814696389342,-0.0019062677673848945,-0.0012386263239083587
-0.01695913536780469,0.01068057336863748,0.0005059943429876021,-0.017465129710792292,-0.016797488267315756
0.03212383825341325,-0.010995693172566212,0.0008340577825497288,0.031289780470863525,0.031957421914340055
0.0,-0.014373526666262015,0.0008851802243274015,-0.0008851802243274015,-0.00021753878085086585
-0.0057637963235656064,0.0205256690573854,0.0003569919329863476,-0.006120788256551954,-0.0054531468130754185
-0.008695571623667409,-0.006989502964787397,0.0007734253606053987,-0.009468996984272808,-0.008801355540796271
0.0029239961247584656,-0.0064899016523778386,0.00076586405272762,0.002158132072030846,0.0028257735155073813
-0.00991254636928307,-0.007738985017979982,0.0007847685344768338,-0.010697314903759905,-0.010029673460283368
-0.030624199084146042,0.0022513871531610885,0.0006335674108543572,-0.0312577664950004,-0.030590125051523864
0.02247882626169817,-0.019422767297482935,0.0009615988845937555,0.021517227377104414,0.02218486882058095
0.02020168057388716,0.004755560017433602,0.000595667546431221,0.01960601302745594,0.020273654470932476
0.01456058911860314,0.010618561082731848,0.0005069328793250586,0.014053656239278081,0.014721297682754618
0.016647461099415395,0.014514969430300617,0.0004479619711194331,0.016199499128295963,0.016867140571772497
-0.024826934291337643,-0.015040520909943678,0.0008952749712864503,-0.025722209262624092,-0.02505456781914756
0.010064850839451855,-0.01779722000676387,0.000936996740384535,0.00912785409906732,0.009795495542543857
-0.006447392508676986,0.0077784025360287945,0.0005499177808053037,-0.006997310289482289,-0.006329668846005753
0.0005897095373785799,0.008816736053143037,0.0005342029313689569,5.5506606009623e-05,0.0007231480494861587
0.008254670331744984,0.01241806830075265,0.00047969790662629624,0.007774972425118688,0.008442613868595223
-0.007602208225801155,-0.001598636221499028,0.0006918362971630161,-0.00829404452296417,-0.007626403079487635
0.004714125030768068,-0.00217855994238203,0.0007006132592932289,0.00401351177147484,0.004681153214951375
0.0017597177284582877,0.010629762908764828,0.000506763343230327,0.0012529543852279608,0.0019205958287044963
0.009953024771977459,-0.007217228595965963,0.0007768719160211519,0.009176152855956307,0.009843794299432843
-0.031883924505209604,-0.00941191309542666,0.0008100877719102713,-0.03269401227711988,-0.03202637083364334
-0.003592984326435178,-0.015303731089594375,0.0008992585741222907,-0.0044922429005574685,-0.003824601457080933
0.006009853615074112,0.0020122259542274534,0.0006371870399718912,0.005372666575102221,0.006040308018578757
0.004181435837108394,-0.013115396702646942,0.0008661388251780067,0.0033152970119303873,0.003982938455406923
-0.0035691236900358136,-0.023700443014411654,0.0010263401538690453,-0.0045954638439048585,-0.003927822400428323
-0.00238826600005293,-0.010838374390218508,0.0008316768125267496,-0.0032199428125796797,-0.0025523013691031438
0.008378238981372244,0.0008532721255336551,0.0006547274396810504,0.007723511541691193,0.00839115298516773
0.0023738835571867067,0.00780279851675636,0.0005495485553515679,0.0018243350018351389,0.0024919764453116746
-0.004144231672929877,-0.02496545230421965,0.0010454856694449674,-0.005189717342374844,-0.004522075898898309
0.004161477801039037,0.016695905386662213,0.00041495419508251,0.0037465236059565274,0.004414165049433063
-0.002368261579962949,-0.021599098001850003,0.0009945369615980291,-0.0033627985415609785,-0.0026951570980844426
-0.0047477671143734135,0.0005318215543925753,0.0006595924924251331,-0.005407359606798547,-0.004739718163322011
0.0017887483315874864,-0.011693855152413501,0.0008446242433396822,0.0009441240882478042,0.00161176553172434
0.0017858341819321222,0.005195438361131455,0.000589010126799104,0.0011968240551330181,0.0018644654986095539
-0.003565022067754664,0.020283701024494727,0.00036065404264823533,-0.003925676110402899,-0.0032580346669263635
0.0017887483315874864,-0.015637982053378963,0.0009043173567612516,0.0008844309748262348,0.0015520724183027705
0.002381088929422681,0.014144335590226431,0.00045357139708592637,0.0019275175323367547,0.0025951589758132906
0.002969134025833542,-0.010863483795639506,0.0008320568354376192,0.002137077190395923,0.0028047186338724583
-0.0005921523534543338,0.005528577205787588,0.0005839681757314745,-0.0011761205291858084,-0.0005084790857092726
-0.004146826359459732,0.0247602174153414,0.0002929033826512372,-0.004439729742110969,-0.0037720882986344334
0.010113099603798137,-0.00044323658717015935,0.0006743496890616515,0.009438749914736486,0.010106391358213021
-0.006478389418457575,-0.018743090830274922,0.0009513121961920491,-0.007429701614649624,-0.006762060171173088
-0.0029635060207598984,0.004992038934619414,0.0005920885127997404,-0.0035555945335596388,-0.0028879530900831033
0.002377907479140795,0.0015267325638141926,0.0006445348289115085,0.0017333726502292866,0.002401014093705822
-0.0005931363028059966,-0.018481246310869337,0.0009473492621921649,-0.0015404855649981614,-0.0008728441215216258
0.005934883222752374,-0.014153935656373462,0.0008818567838325165,0.0050530264389198574,0.005720667882396393
0.005309604092571751,-0.0006636203533073592,0.0006776851276716719,0.00463191896490008,0.0052995604083766155
-0.012910605260212815,-0.00018895027740828407,0.0006705011461746433,-0.01358110640638746,-0.012913464962910922
0.002377907479140795,-0.012301161792504733,0.0008538156372929965,0.0015240918418477985,0.0021917332853243344
-0.0290628425508499,0.019518049565855122,0.00037224193535796945,-0.02943508448620787,-0.028767443042731333
0.007941504954019907,0.01651665412216241,0.00041766710628730094,0.007523837847732606,0.008191479291209142
0.000605934929325258,0.01648043921048603,0.0004182152075235266,0.00018771972180173143,0.0008553611652782672
0.009691151782639462,-0.004665713707027619,0.0007382555450253463,0.008952896237614116,0.009620537681090651
-0.002399657048866577,-2.6032942938902792e-05,0.0006680354438356947,-0.0030676924927022717,-0.002400051049225736
0.0024054292541317857,0.014454197186153817,0.0004488817398169997,0.001956547514314786,0.0026241889577913215
0.004799102643153974,-0.012454371867771763,0.0008561344233335783,0.003942968219820396,0.004610609663296931
-0.019701686313894573,0.004439786812972857,0.0006004466740259122,-0.020302132987920486,-0.01963449154444395
-0.010353086616051721,0.011348275359951865,0.0004958888844919383,-0.010848975500543659,-0.010181334057067124
0.0055385426108707225,-0.0018701144822791393,0.0006959450347921909,0.004842597576078532,0.005510239019555068
0.020195748921914003,-0.008120976341902342,0.0007905498523698689,0.019405199069544132,0.02007284051302067
-0.01619678639788813,0.023868791801894718,0.00030639482742126717,-0.0165031812253094,-0.01583553978183286
-0.0024390203711183167,0.004094308735004493,0.0006056753754877701,-0.003044695746606087,-0.002377054303129551
-0.009779934945032265,0.0034987406745825567,0.0006146891097498011,-0.010394624054782066,-0.00972698261130553
0.006172938003420114,0.0033058923144386743,0.0006176078086974477,0.005555330194722667,0.006222971638199203
-0.0006135859550521205,0.0008850141950174084,0.0006542470334969934,-0.001267832988549114,-0.0006001915450725782
0.006752579606153608,-0.011240108649505087,0.0008377569335033475,0.00591482267265026,0.006582464116126796
-0.01402456415845843,0.0050523932937867055,0.0005911750686591938,-0.014615739227117624,-0.013948097783641089
0.00803987646185278,0.00015580493345068724,0.0006652833850778986,0.007374593076774881,0.008042234520251417
0.0036808669669672334,0.01639550053418848,0.00041950072752970765,0.0032613662394375257,0.003929007682914061
-0.0055013750026035035,-0.001260972921287129,0.000686725869891288,-0.006188100872494792,-0.005520459429018256
0.0,-0.0018369416879204792,0.0006954429750395808,-0.0006954429750395808,-2.7801531563045026e-05
-0.009833819009748779,0.005600351545632654,0.000582881893794633,-0.010416700903543411,-0.009749059460066876
0.00869020297951062,0.006595236486620859,0.0005678246248185046,0.008122378354692115,0.00879001979816865
0.0,0.004405643688967897,0.0006009634194108782,-0.0006009634194108782,6.667802406565744e-05
-0.0012309479282417435,0.0009855772666846896,0.0006527250432076883,-0.0018836729714494318,-0.001216031527972896
0.0006312908275758478,-0.000877387766836879,0.0006809204298772194,-4.962960230137168e-05,0.000618011841175164
0.005047429807415682,-0.006386031602501285,0.000764292012368861,0.004283137795046821,0.004950779238523357
0.0025108966290925405,-0.0003780702927851376,0.0006733634178032301,0.0018375332112893104,0.002505174654765846
-0.008140262633405504,0.0005452554858313974,0.0006593891741209277,-0.008799651807526431,-0.008132010364049896
-0.002525235706040907,0.008816651779288476,0.0005342042068270964,-0.003059439912868003,-0.0023917984693914676
0.0031645176866716973,0.004350315260639448,0.0006018007976774951,0.002562716888994202,0.003230358332470738
0.00946367766368339,-0.00203975921756705,0.0006985125542151676,0.008765165109468223,0.009432806552944758
-0.011249889983810824,0.006330915127309877,0.0005718250450071227,-0.011821715028817946,-0.011154073585341411
0.0031606619188480067,-0.003208322345054082,0.0007161983876228787,0.002444463531225128,0.0031121049747016637
0.0018901475822434843,-0.010144492387214377,0.0008211751278328894,0.001068972454410595,0.0017366138978871307
0.0,0.010507619269939372,0.0005086119485792945,-0.0005086119485792945,0.00015902949489724126
0.0006291250041741137,-0.011975786526205012,0.0008488911855287674,-0.00021976618135465377,0.00044787526212188196
0.003771079338838579,0.0027865779152880243,0.0006254674679093168,0.0031456118709292623,0.003813253314405798
0.007514182485380827,-0.0027397858070188352,0.000709107235281852,0.006805075250098975,0.00747271669357551
0.0031075526672161846,0.0096621337827838,0.0005214081040652435,0.002586144563150941,0.0032537860066274766
-0.001858741209950221,0.01004013710204088,0.0005156871433617177,-0.0023744283533119388,-0.0017067869098354028
-0.0018622737449868199,0.0001729273803483533,0.000665024242258618,-0.0025272979872454377,-0.001859656543768902
0.0024875455133610558,-0.0009842848497145784,0.0006825382834232328,0.001805007229937823,0.0024726486734143586
0.005583284846693903,0.006541025289023228,0.0005686450941513048,0.005014639752542599,0.005682281196019134
-0.00431838089615022,0.0030844851678346608,0.0006209587358472167,-0.004939339631997437,-0.004271698188520901
-0.004956880060142499,0.0007615448773992117,0.0006561157025752785,-0.005612995762717778,-0.004945354319241242
-0.001867643645081185,-0.005194027008290192,0.0007462513997750174,-0.0026138950448562027,-0.0019462536013796668
0.006862032597265921,4.785972478082989e-05,0.0006669171016763346,0.006195115495589587,0.006862756939066123
0.002478155829741091,-0.0018120458796383465,0.0006950661848538636,0.0017830896448872275,0.002450731088363763
-0.003708221818300883,0.0018727515871905798,0.0006392979404119597,-0.004347519758712843,-0.003679878315236307
0.0024813729851249633,0.001649352800310755,0.0006426790104075002,0.0018386939747174632,0.0025063354181939987
0.000618719050742067,-0.009230768513682652,0.0008073462059477002,-0.0001886271552056332,0.00047901428827090253
0.011132184083711305,-0.005063088369821722,0.0007442696848876362,0.010387914398823668,0.011055555842300205
-0.022630073316828092,0.007809946463542827,0.0005494403734373015,-0.023179513690265392,-0.02251187224678886
0.027534227347202567,-0.008676638198860664,0.0007989596188617467,0.02673526772834082,0.027402909171817355
-0.0024363165296517053,-0.005936889314214544,0.0007574943858648657,-0.003193810915516571,-0.002526169472040035
0.009768366566409004,-0.0002390081258001331,0.0006712587558805995,0.009097107810528405,0.00976474925400494
-0.0012093549145720806,0.0031746390805036384,0.0006195942848877331,-0.0018289491994598135,-0.0011613077559832778
-0.0012104721459169632,0.0007534970439868616,0.0006562375039890627,-0.001866709649906026,-0.00119906820642949
0.0006059695822591138,0.012483643435067249,0.00047870544770482553,0.00012726413455428826,0.000794905578030824
0.011508116491852904,-0.009561518078546327,0.0008123519960212167,0.010695764495831688,0.011363405939308223
0.007784430520950014,-0.0001694649071644072,0.000670206241257729,0.0071142242796922855,0.007781865723168821
-0.00594169680203005,-0.00847828902508041,0.0007959576668391987,-0.006737654468869248,-0.006070013025392713
-0.0017932594364948873,0.009796652464963085,0.0005193722063483921,-0.0023126316428432794,-0.0016449901993667436
0.004191537202544948,-0.009411297455333645,0.0008100784543921432,0.003381458748152805,0.004049100191629341
-0.022659600452845985,0.00020517873267866804,0.0006645361282397253,-0.02332413658108571,-0.022656495137609176
-0.0006101766209788417,-0.003706707658226005,0.0007237412917367229,-0.0013339179127155646,-0.0006662764692390289
0.012820972367277195,0.006019504059596059,0.0005765381530415581,0.012244434214235636,0.012912075657712171
-0.007836388966748098,-0.0020854589704891735,0.0006992042055243205,-0.008535593172272418,-0.007867951728795883
0.0012154420074759198,0.013681382686285826,0.00046057804289060546,0.0007548639645853143,0.00142250540806185
-0.02245163060904576,0.006974740643369559,0.0005620809494141429,-0.023013711558459903,-0.022346070114983366
-0.003103908212298334,-0.00021044390350322129,0.0006708264454088063,-0.0037747346577071406,-0.0031070932142306046
-0.012453218761293017,0.004286857336424754,0.0006027612132936148,-0.013055979974586632,-0.012388338531110096
0.006935731758600294,-0.0010052630048559275,0.0006828557811675172,0.006252875977432777,0.006920517420909313
0.002504966849849577,0.0011350423274503196,0.0006504629367773246,0.0018545039130722523,0.0025221453565487883
-0.0031231517997321045,0.0028246780734553223,0.0006248908340636098,-0.0037480426337957143,-0.003080401190319179
0.0031329364357999268,-0.002911814656949452,0.0007117108375260336,0.002421225598273893,0.003088867041750429
0.010618057150748372,0.004897281193053882,0.0005935226412537357,0.010024534509494637,0.010692175952971172
-0.0024720297547928816,0.0012894462510633087,0.0006481260822195493,-0.003120155837012431,-0.002452514393535895
0.0030978546498618975,0.0033095665337075086,0.0006175522005506873,0.00248030244931121,0.003147943892787746
0.021000653058680374,-0.0017177585589538413,0.0006936391760711446,0.02030701388260923,0.020974655326085764
-0.022988453916152563,-0.009175181182794367,0.0008065049092727113,-0.023794958825425275,-0.023127317381948738
0.007430147763663353,-0.008115191387155773,0.0007904622989091167,0.006639685464754236,0.007307326908230772
-0.01843882773405947,-0.0017988851350955182,0.000694867001146941,-0.019133694735206413,-0.018466053291729876
-0.002504607817765625,-0.0018407128700851372,0.0006955000506891075,-0.0032001078684547324,-0.002532466424978197
0.0062776015063075175,0.0031329906996742096,0.000620224619961401,0.005657376886346117,0.006325018329822652
-0.0018717821032450122,-0.0032579654199809127,0.0007169497198636029,-0.002588731823108615,-0.0019210903796320793
-0.0018749338827788176,0.00580818525653326,0.0005797363963019993,-0.002454670279080817,-0.0017870288356042813
0.0,0.002712061607464289,0.0006265952486644416,-0.0006265952486644416,4.1046194812094157e-05
-0.010018574883896236,-0.0016515636618127383,0.0006926373372352781,-0.010711212221131514,-0.010043570777654979
0.005692324765482315,0.01336407865930278,0.00046538033900009,0.005226944426482225,0.005894585869958761
-0.0018865816644716427,-0.035919799994431734,0.0012112762577171326,-0.0030978579221887753,-0.00243021647871224
-0.005671237594325862,-0.01809650217612302,0.0009415262813778119,-0.0066127638757036734,-0.005945122432227138
0.00950580372462162,0.01777016508725926,0.00039869561421984465,0.009107108110401775,0.00977474955387831
0.01192711892176579,0.017032672570028273,0.00040985733025587074,0.011517261591509918,0.012184903034986453
0.001240793199924095,0.013565044705922347,0.00046233878143463495,0.0007784544184894601,0.0014460958619659959
0.004956737959977309,0.00194860235588723,0.0006381499630135109,0.004318587996963798,0.0049862294404403335
-0.02406608776385022,-0.006847477437932237,0.0007712758491682165,-0.024837363613018436,-0.0241697221695419
-0.0019468349045751454,0.005352963242081676,0.0005866260375389489,-0.002533460942114094,-0.0018658194986375587
0.0026012062071252284,-0.0008715778419239317,0.0006808324985008952,0.0019203737086243332,0.0025880151521008687
-0.005188191015837562,0.015253349296718177,0.0004367868253340687,-0.005624977841171631,-0.004957336397695095
0.00521524872240442,0.003408615474199461,0.0006160531261579174,0.004599195596246502,0.005266837039723038
-0.007782358919813159,0.007009293213798395,0.0005615580071870278,-0.008343916927000187,-0.0076762754835236514
-0.003921663051306035,0.00013476775533982632,0.0006656017761161622,-0.0045872648274221965,-0.003919623383945661
-0.003936663535912377,0.00525920411762093,0.0005880450522388492,-0.004524708588151226,-0.0038570671446746902
0.02437409544989233,-0.0009289473209127541,0.0006817007674238292,0.0236923946824685,0.024360036125945037
-0.005788063296819801,0.002382294987840705,0.0006315861621725794,-0.00641964945899238,-0.005752008015515844
-0.014230254854361024,-0.0014351736522938419,0.000689362342868757,-0.01491961719722978,-0.014251975753753246
-0.00984253785363276,0.004270300173431885,0.0006030118007197524,-0.010445549654352513,-0.009777908210875976
0.0019881196644742083,-0.003612528916297486,0.0007223159262591406,0.0012658037382150677,0.0019334451816916034
-0.0052907638704153825,0.004553964713003289,0.0005987186276146557,-0.005889482498030038,-0.005221841054553503
-0.0019948769754114526,-0.0030114751244342264,0.0007132191671864608,-0.0027080961425979136,-0.0020404546991213777
0.010659668409834788,0.0003227842443460638,0.000662756206010234,0.009996912203824555,0.01066455364730109
0.001977487607587314,-0.0011985421207814095,0.0006857809994677032,0.0012917066081196105,0.0019593480515961463
-0.012500007344391495,0.0016062090221755643,0.0006433319778465115,-0.013143339322238006,-0.01247569787876147
0.001998864464107797,0.0016313092573088106,0.0006429520937250472,0.0013559123703827496,0.0020235538138592855
0.007978246072929185,-0.0012697872845152114,0.0006868592724914387,0.007291386800437746,0.007959028243914283
-0.0026382921881352717,-0.006361619481225378,0.0007639225426330299,-0.0034022147307683015,-0.002734573287291766
-0.009259408975183292,0.0031339432802557354,0.0006202102029555278,-0.009879619178138819,-0.009211977734662284
-0.002670291840720318,0.00021257188969192597,0.0006644242351462178,-0.003334716075866536,-0.00266707463239
0.007363113268354038,0.008603496447961101,0.0005374302453620691,0.0068256830229919685,0.0074933244664685044
0.003322190628229915,-0.0009071655678379864,0.0006813711074789389,0.002640819520750976,0.003308460964227512
-0.004636021177777727,0.0003897939364765346,0.0006617420355098605,-0.005297763213287588,-0.004630121769811052
0.0006657978514723606,-0.0028646859974036376,0.0007109975601669845,-4.5199708694623926e-05,0.0006224417347819118
-0.028590663506651737,0.004734588012062169,0.0005959849511006824,-0.02918664845775242,-0.028519007014275885
0.006160236601498781,-0.0007960463737501922,0.0006796893536148904,0.00548054724788389,0.006148188691360426
-0.007483249281987292,0.0027929092187690685,0.0006253716456332364,-0.008108620927620528,-0.007440979484143993
-0.019190852161276806,-0.00547907701986905,0.0007505655415608284,-0.019941417702837635,-0.019273776259361098
-0.052410986511700064,0.001868589648029051,0.0006393609300450676,-0.05305034744174513,-0.052382705998268594
-0.000737563181478218,0.0021996173129046337,0.0006343509310158126,-0.0013719141124940307,-0.0007042726690174949
0.035424715045077715,-0.0014402713809749113,0.0006894394953803248,0.03473527554969739,0.035402916993173925
-0.010691550413657103,-0.000563323157221185,0.0006761671613252108,-0.011367717574982313,-0.010700076131505778
0.0014408762972912825,0.0019517694055308787,0.000638102030718649,0.0008027742665726336,0.0014704157100491693
-0.005755453577977798,-0.005240276852734871,0.0007469513765454125,-0.00650240495452321,-0.005834763511046675
0.0028941833449680487,-0.0013652276243513173,0.0006883037318544057,0.002205879613113643,0.0028735210565901787
-0.004328867647318213,-0.0015788165944199406,0.0006915363333746006,-0.005020403980692814,-0.004352762537216278
-0.003623194853929146,0.005228047221710774,0.0005885166020059153,-0.004211711455935061,-0.0035440700124585254
0.01090919158334036,-0.0019536804841114863,0.0006972097798044126,0.010211981803535948,0.010879623247012483
-0.015108115837668912,-0.0023758642617150993,0.000703599397774126,-0.015811715235443037,-0.015144073791966502
-0.012417716249544908,-4.1384533048027805e-05,0.000668267785297467,-0.013085984034842374,-0.012418342591365839
-0.012574019950913784,0.004201041336424849,0.0006040600113166008,-0.013178079962230384,-0.01251043851875385
-0.010486893953919996,0.0029816787577114923,0.0006225146783546559,-0.011109408632274652,-0.010441767188798115
0.0007571895826938846,-0.0001463852229309781,0.0006698569375351883,8.733264515869629e-05,0.000754974088635232
-0.020423668185754806,-0.0022230136296667036,0.0007012860517929939,-0.0211249542375478,-0.020457312794071265
-0.005405449206578705,-0.02452206896667508,0.0010387752028393408,-0.0064442244094180465,-0.0057765829659415105
-0.0038819077685479098,0.01467705274849096,0.00044550889135313253,-0.004327416659901042,-0.0036597752164245064
0.025720975097708765,-0.014830674258895948,0.0008920990085812284,0.024828876089127535,0.025496517532604072
0.010638044288284076,-0.0005876766502063147,0.0006765357437404006,0.009961508544543677,0.010629149988020212
-0.006766829633843785,0.010109273363029914,0.0005146407879141403,-0.007281470421757925,-0.0066138289782813895
-0.008326888207718763,-0.0037722947474507773,0.0007247339315919787,-0.009051622139310742,-0.008383980695834207
0.0047207009502929775,-1.8603060785604697e-05,0.0006679229949188059,0.004052777955374172,0.004720419398850708
0.007047696142202131,0.0002991382171499968,0.0006631140811544234,0.0063845820610477074,0.007052223504524243
0.00622073921685895,0.010917162352442444,0.0005024136435326463,0.005718325573326304,0.00638596701680284
0.01777443413422586,0.006499784427785649,0.0005692692615448173,0.01720516487268104,0.017872806316157577
-0.009870882598720598,-0.00573677446354337,0.0007544657108809217,-0.01062534830960152,-0.009957706866124984
-0.0038343352541141407,-0.008587762798917709,0.000797614517788076,-0.004631949771902216,-0.0039643083284256805
-0.0007701022878607855,0.006444170055012188,0.0005701109674901871,-0.0013402132553509726,-0.0006725718118744369
0.0038522273409091756,0.005296554012835575,0.0005874797733856801,0.0032647475675234953,0.003932389011000031
-0.012279573448058523,-0.009321411497187015,0.0008087180588396218,-0.013088291506898145,-0.012420650063421608
-0.005438540444973494,0.007967969231286176,0.0005470487488179757,-0.00598558919379147,-0.005317947750314934
0.0257812097402621,-0.0032606955294726125,0.0007169910392074356,0.025064218701054665,0.025731860144531202
-0.026656613709912236,-0.0049555622707156965,0.0007426423113799167,-0.027399256021292152,-0.026731614577815616
0.01017185218884542,0.0042966906501935576,0.0006026123891992462,0.009569239799646174,0.01023688124312271
-0.0015489103555756945,0.00048155976529717925,0.0006603531887091467,-0.002209263544284841,-0.0015416221008083054
-0.0015519013922073999,-0.0032534833570118105,0.000716881885257898,-0.002268783277465298,-0.001601141833988762
0.0007771988457565548,0.004605905039596125,0.0005979325271964109,0.00017926631856014395,0.0008469077620366797
-0.0038817149948312535,-0.012446471596532338,0.0008560148552266189,-0.004737729850057873,-0.004070088406581337
-0.0015589054096617483,0.001146589037580359,0.0006502881809708444,-0.0022091935906325927,-0.001541552147156057
0.008586774780640072,-0.0030992637479612117,0.0007145478202427398,0.007872226960397332,0.008539868403873867
0.00928811230774218,0.00020160447857309194,0.0006645902234453511,0.00862352208429683,0.009291163527773365
0.002300451643046264,-0.003037994040303138,0.0007136205225922397,0.0015868311204540243,0.0022544725639305602
-0.00229517171151139,0.006160403318245855,0.0005744056873175119,-0.002869577398828902,-0.002201935955352366
0.003834252193323895,0.0021919710189710617,0.0006344666552565614,0.0031997855380673334,0.003867426981543869
-0.007639296458237688,-0.0013757239543792377,0.0006884625904901949,-0.008327759048727883,-0.007660117605251347
0.006158400268418518,-8.414160005176807e-05,0.0006689148999857908,0.005489485368432728,0.006157126811909263
-0.006120706507817819,0.004749839541692946,0.0005957541240226085,-0.006716460631840428,-0.006048819188363892
0.005388631502553309,-0.0037977277864983394,0.0007251188525954458,0.0046635126499578634,0.005331154093434399
0.0007656429978870616,-0.0017404116452881535,0.0006939820233693823,7.166097451767931e-05,0.000739302417994215
0.002295503192116799,-0.0029867267366989747,0.0007128446081641029,0.0015826585839526961,0.002250300027429232
-0.0015270235376924068,-0.0031082993435224138,0.0007146845711242934,-0.0022417081088167003,-0.0015740666653401645
-0.00458700022573133,-0.00012227640782913607,0.0006694920582423893,-0.005256492283973719,-0.004588850840497183
-0.011520926705370305,-0.006786883476427641,0.0007703587787220626,-0.012291285484092368,-0.01162364404061583
-0.002330923273516139,-0.00652550029741239,0.0007664028269630996,-0.0030973261004792387,-0.0024296846570027028
0.008567136850734292,-0.004423400838946101,0.00073458821639189,0.007832548634342401,0.008500190077818937
0.0,-0.0016661307322337615,0.0006928578052396542,-0.0006928578052396542,-2.521636176311845e-05
0.010810804029346865,0.022223543967337278,0.0003312951331317118,0.010479508896215154,0.01114715033969169
-0.00229183030923652,0.0037719744542996647,0.0006105538028966506,-0.002902384112133171,-0.002234742668656635
-0.002297094860861937,0.011077020753253342,0.000499994237187313,-0.0027970890980492497,-0.002129447654572714
0.0023023836545223997,0.0019507459501284519,0.0006381175203925243,0.0016642661341298754,0.0023319075776064113
0.0030629037259495284,-0.0013979503036608554,0.0006887989792580842,0.002374104746691444,0.00304174619016798
0.008396769149246364,-0.00011550278622274313,0.000669389541621353,0.007727379607625011,0.008395021051101546
0.015140130701634114,0.007480797417763307,0.0005544219401606006,0.014585708761473514,0.015253350204950049
-0.0037285410801825014,-0.0015822634216101639,0.0006915885000141578,-0.004420129580196659,-0.0037524881367201235
0.0,0.004676369608375142,0.0005968660682304739,-0.0005968660682304739,7.077537524606176e-05
0.0067365398713998825,-0.002386798421690206,0.0007037648828277139,0.006032774988572169,0.006700416432048704
-0.0007435226837231301,0.0074614006258433285,0.0005547155044725933,-0.0012982381881957235,-0.0006305967447191877
0.025297533661920557,0.002165432272904111,0.0006348683107861168,0.02466266535113444,0.025330306794610975
0.0007255598683568731,0.0008080244329033981,0.0006554122492006378,7.014761915623529e-05,0.000737789062632771
0.0036257974115248004,0.003914386891670674,0.0006083984356911612,0.0030173989758336393,0.003685040419310175
0.0021680260491816483,-0.005254535631502799,0.000747167178653108,0.0014208588705285404,0.002088500314005076
-0.0036051953796150116,0.0013352930642269722,0.0006474322052001445,-0.0042526275848151565,-0.00358498614133862
0.020260403233068658,-0.0026534040390964186,0.0007077998745402678,0.01955260335852839,0.020220244802004926
0.0021278946003513433,-0.0035155289737457407,0.0007208478628022549,0.0014070467375490883,0.002074688181025624
0.016277276255768802,0.00039700650631591117,0.0006616328755461237,0.015615643380222678,0.016283284823699215
0.004178432445960167,0.005821305253253195,0.0005795378293004909,0.0035988946166596765,0.0042665360601362124
0.002080297563071376,0.0034108883546988267,0.0006160187268302971,0.0014642788362410788,0.0021319202797176148
-0.005536468449258147,0.013163241364864575,0.0004684199479419945,-0.006004888397200142,-0.005337246953723606
0.0041756005907149785,0.0021593430473272335,0.0006349604692896683,0.00354064012142531,0.004208281564901846
0.0,0.005938984786955759,0.0005777567867709046,-0.0005777567867709046,8.988465670563107e-05
0.0027718080222705055,-0.0011374349205595102,0.0006848561613158609,0.0020869518609546445,0.0027545933044311804
0.004146743475123671,0.006539774750587091,0.0005686640206550866,0.0035780794544685844,0.00424572089794512
0.0013763657340093438,-0.00811717185395111,0.0007904922726477945,0.0005858734613615493,0.001253514904838085
-0.0027488734695634287,0.0038832279549072535,0.000608870016345896,-0.0033577434859093248,-0.002690102042432789
0.02478730386032968,-0.0017506226204834219,0.0006941365632500151,0.024093167297079665,0.0247608087405562
0.0027641483232025976,0.001975120701520394,0.0006377486162380698,0.002126399706964528,0.0027940411504410634
-0.011026696591290741,0.0036375121488696482,0.0006125888473692296,-0.01163928543865997,-0.010971643995183435
-0.009059192911472946,-0.0024573614565177593,0.0007048328320461583,-0.009764025743519105,-0.00909638430004257
-0.0007032602129496413,-0.0018629737285675851,0.0006958369617428387,-0.0013990971746924799,-0.0007314557312159442
0.007037403013003596,0.0012517152775348706,0.0006486971285724919,0.006388705884431104,0.0070563473279076395
-0.006289386926560225,0.0022483727122095676,0.0006336130334649222,-0.006922999960025148,-0.006255358516548612
0.0007031119709148825,-0.008356529175972627,0.0007941148700262449,-9.100289911136237e-05,0.0005766385443651734
0.005622128717594155,-0.000293304709629405,0.0006720805175070145,0.00495004820008714,0.005617689643563676
0.006289386926560336,-0.004637050227782158,0.0007378217323310242,0.005551565194229312,0.006219206637705848
0.004860919483861803,0.008486575281279274,0.0005391998102466097,0.004321719673615193,0.004989361117091729
-0.006219625088892622,0.005722273788525856,0.0005810366392030896,-0.006800661728095712,-0.006133020284619176
-0.00556348214289637,-0.0007706704833204681,0.0006793052975376825,-0.006242787440434053,-0.005575145996957517
0.0,0.0035169592193697863,0.0006144133778355734,-0.0006144133778355734,5.3228065640962276e-05
-0.006992891021459613,-0.0035485942758867184,0.000721348295694142,-0.007714239317153755,-0.007046597873677219
-0.00704250703749687,0.0,0.0006676414434765357,-0.007710148480973406,-0.00704250703749687
0.007801626525545169,0.0028296382793233654,0.0006248157629163292,0.00717681076262884,0.007844452206105376
0.007037403013003596,-0.0021448089967596173,0.0007001024494040667,0.006337300563599529,0.007004942007076065
0.012578479233753992,0.0018498402425362048,0.0006396446963682043,0.011938834537385788,0.012606475980862323
-0.00828172680994288,-0.0029675026899970147,0.0007125536582963588,-0.00899428046823924,-0.008326639024762703
0.0034797438887372856,0.0017637540575008437,0.0006409475835562631,0.0028387963051810226,0.003506437748657558
0.007628202897931979,-0.003609308355419394,0.0007222671840886668,0.006905935713843313,0.007573577157319848
-0.003441135210470514,0.003366237154707852,0.0006166945086224139,-0.004057829719092928,-0.0033901882756163923
0.0006905598280522174,-0.002690124758069401,0.0007083556310099797,-1.7795802957762267e-05,0.0006498456405187735
-0.006901196542004051,0.006564593637664151,0.0005682883946474838,-0.007469484936651535,-0.006801843493174999
0.00486444443646894,0.008026090549617448,0.0005461691010443428,0.004318275335424597,0.004985916778901133
0.002766132663865495,-0.0007353844075136395,0.0006787712539386231,0.0020873614099268718,0.0027550028534034077
0.011034372571027573,-0.000866463892926328,0.000680755100499966,0.010353617470527607,0.011021258914004142
0.01296061860805131,-0.006009543517695892,0.000758593984259609,0.012202024623791701,0.012869666067268238
-0.0067340366062675905,-0.0008899054071440649,0.0006811098804049001,-0.0074151464866724906,-0.006747505043195955
-0.011525267975271314,0.00029836348965073256,0.0006631258064101379,-0.012188393781681451,-0.011520752338204916
-0.006172988996535622,0.0005703094032936118,0.0006590099910027678,-0.00683199898753839,-0.006164357544061854
0.0006900832842582361,0.007264758098647794,0.0005576916269387628,0.0001323916573194733,0.000800033100796009
-0.004827687922377311,-0.002115356985885164,0.0006996567025328918,-0.005527344624910203,-0.004859703181433667
0.0006930257997259659,0.00022682918569594257,0.0006642084554796851,2.881734424628078e-05,0.0006964587877228165
-0.005540074813637386,0.0006933223855400961,0.0006571482284160297,-0.006197223042053415,-0.0055295815985768795
0.00557093822820387,0.005752546449780516,0.000580578472047919,0.004990359756155951,0.005658001199632487
-0.0006925458475861568,0.003566050102845164,0.0006136704028378513,-0.0013062162504240082,-0.0006385748069474723
0.0041581547983564615,0.005245845097992419,0.0005882472367764944,0.003569907561579967,0.004237549005056503
0.01380268404354612,0.004007335176634763,0.0006069916927906365,0.013195692350755484,0.01386333379423202
0.0,0.004992308919898214,0.0005920844266579214,-0.0005920844266579214,7.555701681861431e-05
0.002722967102114726,-0.0008641180363413437,0.0006807195967023665,0.0020422475054123596,0.002709888948888895
0.0020365185171775657,0.0016785565287558146,0.0006422370212123815,0.001394281495965184,0.00206192293944172
0.010840071632077786,0.006048066160828425,0.0005761058746714061,0.010263965757406379,0.010931607200882916
-0.002010514013409792,-0.001082200145408052,0.0006840202004604626,-0.0026945342138702546,-0.002026892770393719
-0.005372855791454745,0.00041898672168572126,0.0006613002119371563,-0.006034156003391901,-0.005366514559915365
0.0006753149779652468,0.0014933641914423035,0.0006450398486755026,3.027512928974413e-05,0.0006979165727662799
0.0006747881152515678,0.0010179830611165563,0.000652234591756427,2.2553523495140817e-05,0.0006901949669716765
-0.003371665416506575,-0.0025783763780462543,0.0007066643546157628,-0.004078329771122338,-0.0034106883276458022
0.002706457602705603,0.013673854659866258,0.00046069197718992874,0.0022457656255156742,0.00291340706899221
-0.0026991524610066042,-0.005859880503598425,0.0007563288818681654,-0.0034554813428747696,-0.002787839899398234
0.0060894582934398755,0.0005038772720600271,0.0006600154203016051,0.0054294428731382705,0.006097084316614806
0.008742252438643794,-0.0032772408480052917,0.0007172414473714138,0.00802501099127238,0.008692652434748916
0.001999791167275111,-0.0029133737680216987,0.0007117344341790849,0.0012880567330960263,0.001955698176572562
-0.0013305099472326054,-0.002284215165048731,0.0007022123176776538,-0.0020327222649102594,-0.0013650808214337234
0.009993348066877239,0.0007998953585612867,0.0006555352801702035,0.009337812786707035,0.01000545423018357
0.0,0.003268670195698986,0.0006181711536940743,-0.0006181711536940743,4.947028978246142e-05
-0.000659515404266342,0.0003666328125562224,0.0006620925717963091,-0.001321607976062651,-0.0006539665325861154
0.0066005500841044284,-0.0033790271755046453,0.0007187819512509153,0.005881768132853513,0.006549409576330049
-0.0013115228158040448,0.008374752796581397,0.0005408922081916449,-0.0018524150239956896,-0.001184773580519154
0.0032831821225920432,-0.0016267102694209612,0.0006922611890006485,0.0025909209335913948,0.0032585623770679303
0.007853341024044669,-0.0013143147950017697,0.0006875331822820196,0.007165807841762649,0.007833449285239186
0.0012989534660650115,-0.0020098935338483948,0.0006980605465363086,0.0006008929195287029,0.0012685343630052387
-0.009314850363350002,-0.012407972940626899,0.0008554321902436593,-0.010170282553593661,-0.009502641110117126
-0.0073876256270312135,0.0018898864360001877,0.0006390386098936635,-0.008026664236924877,-0.0073590227934483415
-0.002029732900468262,-0.001060269661328106,0.0006836882895188411,-0.002713421189987103,-0.002045779746510567
-0.002711977311245506,-0.0008439958489141475,0.000680415053758759,-0.003392392365004265,-0.0027247509215277293
-0.0020391823603671533,-0.001019587452981141,0.000683072577160169,-0.002722254937527322,-0.0020546134940507867
0.0006809997364458642,0.007251474353500598,0.0005578926722209368,0.00012310706422492736,0.0007907485077014631
-0.004764942932790395,0.001085324742930105,0.0006512153966971829,-0.005416158329487578,-0.004748516886011042
-0.004104313133626358,0.002935109936855751,0.0006232194827321646,-0.004727532616358523,-0.004059891172881987
-0.006867748928821582,-0.002255047489714501,0.0007017708741349667,-0.007569519802956549,-0.006901878359480013
0.008298388748049668,-0.0016421255420062675,0.0006924944942765598,0.007605894253773108,0.008273535697249644
0.01714691215994879,0.0005595225490382383,0.0006591732466308689,0.016487738913317923,0.017155380356794456
-0.005394418442967286,-0.0030548611983906016,0.0007138758016961062,-0.006108294244663392,-0.005440652801186856
-0.005423815321707104,0.001929509405943275,0.0006384389287732784,-0.0060622542504803825,-0.005394612807003847
-0.008179880190893996,-0.0008271302020167459,0.0006801597975262762,-0.008860039988420271,-0.008192398544943736
0.0013746629890365458,0.0006876864837839225,0.0006572335260069062,0.0007174294630296396,0.0013850709065061752
0.003431763434944779,-0.001433879303282093,0.0006893427533057674,0.0027424206816390115,0.0034100621251155474
0.0,-0.003759951034546627,0.0007245471134005432,-0.0007245471134005432,-5.690566992400742e-05
-0.007524199306536361,-0.006814694227374907,0.000770779685643244,-0.008294978992179606,-0.00762733754870307
0.004135287320196301,0.008613348940219367,0.0005372811310073271,0.0035980061891889743,0.00426564763266551
0.006176892139470702,-0.0029033798625895946,0.000711583179580675,0.005465308959890027,0.006132950403366563
-0.004092765042854496,-0.0017163507793208632,0.000693617869771572,-0.004786382912626068,-0.004118741469149532
-0.005479610330064277,0.007557263417987681,0.0005532646514275301,-0.006032874981491808,-0.005365233538015272
-0.017217273041097436,-0.0030350729326357184,0.0007135763125514154,-0.017930849353648852,-0.017263207910172315
0.0007004939742398797,0.01084006896297951,0.0005035804276034473,0.00019691354663643236,0.0008645549901129681
-0.011904809866640997,0.006090687476747014,0.0005754608145328284,-0.012480270681173826,-0.01181262923769729
0.0007089471061532127,-0.00048570348354270987,0.0006749924121092309,3.3954694043981785e-05,0.0007015961375205175
-0.011331479798480704,0.0005529198041311911,0.0006592731770870958,-0.011990752975567799,-0.011323111532091264
0.004298210089791699,-0.0019131470681601481,0.0006965963193715967,0.003601613770420102,0.004269255213896638
0.0007131314450299353,0.0017322905115801923,0.0006414237743742681,7.170767065566724e-05,0.000739349114132203
-0.0028512252514080183,0.0011890499458222514,0.0006496455485517289,-0.0035008707999597474,-0.0028332293564832115
-0.005718388793599982,-0.0012713605313821041,0.0006868830830852718,-0.0064052718766852545,-0.0057376304332087185
-0.020848203101735185,0.0005821026438950216,0.000658831504035562,-0.021507034605770747,-0.02083939316229421
-0.009544713420995943,0.0040886954080285864,0.000605760331416486,-0.01015047375241243,-0.009482832308935893
-0.005930336989147134,3.744597299082386e-05,0.0006670747105166061,-0.006597411699663739,-0.005929770256187204
-0.01565997496683924,-0.0010252486299153762,0.000683158257282873,-0.016343133224122113,-0.01567549178064558
0.006060547099214553,0.0011306013658478609,0.0006505301493268426,0.00541001694988771,0.006077658393364246
-0.0007527920260208543,-0.002162809124616749,0.0007003748756471258,-0.00145316690166798,-0.0007855254581914443
0.006028498978153607,-0.0014784413679722608,0.0006900171860632932,0.0053384817920903134,0.006006123235566849
0.012734131336639809,0.004776513648450997,0.0005953504198517976,0.012138780916788012,0.012806422360264547
0.015532259146717076,-0.0006868970151433507,0.0006780374125879385,0.014854221734129137,0.015521863177605674
0.011653577078372779,-0.018178214414433458,0.0009427629702653326,0.010710814108107446,0.011378455551583982
-0.01007942790665095,0.003686818283279214,0.0006118426146166859,-0.010691270521267636,-0.0100236290777911
0.0,0.006767499942466504,0.000565217471887987,-0.000565217471887987,0.00010242397158854873
0.02254574368236062,0.005160131149745784,0.0005895444902784658,0.021956199192082155,0.022623840635558688
0.007112196032277973,0.001837871992654172,0.0006398258320455302,0.006472370200232443,0.007140011643708978
-0.0035312026164171506,0.002489126548973042,0.0006299693002774626,-0.004161171916694613,-0.0034935304732180775
-0.002834550661358737,0.00444194837709877,0.0006004139594364032,-0.00343496462079514,-0.002767323177318604
-0.011371966061020977,0.00031054999597146526,0.00066294136749063,-0.012034907428511607,-0.011367265985035072
-0.0043133653023506024,-0.0012046245861250249,0.000685873055657262,-0.004999238358007864,-0.004331596914531328
0.004332051020912164,-0.000459968801852062,0.000674602925839747,0.003657448095072417,0.004325089538548953
-0.0021565349382441923,0.007571112611303388,0.0005530550482661335,-0.0027095899865103258,-0.0020419485430337903
0.0007204725601281936,0.0037077313104922904,0.000611526102563001,0.00010894645756519261,0.0007765879010417283
0.008639298311998944,-0.001217665183814387,0.0006860704209795506,0.007953227891019394,0.008620869334495929
-0.009279087361353522,-0.0027790399654609166,0.0007097013345567962,-0.009988788695910317,-0.009321147252433782
0.0,0.0015682572275503848,0.0006439063662569245,-0.0006439063662569245,2.3735077219611197e-05
0.00648388296073521,0.00026720472849017796,0.0006635973844071789,0.005820285576328031,0.006487927019804567
-0.0028632512385114994,-0.0008299892344156845,0.0006802030680775416,-0.003543454306589041,-0.0028758128631125052
-0.0007180341852417449,-0.000978763178264619,0.0006824547146719184,-0.0014004888999136632,-0.0007328474564371276
0.009339527999062902,0.004511505177332342,0.000599361239260344,0.008740166759802558,0.009407808203279093
0.0035585559664035316,-0.0009958307964025304,0.0006827130276752584,0.002875842938728273,0.003543484382204809
-0.0007089397816494314,-0.0022395981461527104,0.0007015370532056003,-0.0014104768348550318,-0.000742835391378496
0.022710989946037152,0.0002836393681004967,0.0006633486513336914,0.02204764129470346,0.022715282738179996
-0.01734919638731658,0.008347228657875183,0.0005413087773271914,-0.017890505164643772,-0.017222863721167235
-0.00801168211297254,-0.0066966373620162,0.0007689929323183631,-0.008780675045290903,-0.008113033601814368
0.00807631442428658,-0.0005826443900691647,0.0006764595820745423,0.007399854842212037,0.008067496285688572
0.004369982359584412,-0.00045578207221763645,0.0006745395610106712,0.003695442798573741,0.004363084242050277
0.004351113176763288,0.0015609155178168965,0.0006440174807121217,0.0037070956960511665,0.004374737139527702
-0.00794241026129372,0.000315801794623205,0.0006628618831787766,-0.008605272144472497,-0.00793763070099596
-0.0072779551603838755,-0.00807282488613359,0.0007898210953134177,-0.008067776255697294,-0.007400134812220758
-0.018328134240731653,0.008808066374833778,0.0005343341442086138,-0.018862468384940267,-0.01819482694146373
-0.05526539541435305,-0.008600023246820632,0.0007978000757900483,-0.056063195490143096,-0.05539555404666656
-0.0007903019337670569,0.0015332318107057485,0.0006444364648650176,-0.0014347383986320745,-0.0007670969551555389
-0.011867293860117867,0.002310833849555216,0.0006326677039028584,-0.012499961564020725,-0.01183232012054419
-0.05364289089651131,0.001453279024245635,0.0006456465250051632,-0.05428853742151647,-0.053620895978039936
-0.004230080012756043,-0.009368823820586791,0.0008094356293613994,-0.005039515642117443,-0.004371874198640907
-0.013593877215937633,0.006403125486305727,0.0005707321640583134,-0.014164609379995946,-0.013496967936519411
0.02239466059014905,0.0009277662125786179,0.0006535999952303856,0.021741060594918666,0.022408702038395203
0.012636782243331535,-0.0007826806116978391,0.0006794870670327925,0.011957295176298743,0.012624936619775278
-0.005823391489899188,0.007305607635895495,0.0005570733821100914,-0.00638046487200928,-0.005712823428532744
-0.021757484011657002,0.0018745843139260643,0.0006392702026723688,-0.02239675421432937,-0.021729112770852835
0.017963939698848685,0.004673503078699293,0.0005969094522506546,0.017367030246598032,0.018034671690074566
0.001680975030811549,-5.291283677333336e-05,0.000668442262528832,0.001012532768282717,0.0016801742117592527
0.038590273675920495,0.0005978573436131729,0.0006585930616373299,0.03793168061428316,0.0385993220577597
0.02019383805791808,0.005372639356088893,0.000586328245775494,0.019607509812142584,0.02027515125561912
0.02058598769117137,-0.00015365928181010347,0.0006699670281160974,0.019916020663055273,0.020583662106531807
-0.001551715263997111,-0.00036787164783502746,0.0006732090645369587,-0.00222492432853407,-0.0015572828850575339
0.0023309193373424186,-0.0010637348279797232,0.0006837407337203471,0.0016471786036220716,0.002314820047098607
-0.003875857052288434,0.002923171678338221,0.0006234001644996729,-0.004499257216788107,-0.003831615773311571
-0.0015563130914955092,0.0002826639480466575,0.0006633634140077559,-0.002219676505503265,-0.0015520350620267292
0.016368001532961918,-0.0009726882691745153,0.0006823627728438671,0.01568563876011805,0.016353280203594587
0.007668564028632696,-0.001341115577770502,0.0006879388036541942,0.006980625224978502,0.007648266668455038
0.012937461682693385,-0.0007281456077897763,0.000678661696993879,0.012258799985699505,0.012926441429176042
0.0007515624933343013,0.0024491149692504877,0.0006305748628839726,0.00012098763045032869,0.0007886290739268644
-0.0030030200712124477,0.0004926487188865458,0.0006601853609031563,-0.003663205432115604,-0.0029955639886390683
0.011295151351127464,-0.002183654185644257,0.0007006903590540847,0.010594460992073378,0.011262102435549915
0.005212296962074703,0.0018891035295691694,0.0006390504589349238,0.004573246503139779,0.0052408879466163145
0.0037035216919185654,0.001647199789928111,0.0006427115955388096,0.003060810096379756,0.0037284515398562914
0.007380300589005184,-0.0024144327873969473,0.0007041831202140571,0.006676117468791127,0.007343758912267663
0.0021977232856571494,-0.00036360867105078576,0.0006731445457313814,0.001524578739925768,0.0021922201834023037
0.01900591949337538,-0.014474441722801767,0.0008867075417964457,0.018119211951578933,0.018786853395055467
0.002869242176916753,0.0012755699762128092,0.0006483360952514111,0.002220906081665342,0.002888547525141878
0.0,0.010043754544535322,0.0005156323945134836,-0.0005156323945134836,0.00015200904896305208
-0.006437823440078927,-0.0004988078808476626,0.0006751907430185266,-0.007113014183097454,-0.006445372739620918
0.028077757032509698,0.0014201029158569245,0.0006461486349145703,0.027431608397595127,0.028099249841071663
0.004201809929941236,-0.015436952160958639,0.0009012748329097916,0.0033005350970314444,0.00396817654050798
-0.007670738429445101,-0.0018353673110713675,0.000695419147343824,-0.008366157576788925,-0.007698516133312389
-0.005621957092097785,0.001162651069903653,0.000650045087190819,-0.0062720021792886035,-0.005604360735812068
0.009893872831702621,0.00994077978775465,0.000517190884894349,0.009376681946808272,0.010044323390284809
-0.0034988485071512088,-0.0034535927149730306,0.0007199104771114137,-0.004218758984262622,-0.003551117540786087
0.016853748267150914,-0.0020744620703185834,0.0006990377709177139,0.0161547104962332,0.016822351939709736
0.008977763865981148,0.0016728693563305974,0.0006423230947686211,0.008335440771212527,0.009003082214689062
0.008213601503177959,0.00048707205438569545,0.0006602697619569059,0.007553331741221052,0.008220973184697588
0.0074678479211895965,0.000842821736810162,0.0006548856030097247,0.006812962318179872,0.007480603761656408
0.016846342097670775,0.004615148933961866,0.0005977926237783196,0.016248549473892454,0.01691619091736899
-0.0013253558052558345,0.005720976220730423,0.0005810562774813524,-0.001906412082737187,-0.0012387706392606513
0.027206479402719808,0.001982540682532896,0.000637636317171816,0.02656884308554799,0.027236484529024527
0.012919906285087102,-0.007550806889900619,0.0007819205180146479,0.012137985767072455,0.01280562721054899
-0.019132857750019494,0.0031287267736885838,0.000620289153132841,-0.019753146903152337,-0.0190855054596758
-0.016254794680606977,-0.00017843612323464875,0.0006703420177760452,-0.016925136698383022,-0.016257495254906485
-0.007931177058492778,-0.001488850703918465,0.0006901747280711651,-0.008621351786563944,-0.007953710343087407
0.008661025557541224,0.01083929931877714,0.0005035920759250708,0.008157433481616154,0.008825074925092689
0.033685116150967254,0.0033639480109453057,0.0006167291540893796,0.03306838699687788,0.03373602844035441
-0.006389337914883719,0.0007571207193879381,0.0006561826608077576,-0.007045520575691477,-0.006377879132214942
0.0032152120335924295,-0.0011007176162897148,0.0006843004565266021,0.0025309115770658273,0.003198553020542363
0.0065745623439770196,0.0018471814878802117,0.0006396849357791628,0.0059348774081978565,0.006602518851674392
0.001959549379134451,0.0014559207541648966,0.0006456065432582116,0.0013139428358762393,0.001981584279352775
0.003259422901067399,0.0011101954279371107,0.0006508389867442903,0.002608583914323109,0.0032762253577996447
0.0,0.0006343478158390425,0.0006580407898793263,-0.0006580407898793263,9.600653597209486e-06
0.0,-0.0030459176984141134,0.0007137404446521045,-0.0007137404446521045,-4.609900117556876e-05
0.000649892933010765,0.0006477937229520947,0.0006578372903270783,-7.944357316313328e-06,0.0006596970861602224
0.007792073466265315,-0.002222050282888466,0.0007012714718441379,0.007090801994421176,0.007758443437897712
-0.0012886481810234773,7.216672978804795e-05,0.0006665492228419899,-0.001955197403865467,-0.0012875559603889315
-0.0045160256217453565,0.004085143947080816,0.0006058140816548761,-0.005121839703400233,-0.004454198259923697
-0.009073214093169857,0.001204615596159142,0.0006494099673561003,-0.009722624060525957,-0.009054982617049422
0.0032700177504179084,0.0037051100814438076,0.0006115657740357562,0.0026584519763821523,0.0033260934198586878
-0.013037691604269819,0.003874003457017716,0.0006090096262044536,-0.013646701230474272,-0.012979059786997737
0.003962975534130164,0.0021588381272976687,0.0006349681110946483,0.003328007423035516,0.003995648866512051
0.011184044434837004,0.0012467201713795006,0.0006487727279245848,0.01053527170691242,0.011202913150388955
0.0013012876890337033,0.005646787369921524,0.0005821791022781072,0.0007191085867555961,0.0013867500302321319
0.005848215984576743,-0.0010736344069645076,0.000683890560717805,0.005164325423858938,0.005831966867335474
-0.009690146210813766,-0.0018044339160793177,0.0006949509801924774,-0.010385097191006243,-0.009717455747529708
0.007827717731049066,0.002322412261707374,0.0006324924682962983,0.007195225262752768,0.007862866706229304
-0.0012943610178443032,0.0018035072962026,0.0006403459308594095,-0.0019347069487037128,-0.001267065505227177
-0.0025924547895611605,-0.0016867529508860502,0.000693169915997732,-0.0032856247055588926,-0.0026179832620823566
0.004548619444521451,0.0008781073155288421,0.0006543515669339371,0.003894267877587514,0.00456190932106405
0.0006466360882493305,0.0017507533144689447,0.000641144345690914,5.4917425584164944e-06,0.0006731331860349522
0.001293001481160072,0.0006725789853143649,0.0006574621732189011,0.000635539307941171,0.0013031807514177066
-0.010329400273415001,0.0007423349056041584,0.0006564064394237574,-0.01098580671283876,-0.010318165269362222
0.01043721039734713,0.00032799789456050554,0.0006626772990629157,0.009774533098284214,0.01044217454176075
-0.0058102719784889345,0.0051168427389869375,0.0005901996466864999,-0.0064004716251754344,-0.0057328301816988985
0.0038961944023030437,-0.003972484039719171,0.0007277637332259565,0.003168430669077087,0.003836072112553623
-0.0032343112534091167,0.001617908278173541,0.0006431549133065586,-0.0038774661667156755,-0.0032098247232391396
0.007138157148367519,-0.004663049754275228,0.0007382152269428425,0.006399941921424676,0.007067583364901212
-0.0038657568029509815,0.001270946219078306,0.0006484060743535024,-0.004514162877304484,-0.0038465214338279483
-0.005821735126977368,0.008073022498049642,0.0005454588008457938,-0.006367193927823161,-0.005699552484346625
0.0006504858675719927,-0.003192470570786421,0.0007159584760320369,-6.547260846004419e-05,0.0006021688350164915
0.005201956529262253,0.0009444586571358826,0.0006533473603605501,0.004548609168901703,0.005216250612378239
0.0,0.0015921101716727115,0.0006435453594904881,-0.0006435453594904881,2.409608398604761e-05
0.016817375657622202,0.00018996581088659426,0.0006647663710003692,0.016152609286621832,0.01682025073009837
0.006361512908686251,0.0030970753849743904,0.000620768186892126,0.005740744721794125,0.00640838616527066
-0.0018964390780150664,0.0012712512404724485,0.000648401457951157,-0.0025448405359662233,-0.0018771990924896875
-0.005699696608316707,-0.00018910292286977715,0.000670503456415433,-0.006370200064732139,-0.005702558621255604
0.005732369374598756,0.001443655000098465,0.0006457921815672907,0.005086577193031465,0.005754218636508001
0.0006333679675365467,-0.003761887644002093,0.0007245764233722508,-9.12084558357041e-05,0.0005764329876408316
0.028481059150547994,-0.0008976438525517549,0.0006812269993290693,0.027799832151218923,0.02846747359469546
0.0067691684626176585,0.0009836343625724275,0.000652754448447036,0.006116414014170623,0.006784055457647158
-0.009779980420804302,-0.0023096092988857952,0.0007025966498630628,-0.010482577070667364,-0.009814935627190829
0.0018518949293486742,-0.005525675723266343,0.0007512707982011541,0.00110062413114752,0.0017682655746240558
-0.0024646090577090662,0.008196058063241196,0.0005435966964733234,-0.0030082057541823896,-0.0023405643107058537
-0.002470878334018045,-0.0026259630899742037,0.0007073845644527686,-0.0031782628984708136,-0.002510621454994278
-0.005572705817374679,0.0012756828808564435,0.0006483343864753328,-0.006221040203850012,-0.005553398760373476
0.0012455607696495452,0.006541139295859866,0.000568643368693884,0.0006769174009556612,0.001344558844432197
0.006218667175642567,-0.0007502611166068096,0.0006789964082263871,0.00553967076741618,0.006207312210892716
-0.0012359628327547334,0.0020560951489239088,0.0006365230935826188,-0.0018724859263373522,-0.0012048444828608165
0.01237630560999925,-0.0003842577408796899,0.0006734570628735264,0.011702848547125723,0.012370489990602258
0.0,0.00984851271879017,0.000518587317806136,-0.000518587317806136,0.0001490541256703997
0.006723892377352492,-0.000369225702197995,0.0006732295577215587,0.006050662819630933,0.006718304263107469
-0.008500342322972476,0.008190950433802913,0.0005436739988297207,-0.009044016321802196,-0.008376374878325661
0.0,-0.002024530803113933,0.000698282076977998,-0.000698282076977998,-3.064063350146228e-05
-0.0012249662830945418,-0.0010521566439205543,0.0006835655015659023,-0.001908531784660444,-0.0012408903411839083
-0.009196788076504592,-0.0037393815604747083,0.0007242358009150101,-0.009921023877419602,-0.009253382433943066
0.0006186860620198686,-0.00011410565998426492,0.0006693683965575374,-5.068233453766875e-05,0.000616959108938867
-0.009275994440674062,0.0029323579853828274,0.0006232611326474764,-0.009899255573321539,-0.009231614129845004
-0.01248458032318589,0.005506306319651655,0.0005843052385505704,-0.01306888556173646,-0.012401244118259925
0.006953159735178849,0.003201957471006933,0.0006191808296861753,0.0063339789054926736,0.0070016203489692095
0.01381017234943882,0.001548922064604108,0.0006441989978338888,0.013165973351604932,0.013833614795081467
0.0018576287446352424,-0.0004729570906678582,0.0006747994994837755,0.0011828292451514669,0.0018504706886280026
0.013933124866401636,-0.004070859227173984,0.0007292526105795658,0.01320387225582207,0.013871513699298605
-0.01936287496618061,0.008974343513216354,0.0005318175922998872,-0.019894692558480497,-0.01922705111500396
0.008917100857950278,0.005362807225250732,0.0005864770519665814,0.008330623805983695,0.008998265249460232
-0.004419144472012415,-0.0032302694598687065,0.0007165305502654105,-0.0051356750222778256,-0.00446803357880129
0.0006340913981144336,-0.0008278931807477186,0.0006801713449680978,-4.6079946853664244e-05,0.0006215614966228715
0.009505704107209523,0.0019856558213586784,0.000637589170530767,0.008868114936678755,0.009535756380155292
-0.0006276036358171533,-0.0004581666477052604,0.0006745756508066182,-0.0013021792866237715,-0.0006345378431472357
-0.002512884135125959,-0.0010584151831672939,0.0006836602225783063,-0.0031965443577042655,-0.0025289029142277295
-0.0012592790355945294,0.0007909409391904099,0.0006556708024757864,-0.0019149498380703158,-0.0012473083945937799
0.00567485688253222,0.0018339987251561052,0.0006398844527242963,0.005034972429807924,0.005702613873284459
0.005015602074888825,-0.005183153157965359,0.0007460868274889151,0.00426951524739991,0.004937156690876446
0.0068618730092882,0.008303361477520088,0.0005419726932300444,0.006319900316058155,0.006987541759534691
-0.004337122193106113,0.006398818768781567,0.0005707973448661574,-0.004907919537972271,-0.004240278094495735
-0.006222541193812492,0.004028636080503967,0.0006066693103464166,-0.006829210504158909,-0.006161569060682373
-0.007514041792895831,0.007033767443369587,0.0005611875974617876,-0.00807522939035762,-0.007407587946881083
0.0037854650389561595,0.0016623439316436617,0.0006424823937428741,0.0031429826452132855,0.003810624088689821
0.0025142850879016354,0.0013029315960912946,0.00064792198578693,0.0018663631021147054,0.0025340045455912413
0.01253870806143853,-0.0011122268282528491,0.000684474644810184,0.011854233416628347,0.012521874860104882
-0.0018571632307033958,0.007033646478779465,0.0005611894282226074,-0.002418352658926003,-0.0017507112154494676
0.004342266819683749,0.006749602987881076,0.0005654883366362046,0.0037767784830475444,0.0044444199265240795
0.004323610147732859,-0.003524487622672101,0.0007209834491208226,0.0036026266986120365,0.0042702681420885725
-0.0036900140997221387,0.009415051560751175,0.0005251476153625693,-0.004215161715084708,-0.0035475202716081723
-0.0018520158912722628,-0.0016163897301626484,0.0006921049909025681,-0.002544120882174831,-0.0018764794386982953
-0.0006182886838399515,0.004385235112838837,0.0006012722967569258,-0.0012195609805968773,-0.0005519195371203416
0.0030939425356040218,0.008066726499347698,0.0005455540887952067,0.002548388446808815,0.0032160298902853507
0.007403143713607729,0.0021743654797181655,0.0006347331095258736,0.006768410604081856,0.0074360520475583915
-0.0018371559627702316,-0.0005599757022828333,0.0006761164986532618,-0.0025132724614234936,-0.0018456310179469579
-0.004294548306603363,0.0006026209018938911,0.000658520966689099,-0.004953069273292462,-0.0042854278298159265
-0.0067774327118526045,0.011841196508761032,0.0004884286787778288,-0.007265861390630434,-0.006598219947153898
0.008064445001853882,-0.006731974332887192,0.0007695277461981246,0.007294917255655757,0.007962558699132294
-0.004307995613728077,-0.010898815620283941,0.0008325915714308691,-0.005140587185158947,-0.004472945741682411
0.003090470120983957,0.0004889853730833948,0.000660240804483452,0.002430229316500505,0.0030978707599770405
-0.002464595313356077,-0.0006480882520516484,0.0006774500542307779,-0.003142045367586855,-0.0024744039241103195
0.002470684550921032,-0.02120854792396809,0.0009886261096702929,0.001482058441250739,0.0021496998847272747
-0.0018484756849994621,-0.04097922480422822,0.0012878490523057541,-0.0031363247373052162,-0.0024686832938286803
0.0,0.017440920592313836,0.00040367862553608645,-0.00040367862553608645,0.0002639628179404493
-0.002469159494644324,-0.005001588416939429,0.0007433389025484763,-0.0032124983971928006,-0.0025448569537162647
0.0024752713343614285,-0.03753641975808808,0.0012357432866273504,0.0012395280477340781,0.001907169491210614
0.0006171436033721722,0.014936090208494734,0.0004415884413096373,0.00017555516206253492,0.0008431966055390707
-0.004318276356823025,0.013914584754042503,0.00045704860333901893,-0.0047753249601620446,-0.004107683516685509
-0.05638141399791008,0.0026129297463290957,0.0006280955780349255,-0.05700950957594501,-0.05634186813246847
-0.03939611382937547,0.013402458257245842,0.0004647994759217421,-0.03986091330529721,-0.03919327186182067
-0.004101136665704996,0.012069112762299383,0.0004849792383529394,-0.004586115904057936,-0.0039184744605814
0.0041180252500483405,0.0003734693722488025,0.0006619891026272408,0.0034560361474210996,0.004123677590897636
0.006835335754244776,-0.005841389459353419,0.000756049025760815,0.00607928672848396,0.006746928171960496
-0.002036711512670708,-0.0054965031281792864,0.0007508292801995637,-0.002787540792870272,-0.002119899349393736
0.007482968370927878,0.0009735510790762625,0.000652907055754182,0.006830061315173696,0.007497702758650232
-0.004726485650688561,0.01602837635051313,0.0004250570359564394,-0.005151542686645001,-0.004483901243168465
-0.009497862813678148,0.011757015343810906,0.0004897027340893092,-0.009987565547767457,-0.009319924104290922
-0.007534415367228875,-0.012706888443829278,0.0008599561818606018,-0.008394371549089476,-0.007726730105612941
0.013802821084142547,-0.011095788639207016,0.0008355726957848258,0.012967248388357722,0.013634889831834257
0.010891866058592159,-0.013324399541987275,0.00086930201705987,0.01002256404153229,0.010690205485008824
0.008080436852546669,0.005071602744632031,0.0005908843396951243,0.007489552512851544,0.00815719395632808
-0.0026719733416825653,0.011032026532745043,0.0005006752104864884,-0.0031726485521690537,-0.002505007108692518
-0.0006698305914570879,0.002638858606169414,0.00062770315294055,-0.001297533744397638,-0.0006298923009211022
-0.0073725669966692164,-0.00048387472056610203,0.0006749647343598773,-0.008047531731029093,-0.007379890287552558
0.010128101252212751,0.004463078207817217,0.0006000941661302229,0.009528007086082528,0.010195648529559065
-0.009358063883982415,0.01737883151892694,0.0004046183240277899,-0.009762682208010205,-0.00909504076453367
0.006072836819300154,-0.001273985129042532,0.0006869228055409037,0.00538591401375925,0.006053555457235786
0.0073779560455375925,-0.006363576551088879,0.000763952162266543,0.006614003883271049,0.007281645326747585
0.00798910612579129,-0.005724521948562322,0.0007542802729412133,0.0072348258528500764,0.007902467296326612
0.0006606021734387735,-0.000781930531963182,0.0006794757148132011,-1.887354137442758e-05,0.0006487679021021081
-0.003300329826524395,0.001703447167811456,0.0006418603092612726,-0.003942190135785667,-0.0032745486923091323
0.0027188948914718125,-0.014204195388793028,0.0008826174489893917,0.0018362774424824208,0.0025039188859589563
-0.0033896692336873313,0.0014818054520648882,0.000645214786540838,-0.004034884020228169,-0.0033672425767516333
0.00748297516524854,-0.0018439898833508828,0.0006955496472486168,0.006787425517999923,0.007455066961476459
0.0006752745099054547,-0.025162888405856454,0.0010484738024093589,-0.0003731992925039042,0.00029444215097263154
0.0067475028712977725,-0.02096688071186603,0.0009849685528359143,0.005762534318461858,0.006430175761938394
-0.005361749114229597,0.02715725576151251,0.0002566249652811425,-0.00561837407951074,-0.004950732636034204
0.004043082660756481,-0.017276308813847896,0.000929112914203971,0.0031139697465525098,0.0037816111900290453
0.003355668306286086,-0.00291665716625622,0.0007117841273730776,0.0026438841789130085,0.003311525622389544
0.003344445456665124,0.013769718690019195,0.0004592411054079972,0.0028852043512571264,0.0035528457947336623
0.010666859544449458,-0.022337423560165104,0.0010057112854474364,0.009661148259002023,0.010328789702478558
0.003957740250912778,0.012614865848792123,0.00047671943796867485,0.003481020812944103,0.004148662256420639
0.009855224394907935,0.01156648273982852,0.0004925863847997473,0.009362638010108188,0.010030279453584723
-0.00520482896436647,0.0068628636575538415,0.000563774172216362,-0.0057686031365828325,-0.0051009616931062965
-0.007194166836913873,-0.021920248779842444,0.0009993974770676087,-0.008193564313981482,-0.007525922870504947
-0.005269974019044499,0.0033365488963206236,0.0006171438310249877,-0.005887117850069486,-0.005219476406592951
-0.0006623666644652859,0.0167269537832615,0.00041448428741820405,-0.0010768509518834899,-0.00040920950840695424
-0.011928544260391583,-0.005525364482924067,0.0007512660876769951,-0.012679810348068577,-0.012012168904592042
-0.005365592532535879,0.008250750063987677,0.0005427689503369064,-0.005908361482872785,-0.005240720039396249
-0.01753190417918815,-0.0028866254882486952,0.0007113296074231479,-0.018243233786611298,-0.017575592343134765
-0.014413275062722275,0.008109038386684864,0.0005449137117603603,-0.014958188774482635,-0.0142905473310061
-0.0013926784043283291,0.010661504701720004,0.0005062829412314427,-0.0018989613455597718,-0.001231319902083236
0.00906564600961679,0.0008313658006817715,0.0006550589849803948,0.008410587024636396,0.009078228468112931
0.002764309850036284,-0.005726124690152989,0.0007543045299283639,0.00201000532010792,0.0026776467635844558
-0.0075810234127065,-0.00853653230061302,0.0007968391603965081,-0.008377862573103008,-0.0077102211296264725
0.0013888738381246934,5.623169212687351e-05,0.0006667903945979627,0.0007220834435267307,0.0013897248870032664
0.009708696833437447,-0.01338056164164636,0.0008701520126784497,0.008838544820758997,0.009506186264235533
-0.00549457309281387,0.001837059563023713,0.0006398381279110781,-0.006134411220724948,-0.005466769777248413
-0.021408737962638424,0.010434204774367295,0.000509723053754409,-0.02191846101639283,-0.0212508195729163
0.013408529860925222,0.0011136248915897262,0.000650787082896384,0.012757742778028838,0.013425384221505373
0.0,-0.008187490964434607,0.000791556530148426,-0.000791556530148426,-0.0001239150866718903
0.006267277870237953,0.0025490454770622506,0.0006290624462485893,0.005638215423989364,0.006305856867465899
-0.0013840044637801752,-0.007205863568357729,0.000776699909922187,-0.0021607043737023623,-0.0014930629302258266
0.013860121704466488,-0.0022536742393085563,0.0007017500904243265,0.013158371614042161,0.013826013057518698
0.0,0.012811178963797909,0.00047374830105182937,-0.00047374830105182937,0.00019389314242470638
0.008885881318398958,0.0034579455015175675,0.0006153065317937584,0.0082705747866052,0.008938216230081735
-0.0020324983283031006,-0.0002656413228280252,0.0006716618408955811,-0.0027041601691986817,-0.002036518725722146
-0.005431159480022374,0.009682220255068819,0.0005211041016590189,-0.0059522635816813925,-0.005284622138204857
0.00477829458126533,0.009370643723504823,0.0005258197139365032,0.004252474867328827,0.004920116310805363
-0.0027171734621408428,0.0017075955546570487,0.0006417975247381808,-0.0033589709868790236,-0.002691329543402488
0.014304892054447294,0.0008834895573073265,0.0006542701084066096,0.013650621946040683,0.01431826338951722
-0.009402491435438809,-0.006842140279927467,0.0007711950729695476,-0.010173686508408357,-0.009506045064931821
0.017627306656517128,0.004060561678767671,0.0006061861265123112,0.017021120530004815,0.017688761973481352
0.0013324921262947154,-0.0008558723207806596,0.0006805948004048424,0.0006518973258898729,0.0013195387693664088
0.003992033993569288,-0.00263219493841671,0.0007074788815082907,0.0032845551120609974,0.003952196555537533
-0.000662499736884703,0.007386752997235124,0.0005558452727262642,-0.0012183450096109672,-0.0005507035661344315
0.0013261840183038665,-0.0031357617896576873,0.0007151002065622873,0.0006110838117415791,0.0012787252552181147
0.0033112218316835307,0.0032484098921563564,0.0006184777869814134,0.0026927440447021174,0.003360385488178653
-0.0019802372432825566,-0.002023213496498033,0.0006982621399589293,-0.002678499383241486,-0.0020108579397649503
0.01521147393008393,-0.0023572204364039617,0.0007033172293736526,0.014508156700710277,0.015175798144186813
0.0032574142235406445,-0.011564187290653005,0.000842661761255927,0.0024147524622847175,0.003082393905761253
0.0006492836444975669,0.012695791223314323,0.00047549465801576457,0.00017378898648180236,0.000841430429958338
-0.0038935935253974208,-0.006879559974886984,0.0007717614082197832,-0.004665354933617204,-0.0039977134901406685
0.0006515189366074203,0.010849230370481022,0.0005034417725979618,0.0001480771640094585,0.0008157186074859942
0.005859251484515271,0.004479598435997323,0.0005998441377007968,0.0052594073468144745,0.00592704879029101
-0.0025889093035488253,0.0007025929724704394,0.0006570079210144139,-0.003245917224563239,-0.0025782757810867032
-0.0019470064790364505,0.008567392465728796,0.0005379766677162372,-0.0024849831467526878,-0.001817341703276152
0.00585193383857896,-0.0007141884679080501,0.0006784504600953409,0.005173483378483619,0.005841124821960155
0.01357475353926385,0.0031259043893263616,0.0006203318690276597,0.01295442167023619,0.013622063113712727
-0.0012753786092543073,0.001068707668436586,0.0006514668908649374,-0.0019268455001192448,-0.001259204056642709
0.013409932543496872,0.0017433852107295866,0.0006412558596110436,0.012768676683885828,0.013436318127362365
0.006931473862419324,-0.004026127868587581,0.0007285756156124551,0.0062028982468068684,0.006870539690283404
-0.004380658123765091,0.002471549778432225,0.0006302353191414147,-0.0050108934429065055,-0.0043432519994299704
0.004399932724799882,-0.001017102715529128,0.0006830349714445644,0.0037168977533553176,0.0043845391968318536
0.00500585559255895,-0.0021261277624751163,0.000699819714830611,0.0043060358777283385,0.0049736773212048745
-0.015354996324418502,-0.004023402292699374,0.0007285343648832775,-0.01608353068930178,-0.015415889245825244
0.003248843548330438,0.0017121542893689945,0.0006417285297298934,0.0026071150186005444,0.0032747564620770804
-0.008419755538061513,-0.006345510515579966,0.0007636787385320158,-0.009183434276593528,-0.008515792833116993
0.0,0.0018619345065358228,0.0006394616535070573,-0.0006394616535070573,2.8179789969478455e-05
-0.00391886679092901,-0.013724668973416176,0.0008753599683300544,-0.004794226759259064,-0.004126585315782528
-0.001967201290819731,0.0022045770199778936,0.0006342758674176334,-0.0026014771582373647,-0.001933835714760829
-0.00131405253305239,-0.008604355128821406,0.0007978656374542883,-0.002111918170506678,-0.0014442767270301427
-0.005263007915854323,0.00617868985946779,0.000574128926298747,-0.00583713684215307,-0.005169495398676534
-0.0013229808791820341,0.0007584033300001014,0.0006561632489017338,-0.001979144128083768,-0.0013115026846072322
0.008609458335168352,0.003067957412152822,0.000621208878203001,0.00798824945696535,0.008655890900441887
0.003939332718434496,-0.00494735062681062,0.0007425180307461259,0.0031968146876883703,0.003864456131164906
-0.0026159560270192506,0.008620803683929923,0.000537168305818631,-0.0031531243328378816,-0.0024854828893613456
-0.009180390543432893,0.008481281595267509,0.0005392799285104113,-0.009719670471943304,-0.009052029028466769
0.0013237378102290975,0.008822985887663393,0.0005341083420998342,0.0007896294681292634,0.0014572709116057992
-0.0019829223735722268,0.003473267180873929,0.0006150746430217708,-0.0025979970165939973,-0.0019303555731174618
-0.009271527514107314,-0.007094202866256172,0.0007750099605055877,-0.010046537474612902,-0.009378896031136365
-0.004678816215226811,0.008749042674663476,0.0005352274492460263,-0.005214043664472838,-0.004546402220996302
-0.0033581183384415736,0.0010792374947172778,0.0006513075252739548,-0.004009425863715528,-0.0033417844202389925
-0.003369493848663363,-0.001028135726814483,0.0006832019525814739,-0.004052695801244837,-0.0033850543577683013
-0.0033805211670216995,0.00397369863071062,0.0006075007712765413,-0.003988021938298241,-0.003320380494821705
0.002035326835935214,0.0021605126279586884,0.0006349427680566598,0.001400384067878554,0.00206802551135509
0.015572071717985692,-0.003952993120479142,0.0007274687443267401,0.014844602973658952,0.015512244417135487
0.0026665906227143488,-0.0009484477101494582,0.0006819958996484507,0.001984594723065898,0.002652236166542434
0.003989337865990983,0.0018380494891383492,0.0006398231456923707,0.003349514720298612,0.004017156163775148
-0.00662241763264293,0.004780911145920941,0.0005952838651181808,-0.00721770149776111,-0.006550060054284575
-0.005333480788308198,0.009101605057599604,0.0005298915290687031,-0.005863372317376901,-0.005195730873900365
-0.0020103506133862803,-0.0030322960242857855,0.000713534284921662,-0.002723884898307942,-0.0020562434548314066
0.006715512463233875,-0.00656220869212365,0.0007669583969090074,0.0059485540663248675,0.006616195509801403
0.0006672873340098917,-0.005754170294581917,0.0007547289912827242,-8.744165727283247e-05,0.0005801997862037033
-0.002000047807043548,0.004884728797982518,0.000593712617783782,-0.00259376042482733,-0.0019261189813507941
-0.0020040560148812947,-0.0010403515262938923,0.0006833868348436752,-0.00268744284972497,-0.002019801406248434
0.004016160640651245,0.004926444803381669,0.0005930812592336357,0.003423079381417609,0.004090720824894145
-0.0033333131641127833,0.004644183009877123,0.0005973532022205914,-0.003930666366333374,-0.003263024922856839
-0.00802688744919966,0.003538227451535869,0.0006140914898672489,-0.008640978939066908,-0.007973337495590373
-0.007417353120859449,0.0028241822564987196,0.0006248983380964591,-0.008042251458955908,-0.007374610015479372
-0.0013588096197714172,-0.0002623799656497061,0.0006716124812860041,-0.0020304221010574216,-0.0013627806575808856
0.0074829492826129496,-0.0014416744645237012,0.0006894607306061481,0.006793488552006802,0.007461129995483338
0.002025949925318571,-0.007113887913551609,0.0007753078874715349,0.001250642037847036,0.0019182834813235717
-0.005390984272607091,-0.004005992185342366,0.0007282708684139096,-0.006119255141021001,-0.005451613697544465
0.002032447315456265,0.006389254777276809,0.0005709420928532256,0.0014615052226030394,0.002129146666079575
0.001352196314965859,-0.007602164835758152,0.0007826978042846262,0.0005694985106812327,0.0012371399541577686
0.010803690919249265,0.007919408484583057,0.0005477837003632913,0.010255907218885973,0.010923548662362509
-0.0006680586907178432,0.0033231157222237684,0.0006173471378670619,-0.001285405828584905,-0.0006177643851083694
0.008689968101683432,0.0024280177746833775,0.0006308941622523228,0.00805907393943111,0.008726715382907644
0.00331355159349056,0.0020685364303643095,0.0006363347987222405,0.00267721679476832,0.0033448582382448553
0.01585171228502369,-0.0003981517707819515,0.0006736673446224821,0.015178044940401206,0.015845686383877743
-0.009102560776639623,-0.0016912621251551352,0.0006932381609243889,-0.009795798937564012,-0.009128157494087477
0.014435844575920953,0.006198839704363079,0.0005738239647681058,0.013862020611152848,0.014529662054629383
-0.0019408283913607827,0.007670409427647185,0.00055155222235073,-0.002492380613711513,-0.0018247391702349769
0.004536707037213095,0.00026927832649970007,0.0006635660011570245,0.00387314103605607,0.004540782479532606
-0.007096732226369529,0.005701434129840033,0.0005813520408473154,-0.007678084267216844,-0.007010442823740308
0.010396532916378876,-0.004430329054144866,0.0007346930727380607,0.009661839843640815,0.01032948128711735
-0.012218805828383528,0.00013447750859452157,0.0006656061689088695,-0.012884411997292396,-0.012216770553815861
-0.01822894087596405,-0.0016543221469484948,0.0006926790860355106,-0.01892161996199956,-0.018253978518523024
-0.0563661751462714,-0.002803126684318036,0.0007100658794299187,-0.05707624102570132,-0.056408599582224786
0.0035136821418557673,-0.0036523050860121087,0.0007229179260096226,0.0027907642158461446,0.0034584056593226806
-0.02871149992951927,-0.002213344827027508,0.0007011397175225497,-0.029412639647041817,-0.028744998203565283
-0.04974761622064261,0.0018978268127400888,0.0006389184348026366,-0.05038653465544524,-0.049718893211968714
0.04628210134280897,0.003739841510076891,0.000611040124846279,0.04567106121796269,0.046338702661439225
-0.003625729142087142,0.00035667194221011833,0.0006622433264191388,-0.004287972468506281,-0.003620331025029745
0.018194941466179948,0.005282254329749936,0.0005876961945672892,0.01760724527161266,0.018274886715089193
-0.01143673717722915,0.00027548183892078804,0.0006634721129582261,-0.012100209290187377,-0.011432567846710841
-0.018076538089546457,-0.005569722252617426,0.0007519374284943469,-0.018828475518040802,-0.01816083407456427
-0.10751105998147814,0.005369014643958003,0.0005863831046473768,-0.10809744308612551,-0.10742980164264898
-0.004125461909599282,0.0012532727238796504,0.0006486735571145643,-0.004774135466713846,-0.00410649402323731
-0.03479718240063567,0.007840591898404803,0.0005489765644714638,-0.035346158965107136,-0.0346785175216306
-0.18117222087449314,-0.00036853301202766087,0.0006732190740748754,-0.18184543994856803,-0.18117779850509147
0.1030369622822147,-0.0035156877607932513,0.0007208502659940069,0.10231611201622069,0.10298375345969724
-0.18485730824565172,-0.0013050961134796202,0.0006873936604523431,-0.18554470190610406,-0.18487706046262753
-0.1326898516347833,-0.003289278113945082,0.0007174236275849494,-0.13340727526236826,-0.13273963381889173
-0.34353274468328376,0.0027632870875580196,0.0006258199672219097,-0.34415856465050565,-0.3434909232070291
0.43644016607992286,-6.870120538793323e-06,0.0006677454205783987,0.43577242065934446,0.436440062102821
-0.025073629450729884,0.003641105118425747,0.0006125344689111785,-0.025686163919641063,-0.025018522476164526
-0.2556730435806377,-0.0003966902079042267,0.0006736452243305079,-0.2563466888049682,-0.25567904736149166
0.25609723051317546,0.0007115197468861023,0.0006568728171064862,0.255440357696069,0.2561079991395455
0.06796118892693892,-0.008169482334351885,0.0007912839752268712,0.06716990495171205,0.06783754639518859
0.1424244866778548,-0.005527978766503461,0.0007513056540322721,0.1416731810238225,0.14234082246729907
-0.010610311181270538,-0.00039511662920677093,0.000673621408714524,-0.01128393258998506,-0.010616291146508526
-0.0764074169630512,-0.0014179036575431292,0.0006891009669593785,-0.07709651793001057,-0.07642887648653404
-0.039187363805173625,-0.0328642290012785,0.0011650311569782834,-0.040352394962151907,-0.03968475351867537
-0.11480347376400801,-0.02057300761734404,0.0009790074081021457,-0.11578248117211015,-0.11511483972863362
-0.047781506480856106,0.014206197825152422,0.0004526351317225972,-0.048234141612578704,-0.04756650016910217
-0.03942652943436187,-0.005904978964482943,0.0007570114328124718,-0.040183540867174336,-0.039515899423697806
0.07089537183400085,0.02149560016316343,0.00034231233241514294,0.0705530595015857,0.07122070094506225
0.052265051151148434,-0.00025266233815879335,0.0006714654080668687,0.051593585743081566,0.0522612271865581
0.16887389672948716,-0.014391922356395415,0.0008854586372804261,0.16798843809220673,0.16865607953568326
0.021246526969795232,-0.00036116989772350117,0.0006731076356682698,0.02057341933412696,0.021241060777603498
0.1248265995232154,-0.004299527548581317,0.0007327134333138309,0.12409388608990157,0.1247615275333781
0.05672000673417554,-0.005511829997012829,0.0007510612475126473,0.0559689454866629,0.05663658693013943
0.018669886266089675,-0.030864433977743855,0.0011347648916787256,0.017535121374410947,0.018202762817887484
0.009163904747284457,0.018625040052811848,0.00038575735194752795,0.00877814739533693,0.009445788838813465
0.0227016761256984,-0.017327264039978307,0.0009298841054382286,0.02177179202026017,0.022439433463736707
-0.04217564787137895,-0.0065595995737004476,0.000766918908726736,-0.04294256678010569,-0.04227492533662915
-0.010428487981459234,0.015666780052058682,0.0004305296815883985,-0.010859017663047633,-0.010191376219571096
-0.0374707259953162,0.010851331974038647,0.000503409965492693,-0.0379741359608089,-0.03730649451733236
-0.032846873822193534,0.010557843693063784,0.0005078518178174358,-0.03335472564001097,-0.03268708419653443
0.07672940844604481,-0.0063166863793988615,0.0007632424943457761,0.07596616595169904,0.07663380739517557
0.05490660950227766,0.005600317169601965,0.0005828824140649869,0.054323727088212675,0.054991368531689205
-0.025470707594572373,0.006259295774170726,0.0005729089812691807,-0.026043616575841554,-0.025375975132365017
0.07840916347484272,0.021208856064105275,0.00034665211367924335,0.07806251136116348,0.07873015280464002
-0.04320361066120315,-0.0025089163835961825,0.0007056130995646247,-0.04390922376076778,-0.04324158231729124
-0.058369928487477796,-0.00919901370610332,0.0008068656069765948,-0.059176794094454394,-0.05850915265097786
0.004678465820787681,-0.01970148934024063,0.0009658172545725089,0.003712648566215172,0.004380290009691708
-0.06519220140880355,-0.0014819196931705747,0.0006900698294152424,-0.0658822712382188,-0.06521462979474225
0.038605623570022285,-0.007567410690302756,0.0007821718112832268,0.03782345175873906,0.038491093202215595
0.005994943481528736,0.010593753366266334,0.000507308336268988,0.005487635145259748,0.006155276588736284
0.014302952103475208,0.0022233054237545957,0.0006339924189488293,0.01366895968452638,0.014336601128002915
-0.008225974557225402,-0.01664310858849427,0.0009195296290258636,-0.009145504186251265,-0.00847786274277473
-0.014217706606403535,-0.01815124083246611,0.0009423547336319299,-0.015160061340035466,-0.014492419896558929
-0.027644181458824857,0.0030432907461763747,0.0006215822003923818,-0.02826576365921724,-0.027598122215740702
0.014833020753517667,-0.006554842390161242,0.0007668469102582021,0.014066173843259465,0.014733815286736
-0.0024360539797485536,0.0155323683669224,0.00043256395993883904,-0.0028686179396873925,-0.002200976496210857
0.052503007830168036,0.003261692144003847,0.0006182767642998582,0.051884731065868175,0.05255237250934471
0.012760973073568938,0.022973979644221654,0.00031993752646725945,0.012441035547101678,0.013108676990578215
0.024054740076465908,-0.0021831080910337253,0.0007006820940848421,0.023354057982381066,0.024021699425857603
0.03467577778589548,0.008170747552017188,0.0005439797630569271,0.03413179802283855,0.034799439466315085
0.006486676411908254,0.010941426132194287,0.000502046418898873,0.005984629993009381,0.006652271436485917
0.04081633224234915,-0.03236490314939877,0.0011574740181085168,0.03965885822424063,0.04032649966771717
0.020639837656342808,-0.0015222281477752508,0.0006906798851292145,0.01994915777121359,0.02061679921469013
-0.02123361596929796,-0.023320118765389863,0.0010205840666274624,-0.02225420003592542,-0.021586558592448884
-0.01446281251272985,0.0017621539947350051,0.0006409718000002471,-0.015103784312730097,-0.014436142869253562
0.02201244606071251,-0.00035634616892232795,0.0006730346300582391,0.021339411430654272,0.022007052874130805
0.0010257749678659334,0.005419503676349802,0.0005856189691079318,0.00044015599875800156,0.0011077974422345374
0.02663926001323813,-0.00019993032368359476,0.0006706673257028745,0.025968592687535257,0.026636234131011793
0.023952275399418355,-0.019086709555430348,0.0009565127569370538,0.0229957626424813,0.023663404085957837
0.007797017654503469,-0.020773480559224233,0.0009820415026833014,0.006814976151820167,0.007482617595296703
0.06576404530718505,8.640058610476231e-05,0.0006663337979277125,0.06509771150925733,0.06576535295273388
-0.022685914337257307,-0.01539571453679811,0.0009006507145084166,-0.023586565051765724,-0.022918923608289187
-0.040854313579870793,-0.01577210632742365,0.000906347285235707,-0.0417606608651065,-0.04109301942162996
-0.11565297917961848,-0.020588228309714296,0.000979237768468033,-0.11663221694808651,-0.11596457550460998
0.03720408863721292,-0.027112254452099527,0.0010779768410844228,0.03612611179612849,0.03679375323960503
0.0032606304380506934,0.04959374278953943,-8.294417094967688e-05,0.0033435746090003703,0.004011216052476906
0.01950193566613434,0.008562680784222065,0.0005380479775258984,0.018963887688608443,0.019631529132084977
-0.043570787406204015,-0.0012415825080966947,0.0006864324021193498,-0.04425721980832337,-0.04358957836484683
-0.004444493586162501,0.00849248413140935,0.0005391103816684067,-0.004983603967830908,-0.004315962524354372
-0.023437383819702284,0.0012684969251244294,0.0006484431436429707,-0.024085826963345255,-0.02341818551986872
-0.013714243637691248,-0.02475673039503723,0.0010423267293522074,-0.014756570367043455,-0.01408892892356692
0.0011587612336223518,0.03433571464262353,0.00014798126011097154,0.0010107799735113803,0.001678421416987916
0.006944422754070256,0.007010434848680358,0.0005615407289041007,0.006382882025166156,0.007050523468642691
0.01264362278624409,0.009695285023358924,0.0005209063705223314,0.01212271641572176,0.012790357859198295
-0.012485757577236911,0.004098045450532162,0.000605618821479895,-0.013091376398716806,-0.012423734955240271
0.03678162434823107,0.004518418782931244,0.0005992566040258474,0.03618236774420522,0.036850009187681755
0.005543297887329324,-0.00014629784190933748,0.0006698556150510576,0.004873442272278266,0.005541083715754801
-0.019845767896481403,-0.005257525167898014,0.0007472124243410888,-0.02059298032082249,-0.019925338877345957
-0.010123751072650289,0.010721688622945758,0.0005053720766152448,-0.010629123149265533,-0.009961481705788998
-0.004545600471493549,0.0022219854881162515,0.0006340123957573213,-0.005179612867250871,-0.004511971423774335
-0.017123093813213086,0.0075914003822110665,0.0005527479992689102,-0.017675841812481996,-0.01700820036900546
-0.010452978395094958,0.01318305304897005,0.00046812010436797285,-0.010921098499462932,-0.010253457055986395
-0.0035212644283995065,-0.014157306164566674,0.0008819077954081878,-0.004403172223807694,-0.0037355307803311586
0.022379618031791892,0.0022029127742235755,0.0006343010552508518,0.02174531697654104,0.022412958420017576
0.009216203472911078,0.0013757255543636049,0.0006468202722476191,0.008569383200663458,0.009237024644139995
0.006849487826320333,0.008488694060713842,0.0005391677431898748,0.006310320083130459,0.006977961526606994
0.013605304933977491,-0.007846827493937836,0.00078640069624816,0.012818904237729332,0.013486545681205867
-0.011185429510267686,-0.0014562465775435074,0.0006896812749286622,-0.011875110785196348,-0.011207469341719812
0.0067870225382495875,0.01554926091974429,0.00043230829649369733,0.0063547142417558905,0.007022355685232426
-0.005617661322279588,0.008597395948725328,0.0005375225744888829,-0.006155183896768471,-0.005487542453291935
0.004519632529004447,0.0008986100931438479,0.0006540412638781886,0.0038655912651262584,0.004533232708602794
0.007873912669805083,0.006776236617404008,0.0005650852450755474,0.007308827424729536,0.007976468868206072
0.0011160838239376858,0.00470842037697472,0.0005963809899829169,0.0005197028339547689,0.0011873442774313046
-0.006688755369713473,-0.0022244379802809355,0.0007013076088891276,-0.0073900629786026,-0.006722421535126064
-0.010101120046703604,-0.009357140143940179,0.000809258800610003,-0.010910378847313607,-0.010242737403837071
-0.0011337993148440306,0.0006762010869560964,0.0006574073538559461,-0.0017912066686999767,-0.001123565225223441
0.013620748128873705,0.0007091030986317026,0.0006569093923136162,0.012963838736560089,0.013631480180036624
-0.015677477430514286,0.0128902247439735,0.0004725519681649836,-0.01615002939867927,-0.015482387955202733
-0.01478941033281378,0.003023994668760688,0.0006218742404222004,-0.01541128457323598,-0.014743643129759443
-0.019630603622680654,-0.002651641555101225,0.0007077731999023389,-0.020338376822582993,-0.019670735379106456
0.025913027585268367,0.01087875260858695,0.000502994962859846,0.02541003262240852,0.026077674065885056
0.013777224600015181,0.0014987433214488366,0.0006449584372438597,0.01313226616277132,0.013799907606247858
-0.0022650305396142434,0.0017771107537685182,0.0006407454341819495,-0.0029057759737961928,-0.0022381345303196572
0.16345070056494904,-0.003526436790880272,0.0007210129491652809,0.16272968761578377,0.1633973290592603
0.0380487031891632,0.006411102394986878,0.000570611436067908,0.03747809175309529,0.03814573319657183
0.0065790991087815165,0.0012318625699112573,0.000648997593024488,0.005930101515757028,0.006597742959233564
-0.0009337169620261543,-0.0007904570968998437,0.0006796047616772196,-0.0016133217237033737,-0.0009456802802268381
-0.0037382796016558473,-0.0005440493877303387,0.0006758754589187804,-0.004414155060574628,-0.003746513617098092
0.005628262383162275,-0.0028255083152146643,0.0007104046183359476,0.004917857764826327,0.005585499208302863
-0.006529844508593952,0.00689532059343434,0.0005632829467554477,-0.007093127455349399,-0.006425486011872864
-0.021596325175414877,-0.003880558492514008,0.0007263724691379997,-0.022322697644552875,-0.021655056201076342
-0.01151603873712781,-0.001131532823106185,0.0006847668349372852,-0.012200805572065095,-0.011533164128588558
-0.006796190511124234,-0.006524098653592381,0.000766381613527116,-0.00756257212465135,-0.006894930681174814
-0.004887721556417479,-0.00812571755868352,0.0007906216091865692,-0.0056783431656040485,-0.0050107017221275125
0.021610910497700697,-0.0021316888487414865,0.0006999038801127078,0.02091100661758799,0.021578648061064524
-0.0009614681327279051,0.014666041867757107,0.0004456755375511431,-0.0014071436702790482,-0.0007395022268025125
-0.007699472213598235,0.0029533182046204143,0.0006229439063574237,-0.00832241611995566,-0.007654774676479123
0.006789189613646496,0.006949583813841809,0.0005624616900738715,0.006226727923572624,0.00689436936704916
0.008670942422881911,-0.0008680223820187738,0.0006807786877395497,0.007990163735142362,0.008657805178618897
-0.0019103208391783033,0.00498490290027398,0.0005921965144229787,-0.002502517353601282,-0.0018348759101247463
0.012439842714446758,0.0037059469012648005,0.0006115531090323873,0.01182828960541437,0.012495931048890907
0.004726110453024068,-0.0001305615560248663,0.0006696174513403753,0.004056493001683693,0.004724134445160229
-0.030103336674622505,-0.0029443536044478913,0.0007122033042068515,-0.030815539978829357,-0.03014789853535282
-0.003879852422791319,0.010852481049954399,0.0005033925745920726,-0.004383244997383392,-0.0037156035539068558
0.001947441097215119,-0.018974501239482744,0.0009548145195580628,0.0009926265776570562,0.001660268021133592
0.017492903475797128,-0.000839020658475631,0.0006803397558247428,0.016812563719972386,0.01748020516344892
-0.022615840334970216,0.007182725862306283,0.0005589331588952929,-0.02317477349386551,-0.022507132050388973
-0.0030179459869996705,-0.0046443248906916645,0.0007379318320537421,-0.0037558778190534127,-0.003088236375576877
0.009081740625209944,0.003589481529391092,0.00061331577560664,0.008468424849603305,0.00913606629307984
-0.010999814870335523,0.0067342800173637585,0.000565720244949505,-0.011565535115285028,-0.010897893671808491
0.0030332024724148976,0.011568600124275408,0.0004925543388557098,0.0025406481335591875,0.0032082895770357235
-0.0030240299772114065,1.745570720723677e-05,0.0006673772568678543,-0.003691407234079261,-0.003023765790602725
-0.005055668761468457,0.002148376881724312,0.0006351264387383122,-0.005690795200206769,-0.005023153756730234
-0.007113935096237256,0.0020846350796801527,0.0006360911507556121,-0.007750026246992868,-0.007082384803516332
-0.009211961816682379,0.004636432770241061,0.0005974704996466773,-0.009809432316329057,-0.009141790872852521
-0.03305784354660157,0.0010474599539205265,0.0006517884683051171,-0.03370963201490669,-0.03304199057143015
0.006410435371026368,-0.006067494393846573,0.0007594710524447364,0.005650964318581632,0.006318605762058168
0.030785373112861114,0.0034778715639784963,0.0006150049571394961,0.03017036815572162,0.030838009599198152
0.03913490855169588,3.8123067008344336e-05,0.0006670644629127638,0.038467844088783114,0.03913548553225965
-0.023785779094636528,0.006609324208602496,0.0005676114116011775,-0.024353390506237704,-0.02368574906276117
0.0,-0.0006293691084816588,0.0006771667459122741,-0.0006771667459122741,-9.525302435738399e-06
0.023349987600363553,0.0005093580038946222,0.0006599324711584232,0.02269005512920513,0.023357696572681667
0.02876991648895899,-0.0022738117853239315,0.0007020548658153093,0.028067861623143682,0.02873550306662022
0.006750271854571999,0.0015790922795098083,0.0006437423811718137,0.006106529473400185,0.006774170916876721
-0.003831524647393336,0.001012017561471401,0.0006523248777071268,-0.004483849525100463,-0.0038162080816239274
0.0048079846477195876,0.008841205788409079,0.000533832589663604,0.0042741520580559834,0.004941793501532519
0.002870814672345512,-0.002191763174733685,0.0007008130860397025,0.0021700015863058094,0.0028376430297823454
0.0019082935733090167,-0.0003689736527457965,0.0006732257430328036,0.001235067830276213,0.0019027092737527488
0.001904658924923197,0.0046852921407636305,0.0005967310285242862,0.0013079278963989108,0.0019755693398754467
-0.011406929374963015,0.001071522174355355,0.000651424294207869,-0.012058353669170884,-0.011390712225694348
-0.011538312490489089,0.0009514170090862972,0.0006532420479041731,-0.012191554538393263,-0.011523913094916726
-0.009727658705058095,-0.007502163081421376,0.0007811843093556166,-0.010508843014413712,-0.009841201570937177
-0.0029469566313846673,-0.0021239857917741967,0.0006997872967813935,-0.003646743928166061,-0.002979102484689525
0.014778495677509662,0.009638279380647763,0.0005217691328982564,0.014256726544611405,0.014924367988087942
0.0,-0.004470988428756373,0.0007353084395153672,-0.0007353084395153672,-6.766699603883142e-05
0.004854265079918374,-0.016511651392423388,0.0009175400659331497,0.003936725013985225,0.00460436645746176
0.015459051290201309,-0.0016054253132695706,0.0006919390479200947,0.014767112242281215,0.01543475368575775
0.0009512673640392766,-0.0030214249424966866,0.0007133697545364726,0.00023789760950280396,0.0009055390529793397
-0.010456176726930111,0.0037202972597878414,0.0006113359208940578,-0.01106751264782417,-0.010399871204347632
0.008645537903399836,-0.02413055719884427,0.0010328497960383368,0.007612688107361499,0.008280329550838034
-0.03619070399436175,0.008015944543135589,0.0005463226576440429,-0.036737026652005796,-0.03606938520852926
-0.01185747395470138,0.00583897507464215,0.0005792704021413771,-0.012436744356842758,-0.011769102913366221
0.056999867296435136,0.008895287120600504,0.0005330140858026603,0.056466853210632474,0.05713449465410901
0.04824971839025016,-0.005837333350761975,0.0007559876378399192,0.04749373075241024,0.04816137219588678
0.0009027741582283699,-0.0067493779153879885,0.000769791143915857,0.0001329830143125129,0.0008006244577890486
0.0,0.008495835590448308,0.0005390596583956613,-0.0005390596583956613,0.0001285817850808745
0.02164105438380126,-0.0028243962306494508,0.0007103877872877201,0.02093066659651354,0.021598308039990077
0.00264769440338819,-0.01191414994527018,0.0008479583353672373,0.0017997360680209527,0.0024673775114974882
0.016725387405447156,0.0013535590072402126,0.0006471557559287545,0.016078231649518403,0.016745873092994936
0.03722941371132715,-0.008375676922946718,0.0007944046651217354,0.03643500904620542,0.037102650489681956
0.010016632734520803,-0.0069119122568113145,0.0007722510497761648,0.009244381684744639,0.009912023128221174
-0.01652857649439121,0.0020984713906617714,0.0006358817425642682,-0.01716445823695548,-0.016496816793478943
0.016806361729835295,-0.01319537280847849,0.0008673492382494648,0.01593901249158583,0.016606653935062367
0.01900818792377046,-0.0027652403144732274,0.0007094924812028677,0.01829869544256759,0.018966336886044127
-0.0016215741107800108,0.021432370568193138,0.0003432692923403517,-0.0019648434031203626,-0.0012972019596438266
0.0422418487329308,0.008161854781411959,0.0005441143523279366,0.04169773438060286,0.0423653758240794
0.017926722472403345,0.006135586748687638,0.0005747812782501998,0.017351941194153144,0.01801958263762968
0.002296840710311443,0.01049769746289475,0.0005087621119914089,0.001788078598320034,0.00245572004179657
0.03666942994299727,0.0046600444669098184,0.0005971131440841627,0.0360723167989131,0.03673995824238964
0.03168734320854161,-0.00034988023558091275,0.0006729367702017951,0.031014406438339814,0.03168204788181635
-0.0014283775054532155,-0.0020375791387226005,0.0006984795594112483,-0.002126857064864464,-0.0014592156213879281
0.01788260237656547,0.004097381912668174,0.0006056288639156404,0.01727697351264983,0.017944614956126367
-0.005621852531082827,-0.001611511904139773,0.0006920311665481938,-0.006313883697631021,-0.005646242254154485
0.011307504446898209,0.0009317492412306283,0.0006535397133512635,0.010653964733546946,0.01132160617702348
-0.009084580015916055,0.009717399870633026,0.0005205716693020662,-0.009605151685218121,-0.008937510241741586
-0.029624281547193876,0.002985163546397107,0.0006224619371798702,-0.030246743484373746,-0.02957910204089721
-0.0029785115205387402,0.009472185190685156,0.0005242829159404994,-0.0035027944364792395,-0.002835152993002704
-0.030619873152125443,-0.0012592227925193322,0.0006866993822458188,-0.03130657253437126,-0.030638931090894727
-0.01001551604238049,-0.0017318870104667816,0.0006938530057170483,-0.010709369048097538,-0.010041727604621003
-0.012451119043367376,-0.009496397343734198,0.0008113664142925241,-0.0132624854576599,-0.012594844014183364
0.0,-0.0012339337557076835,0.0006863166406706553,-0.0006863166406706553,-1.8675197194119598e-05
-0.007092259351050956,0.003823175554131808,0.0006097788904416683,-0.007702038241492624,-0.007034396798016088
-0.0007936153401587598,0.0057574526279098315,0.0005805042185933793,-0.0013741195587521392,-0.0007064781152756034
0.009531329012980594,0.007672301032188189,0.0005515235935141712,0.008979805419466422,0.009647446862942959
-0.0007866840174127754,0.002928125887423194,0.0006233251841118077,-0.001410009201524583,-0.0007423677580480474
0.012598301965532466,0.007672378673070135,0.0005515224184439748,0.012046779547088491,0.012714420990565026
0.002332710796333348,-0.00180590159841032,0.0006949731931004418,0.0016377376032329066,0.002305379046709442
-0.01318830304050167,-0.004835444424841517,0.000740824365766664,-0.013929127406268334,-0.013261485962791798
-0.014150938652447653,0.0012365569653400854,0.0006489265448341496,-0.014799865197281803,-0.014132223753805268
0.008771856000326483,0.0045106896075925995,0.000599373582650453,0.008172482417676031,0.008840123861152566
-0.003952582160277163,0.002285226738359958,0.0006330552594332352,-0.0045856374197103976,-0.0039179959762338625
-0.003968076700793799,0.004620174547884881,0.0005977165627008106,-0.004565793263494609,-0.0038981518200180737
0.00239007621143128,0.00017586919155743175,0.0006649797188762376,0.0017250964925550425,0.0023927379360315785
0.006359335335980765,-0.003403778522185874,0.000719156555055985,0.00564017878092478,0.006307820224401316
0.03475541831993256,-0.006531243569450895,0.0007664897495692463,0.033988928570363314,0.03465657001383985
-0.024427546234021214,0.003581997784064761,0.0006134290397256199,-0.025040975273746834,-0.024373333830270297
0.01956162848871168,-0.00617673452276668,0.0007611243672516761,0.018800504121460004,0.01946814556493654
0.010744816318877026,0.002828694915066654,0.0006248300404360408,0.010119986278440985,0.010787627721917522
0.027334534570703672,0.006847482673755456,0.0005640069585423263,0.026770527612161345,0.02743816905563788
0.0014780124667856942,0.004688147952890187,0.0005966878067108249,0.0008813246600748693,0.001548966103551405
-0.02214000476051725,-0.005262401280453521,0.0007472862227626764,-0.022887290983279927,-0.02221964953980339
0.014339706435625432,0.007387691099234761,0.0005558310748491495,0.013783875360776283,0.014451516804252818
0.006696307471196095,-0.0016161146071345112,0.0006921008270025376,0.006004206644193557,0.006671848087670093
0.008130132225741882,-0.0025786549148275606,0.0007066685701818681,0.007423463655560013,0.00809110509903655
0.005132145898872897,-0.010885526112695776,0.0008323904389359732,0.004299755459936924,0.00496739690341346
-0.009482462715768802,-0.00899879386967306,0.000803835343066386,-0.010286298058835188,-0.009618656615358653
0.002209209372219245,-0.007282739927037873,0.0007778634093007207,0.0014313459629185245,0.00209898740639506
0.008817240609145793,-0.0297778200029859,0.0011183193327833434,0.0076989212763624495,0.008366562719838986
-0.0174798868914241,0.013017017169932643,0.00047063300489280223,-0.017950519896316904,-0.017282878452840367
0.004447302447148305,0.0007668762331907164,0.0006560350141912726,0.0037912674329570323,0.004458908876433567
-0.00295166233983557,0.018762303409984193,0.0003836799144425865,-0.0033353422542781565,-0.002667700810801621
-0.02812723661910721,-0.00661660635492356,0.0007677816883336795,-0.02889501830744089,-0.028227376863964353
-0.0030466871281152885,-0.012317322177972212,0.0008540602196167575,-0.003900747347732046,-0.0032331059042555103
-0.022154304373569356,0.015131688322181258,0.0004386281257116588,-0.022592932499281015,-0.02192529105580448
0.007812525863267084,-0.029292752911742603,0.0011109779957468578,0.006701547867520226,0.007369189310996761
0.01705412125665906,0.0024642680276520945,0.0006303455261368133,0.01642377573052225,0.017091417173998782
0.01371963230766271,0.014426124657807904,0.00044930660865632956,0.01327032569900638,0.013937967142482917
0.013534011583852479,0.012105865492430645,0.00048442299740446976,0.013049588586448009,0.013717230029924544
0.004450838994004336,-0.007914727601131322,0.0007874283428989423,0.0036634106511053933,0.004331052094581929
-0.009600989274786476,0.00824679859557964,0.0005428287545617159,-0.010143818029348191,-0.009476176585871656
-0.01342299205271158,-0.0005060748601761755,0.0006753007264526759,-0.014098292779164256,-0.01343065133568772
0.00831442816135386,-0.025946336754618105,0.0010603310454233,0.00725409711593056,0.007921738559407095
0.041979113918702016,0.010982987735216332,0.0005014173971798786,0.04147769652152214,0.042145337964998676
0.0021582343179158414,-0.003203180635808267,0.0007161205694793712,0.0014421137484364702,0.002109755191913006
0.005025073135958458,0.006545480165679685,0.0005685776710018448,0.004456495464956613,0.005124136908433149
-0.007142766585371052,0.012687291793508804,0.000475623294198154,-0.007618389879569206,-0.00695074843609267
0.009352502095423487,0.0006427872591217021,0.0006579130615739912,0.008694589033849495,0.009362230477326032
-0.004276700858770743,-0.00689910050906084,0.0007720571480253337,-0.005048758006796077,-0.004381116563319541
0.007158334849000081,0.010842079212828093,0.0005035500031076767,0.006654784845892404,0.00732242628936894
0.023453961260442524,0.013009813642266721,0.0004707420280061032,0.02298321923243642,0.023650860675912957
0.01875010896190421,0.0009106051537297599,0.0006538597224293376,0.018096249239474872,0.01876389068295141
-0.007498233651548558,-9.401025965849463e-05,0.0006690642590282392,-0.008167297910576797,-0.007499656467100262
0.0315935319553462,0.0003223043548219451,0.0006627634689864293,0.03093076848635977,0.031598409929836306
0.010652518242494802,0.007229681189480308,0.0005582225048668792,0.010094295737627922,0.010761937181104459
0.01844523244384777,0.002879153101061016,0.0006240663717470667,0.017821166072100703,0.01848880751557724
0.005821369202419824,-0.0007244143620946941,0.0006786052257701904,0.005142763976649633,0.005810405420126169
-0.00128611616671781,-0.0031355866640028207,0.0007150975560908798,-0.0020012137228086896,-0.001333572279332154
-0.017385699517715958,0.0025817523700197853,0.0006285674377663564,-0.018014266955482316,-0.01734662551200578
0.020314529572050377,0.00034269198975556137,0.0006624549085787527,0.019652074663471623,0.02031971610694816
0.0038535975931317523,1.997472142156731e-05,0.0006673391323842912,0.003186258460747461,0.003853899904223997
-0.0070377909897207935,-0.0048955765157830955,0.0007417344459479009,-0.0077795254356686945,-0.0071118839921921586
-0.009907616692833021,-9.693591923765066e-05,0.0006691085379608082,-0.010576725230793829,-0.009909083787317294
0.001334380330549223,-0.008416371322106486,0.0007950205619845043,0.0005393597685647187,0.0012070012120412544
0.015989251056401255,0.006158571742003405,0.0005744334076447544,0.0154148176487565,0.016082459092233038
-0.0019670872175233667,-0.002428916406865711,0.0007044023252146599,-0.0026714895427380264,-0.002003848099261491
0.0072271081533723525,-0.005316352490240539,0.0007481027572621771,0.006479005396110175,0.007146646839586711
-0.005218429721229101,0.005047606675254723,0.0005912475126170353,-0.005809677233846136,-0.0051420357903696
0.02295081698918544,-0.012258373372913245,0.0008531680480931714,0.02209764894109227,0.022765290384568804
-0.022435894871989714,-0.017903202985502964,0.0009386007592534714,-0.023374495631243185,-0.02270685418776665
-0.022951021563801133,0.00797191259701524,0.0005469890672246501,-0.023498010631025783,-0.022830369187549247
0.0013425452203443822,0.014216897585460186,0.0004524731942338519,0.0008900720261105303,0.001557713469587066
0.02815010826120279,-0.004478294673592398,0.0007354190172205561,0.027414689243982233,0.02808233068745877
0.003259379295329934,-0.015560819201407838,0.0009031495213973548,0.002356229773932579,0.003023871217409115
0.014294960923904032,0.0091044925499415,0.0005298478277852006,0.01376511309611883,0.014432754539595367
0.0038438439638779354,0.006415695380997066,0.0005705419226770526,0.0032733020412008826,0.0039409434846774186
-0.007658151260905743,0.010938977513132997,0.0005020834779740554,-0.008160234738879798,-0.007492593295403263
0.00964648868634388,-0.0013871187334510982,0.0006886350468681536,0.008957853639475726,0.009625495082952261
0.012738766171598082,0.009955676641137279,0.0005169654257291341,0.012221800745868948,0.012889442189345483
0.044025251636354845,-0.0019995427986508885,0.0006979038914322373,0.043327347744922605,0.04399498918839914
0.01506018463920955,0.0027628315736780706,0.0006258268612804386,0.014434357777929112,0.015101999221405647
-0.005934862868832158,-0.003919344949506964,0.0007269594898994095,-0.006661822358731567,-0.0059941809152550315
0.011940498383590015,0.006871616056117524,0.0005636417074318124,0.011376856676158202,0.012044498119634739
0.009439536927821512,-0.003568666378412577,0.0007216520806186059,0.008717884847202907,0.009385526290679442
-0.010520219061677327,0.0028471487971184484,0.0006245507467667332,-0.01114476980844406,-0.010477128364967525
-0.01772008724648111,0.0019204463587332299,0.0006385760951268563,-0.018358663341607965,-0.017691021898131428
0.0,0.004072700506109195,0.0006060024091990765,-0.0006060024091990765,6.163903427745922e-05
0.0018040409842692284,0.005581337868471481,0.000583169659785901,0.0012208713244833275,0.0018885127679598632
0.0006002640937299297,-0.0008324053147991117,0.000680239634690124,-7.997554096019432e-05,0.0005876659025163414
-0.0077985647594066565,0.00325337015914573,0.0006184027149090809,-0.008416967474315737,-0.007749326030839202
-0.0030228128437294055,-0.0030228605633046968,0.0007133914822034252,-0.0037362043259328306,-0.003068562882456295
0.019405623726920673,0.009662312168146059,0.0005214054042591953,0.01888421832266148,0.019551859766138012
0.00475907672835052,0.003704089049704651,0.0006115812270282544,0.004147495501322265,0.004815136944798801
-0.007696800423652395,-0.001185699214361291,0.00068558662614026,-0.008382387049792654,-0.007714745606316119
-0.00298350574396522,0.0007024972279667807,0.0006570093700772001,-0.00364051511404242,-0.0029728736705658845
-0.0011968427845577834,0.0027300951851503275,0.0006263223161687996,-0.001823165100726583,-0.0011555236572500472
-0.0011981834716103812,0.0025606760900243053,0.0006288864205992787,-0.0018270698922096598,-0.0011594284487331241
-0.005398855213625375,-0.0019624672514313435,0.0006973427647492187,-0.006096197978374594,-0.005428556534898058
-0.0006033485326106813,0.0015646460846321375,0.000643961019763065,-0.0012473095523737464,-0.0005796681088972106
0.0030177166590366067,0.0007115345908383919,0.0006568725924479623,0.0023608440665886443,0.0030284855100651802
0.013838643515225346,0.0008370427393644686,0.000654973066308612,0.013183670448916733,0.01385131189239327
0.03382785740887684,0.007695488006902673,0.0005511726659841275,0.03327668474289271,0.03394432618636924
0.02009175720829548,0.0005031528617669423,0.0006600263840223155,0.019431730824273165,0.0200993722677497
-0.023072378683431816,-0.0005925944462060739,0.0006766101730277356,-0.02374898885645955,-0.023081347412983014
-0.0144009570626501,-0.003756184245747196,0.0007244901042432099,-0.015125447166893308,-0.014457805723416773
-0.04208087624670853,-0.0015827522106851566,0.0006915958976822413,-0.042772472144390776,-0.04210483070091424
0.021354771063328393,0.0021749356911917594,0.0006347244795555349,0.02072004658377286,0.021387688027249392
0.010155069343897427,0.007507291353015866,0.0005540209628285508,0.009601048381068877,0.010268689824545412
0.0035482464660978597,0.0021955703874654287,0.0006344121799526032,0.0029138342861452565,0.0035814757296217924
0.012964114175242347,0.004174424362754614,0.0006044628507961944,0.012359651324446153,0.013027292767922688
-0.0011636044351088781,-0.004011219709926239,0.0007283499853454218,-0.0018919544204542998,-0.0012243129769777643
-0.0029119002983941655,-0.008631020716408422,0.0007982692126901396,-0.0037101695110843052,-0.0030425280676077693
-0.002336359825289458,-0.00663809511563529,0.0007681069139318062,-0.0031044667392212642,-0.0024368252957447283
0.0,0.00632356747139462,0.0005719362494559007,-0.0005719362494559007,9.570519402063507e-05
-0.014637038541580494,0.0015002511791302187,0.0006449356162946716,-0.015281974157875165,-0.01461433271439863
0.004753235664801458,0.009135724328457329,0.0005293751446935774,0.004223860520107881,0.004891501963584417
0.01360141158681194,-0.00316282139344648,0.0007155097451087554,0.012885901841703185,0.01355354328517972
0.012835714701102008,-0.0010969340964486207,0.000684243194150244,0.012151471506951764,0.012819112950428299
0.009216418433483753,0.002908158040315856,0.0006236273911634803,0.008592791042320273,0.009260432485796808
0.006849322386383916,0.008575225775086182,0.0005378581130561875,0.006311464273327729,0.006979105716804264
0.0028345806637823934,7.258178414493166e-05,0.0006665429411255483,0.0021680377226568452,0.0028356791661333807
0.0011303628747880712,0.007147785279833618,0.0005594619735619929,0.0005709009012260783,0.001238542344702614
0.010163893274496738,0.00033529222633799094,0.0006625669016581006,0.009501326372838638,0.010168967816315173
-0.0011179877267234462,-0.00043230017186479675,0.0006741841698743533,-0.0017921718965977994,-0.0011245304531212637
0.0011192390222134474,0.004459292004863613,0.0006001514691146403,0.0005190875530988071,0.0011867289965753428
-0.003912957043531895,0.004944781081796634,0.0005928037454581824,-0.004505760788990077,-0.0038381193455135415
0.0017212095683598605,0.0008661436002121992,0.0006545326339820498,0.0010666769343778107,0.0017343183778543464
-0.009736266697752294,-0.00019544819997963092,0.0006705994901779666,-0.01040686618793026,-0.009739224744453726
-0.015037784406683019,0.005128166675301138,0.0005900282624912763,-0.015627812669174294,-0.01496017122569776
0.0,3.398471712534601e-05,0.0006671270955296006,-0.0006671270955296006,5.143479469351371e-07
-0.015854375159080836,-0.005780822450430323,0.0007551323632334591,-0.016609507522314295,-0.015941866078837758
-0.00298330039998862,0.0029460216619106028,0.0006230543372240004,-0.0036063547372126204,-0.0029387132937360844
0.036505061201823175,0.008378802677341701,0.0005408309145270041,0.03596423028729617,0.03663187173077271
-0.009237879154125439,-0.007059870562045378,0.0007744903519380295,-0.010012369506063469,-0.009344728062586932
-0.002913759701381191,0.0035333728907271933,0.0006141649621099633,-0.0035279246634911544,-0.0028602832200146184
0.0017533112006997698,-0.0028032386528962228,0.0007100675740389426,0.001043243626660827,0.001710885070137363
-0.009918218758412034,0.004902451368978156,0.0005934443922760516,-0.010511663150688086,-0.00984402170721155
0.015321082077944581,0.006655262605488987,0.0005669161484910887,0.014754165929453493,0.015421807372930028
-0.008705589195296848,-0.002855178689662563,0.000710853670070755,-0.009416442865367603,-0.008748801421891068
-0.004684065432202789,0.006976215252569862,0.0005620586316702019,-0.005246124063872991,-0.004578482620396455
0.020000245913858627,-0.001514532772802224,0.0006905634180624541,0.019309682495796173,0.01997732393927271
0.004613655413420847,0.0018701968845122874,0.0006393366050291393,0.003974318808391708,0.004641960251868244
-0.0017224599102841909,0.00836655302646827,0.0005410163091193493,-0.00226347621940354,-0.0015958347759270045
-0.01552599176362024,0.003862162248501333,0.000609188839150884,-0.016135180602771124,-0.015467539159294587
-0.01460274767362113,-0.0026519776473655776,0.0007077782865524797,-0.01531052596017361,-0.014642884516697074
0.014819147951900868,0.0002890760711180551,0.0006632663685527325,0.014155881583348136,0.01482352302682467
0.007009504253943533,0.0011409766124783616,0.000650373123249984,0.0063591311306935485,0.0070267725741700844
-0.004640593404066751,-0.009042160974207403,0.0008044916904798273,-0.005445085094546578,-0.004777443651070043
-0.011655127718273928,-0.015730711659182384,0.000905720790021831,-0.012560848508295759,-0.011893207064819222
0.0005897860145507305,0.010053584595046017,0.0005154836198074946,7.430239474323598e-05,0.0007419438382197717
-0.011196182280669764,-0.0008668741908683941,0.0006807613102295734,-0.011876943590899337,-0.011209302147422802
-0.019666349728034827,0.003134358792605374,0.0006202039143075106,-0.020286553642342338,-0.0196189121988658
0.0200608738898016,-0.01770582037552626,0.0009356134358684404,0.01912526045393316,0.019792901897409697
0.006555419600591916,0.007254613892351713,0.0005578451562932203,0.005997574444298696,0.006665215887775231
-0.0076969154253484495,0.014980414164082134,0.00044091761225808633,-0.008137833037606537,-0.0074701915941300006
-0.0011931016765509561,0.01125059589785371,0.000497367232262279,-0.0016904689088132353,-0.0010228274653366995
0.005376191200130442,0.003325672876785646,0.0006173084361413996,0.004758882763989043,0.005426524207465579
-0.0017825714320423014,-0.005400853672730133,0.0007493816559379203,-0.0025319530879802216,-0.001864311644503686
-0.004166639799670135,0.007326397804890528,0.000556758729476686,-0.004723398529146821,-0.004055757085670285
0.001793135197761142,0.0016884725532351208,0.0006420869453175645,0.0011510482524435775,0.0018186896959201133
0.0023866585269445295,0.006462646466197652,0.0005698313328495655,0.001816827194094964,0.0024844686375714996
-0.008333370417356933,-0.0016304457368023773,0.0006923177241182246,-0.009025688141475158,-0.008358046697998622
0.001200629492515537,0.0018435333204338544,0.0006397401496398281,0.0005608893428757089,0.0012285307863522446
-0.007793909872523819,-0.002919942636890105,0.0007118338519321794,-0.008505743724455998,-0.007838102280979461
0.016918504871682893,0.004705785881164548,0.000596420862243915,0.016322084009438978,0.016989725452915515
0.029708828837061496,-0.00381551976362815,0.0007253881285430691,0.028983440708518427,0.029651082151994964
0.021927290306568592,-0.01051810302712286,0.0008268296067235415,0.02110046069984505,0.021768102143321585
0.010728357327381088,-0.03351362667122315,0.0011748595853582678,0.009553497742022821,0.010221139185499356
-0.0016759303685109916,-0.030279995565056117,0.0011259196011156984,-0.00280184996962669,-0.002134208526150154
-0.0033578291730022025,-0.0037785406053220116,0.0007248284606757745,-0.004082657633677977,-0.0034150161902014413
0.0,-0.04416324258407911,0.0013360381545434146,-0.0013360381545434146,-0.0006683967110668789
-0.0050531992586996255,-0.008238340444361891,0.0007923261209473388,-0.005845525379646964,-0.005177883936170429
-0.0067719044619797275,0.046039229006110016,-2.9147728857297742e-05,-0.00674275673312243,-0.006075115289645894
-0.003408994565061718,-0.028107896121075893,0.0010930455628993569,-0.004502040127961075,-0.0038343986844845395
-0.026225808847949783,0.04220259077449118,2.891857754412457e-05,-0.026254727425493906,-0.025587085982017373
0.025761198597638924,-0.033922077046888544,0.001181041352632467,0.024580157245006458,0.02524779868848299
0.006849120616734261,-0.01705385200037013,0.0009257461006779968,0.005923374516056264,0.0065910159595328
0.0034014376233286736,-0.07596969747745097,0.001817418791414739,0.0015840188319139346,0.0022516602753904704
0.010734504574986703,0.04939630628156144,-7.995603183544005e-05,0.010814460606822143,0.01148210205029868
-0.006707638554738882,-0.048868445131273974,0.001407249907200868,-0.00811488846193975,-0.007447247018463214
0.003939111796316785,-0.09511268097833658,0.002107141793244594,0.0018319700030721914,0.0024996114465487274
-0.007847483200152938,0.09287124972971839,-0.000737935553136312,-0.007109547647016626,-0.00644190620354009
-0.002259995510696222,-0.11984055240393443,0.002481390307743677,-0.004741385818439899,-0.004073744374963363
0.0033974991986827074,0.05995484974402432,-0.000239756248283112,0.0036372554469658192,0.004304896890442355
0.009029349454086288,-0.051830762729157875,0.0014520836472912057,0.007577265806795083,0.008244907250271619
0.015100843237435102,0.0047078080405855705,0.0005963902575005317,0.01450445297993457,0.015172094423411105
0.009366378030921219,-0.04335951230846191,0.0013238739509801312,0.008042504079941087,0.008710145523417622
0.0038208525036671492,-0.02929386782180443,0.001110994869558083,0.002709857634109066,0.003377499077585602
-0.005437667477022345,0.09382773976227554,-0.0007524117273146984,-0.004685255749707647,-0.004017614306231111
0.0005467313946365682,0.011535011448221999,0.0004930626928462586,5.3668701790309556e-05,0.0007213101452668453
-0.024608478176752713,0.062414163303876835,-0.00027697718131940564,-0.024331500995433308,-0.02366385955195677
-0.002293614642822961,-0.033687352562252526,0.0011774888717828351,-0.003471103514605796,-0.0028034620711292605
0.03160920918890131,0.03351600948370015,0.00016038723848146494,0.03144882195041985,0.03211646339389638
-0.01671315183742106,-0.016012721914555605,0.0009099889260587113,-0.01762314076347977,-0.016955499320003235
-0.0011332049141414835,-0.04414243033166543,0.0013357231676844514,-0.002468928081825935,-0.001801286638349399
-0.014180328270840814,0.02282934723487151,0.0003221264922466464,-0.014502454763087461,-0.013834813319610924
0.01726119718999075,-0.015137125124949469,0.0008967370455320662,0.016364460144458685,0.017032101587935222
-0.006221840734334405,0.07033131865275055,-0.00039680082393618306,-0.005825039910398222,-0.005157398466921686
0.003984149604062459,-0.0016030527844311804,0.0006919031404463744,0.0032922464636160847,0.00395988790709262
-0.0005668814472413741,0.03405645287963033,0.00015220779858481732,-0.0007190892458261914,-5.144780234965572e-05
0.014180497383239565,0.014487410153376512,0.00044837907206079597,0.01373211831117877,0.014399759754655305
-0.016778667016170146,-0.010104660822607414,0.000820572289698229,-0.017599239305868375,-0.016931597862391838
0.010238946051751352,0.030572589146256046,0.00020493497451079903,0.010034011077240553,0.010701652520717088
-0.01801788870926313,-0.022030438529415775,0.0010010651640828428,-0.019018953873345974,-0.018351312429869437
0.009174287616523946,0.005816689462164515,0.0005796076878389977,0.00859467992868495,0.009262321372161484
-0.0011365088781601917,0.026793594848223412,0.0002621288582057449,-0.0013986377363659366,-0.0007309962928894009
-0.003412727627177703,-0.01788104803401469,0.0009382654510686068,-0.00435099307824631,-0.003683351634769774
-0.0005709342398619865,-0.030674795694063395,0.0011318947762232522,-0.0017028290160852387,-0.001035187572608703
-0.004568720965009598,0.022930247703843776,0.00032059939555582326,-0.004889320360565421,-0.004221678917088886
0.0,-0.0005394221197431159,0.0006758054266810435,-0.0006758054266810435,-8.16398320450774e-06
0.0011474224944585387,0.013918057304545428,0.0004569960473852583,0.0006904264470732804,0.001358067890549816
0.003438322275054251,0.014714069804799612,0.0004449486499115541,0.002993373625142697,0.0036610150686192324
0.0017133554975554688,-0.005242380698498916,0.0007469832175857665,0.0009663722799697023,0.0016340137234462382
0.0005701983039041458,0.026583916282167053,0.00026530227699777474,0.0003048960269063711,0.0009725374703829068
-0.0011395768429083297,-0.009212446303987654,0.0008070689050978747,-0.0019466457480062044,-0.0012790043045296687
0.007415615200637715,-0.028059034078492195,0.0010923060513361655,0.0063233091493015495,0.006990950592778085
0.0028312817422888603,0.004249827591976452,0.0006033216467661746,0.002227960095522686,0.0028956015389992214
-0.0011291974432242613,0.009040556385797371,0.0005308154814114218,-0.0016600129246356831,-0.0009923714811591474
-0.0005653633898677901,-0.006979410390386298,0.0007732726126833445,-0.0013386360025511345,-0.0006709945590745989
0.0050905586385152635,0.011504630788313985,0.000493522494526896,0.004597036143988368,0.005264677587464903
-0.006190328504092402,0.016871538638701944,0.00041229604135220273,-0.006602624545444604,-0.005934983101968069
0.0,0.00013307822091168653,0.000665627346685462,-0.000665627346685462,2.014096791073694e-06
-0.002831028504602817,-0.020500317528877154,0.0009779072665994939,-0.003808935771202311,-0.003141294327725775
0.004542776457203246,-0.01746272460422804,0.0009319342582423714,0.003610842198960874,0.00427848364243741
-0.0016960059002061323,0.01152482269503552,0.0004932168964038156,-0.002189222796609948,-0.0015215813531334122
-0.0016987183978361964,0.0039263632504382695,0.0006082171772884165,-0.002306935575124613,-0.0016392941316480771
0.0005672029840899651,0.03150119163168075,0.00019088086953957228,0.0003763221145503928,0.0010439635580269285
0.0005669659555069817,-0.010484399194493177,0.0008263195098746261,-0.0002593535543676444,0.0004082878891088914
-0.0011332049141414835,0.01665110025908012,0.0004156323065200429,-0.0015488372206615263,-0.0008811957771849906
0.013046006858860704,-0.007773596407737116,0.0007852923669158826,0.01226071449194482,0.012928355935421357
0.006158883982311014,0.002353711326488428,0.0006320187668483284,0.005526865215462686,0.0061945066589392216
-0.01001664934261226,0.012289184036080147,0.0004816485292159163,-0.010498297871828178,-0.00983065642835164
0.01573943352753826,0.014827297215913804,0.00044323498884947835,0.015296198538688782,0.01596383998216532
0.001106783213292939,-0.0021079145460738413,0.0006995440635598198,0.00040723914973311913,0.0010748805932096549
-0.006080825009841195,0.004812335824971425,0.0005948082625379652,-0.00667563327237916,-0.006007991828902625
-0.006674106476614483,0.003751234813537785,0.0006108676908012255,-0.0072849741674157085,-0.006617332723939173
0.004479271818055963,0.008210832780053412,0.0005433730858064791,0.003935898732249484,0.00460354017572602
0.011705853059481797,0.013648979133831007,0.00046106846041025313,0.011244784599071543,0.01191242604254808
0.01212103540945253,-0.0033687022311144066,0.0007186256864825563,0.011402409722969973,0.01207005116644651
0.004355158872654252,0.026211650818398713,0.0002709363970729217,0.004084222475581331,0.0047518639190578665
0.009755807870141187,0.012041579421169235,0.00048539594676426216,0.009270411923376925,0.00993805336685346
-0.007514522374010069,-0.007799170822611612,0.0007856794275977841,-0.008300201801607853,-0.007632560358131317
-0.009735025767620864,-0.0053130910724373814,0.0007480533967350624,-0.010483079164355926,-0.00981543772087939
-0.01529218952649325,-0.05894405927443824,0.0015597411411144239,-0.01685193066760767,-0.01618428922413114
0.015529672217325041,0.013060843963234703,0.0004699697002352257,0.015059702517089815,0.01572734396056635
-0.004915486203664998,0.008312217041285264,0.0005418386670727935,-0.005457324870737792,-0.004789683427261256
-0.012623304984726746,0.01896239819380252,0.0003806515431641147,-0.013003956527890862,-0.012336315084414325
0.00966974506854923,-0.0036002995561740248,0.0007221308387608797,0.00894761422978835,0.009615255673264884
-0.01126746091227615,0.0005942198825281686,0.0006586481134606017,-0.011926109025736752,-0.011258467582260217
0.0,-0.005649494809462974,0.0007531447609162689,-0.0007531447609162689,-8.550331743973312e-05
-0.009116939703108451,0.006495095537691675,0.0005693402264136537,-0.009686279929522104,-0.009018638486045569
-0.0011499876984487623,0.004307419569164139,0.0006024500104033598,-0.001752437708852122,-0.0010847962653755864
-0.00402984252239913,-0.025855145939064572,0.0010589509012665515,-0.005088793423665681,-0.004421151980189145
0.0017341235156713708,0.010959447267809841,0.0005017736747100332,0.0012323498409613377,0.0018999912844378734
-0.008078455093812886,-0.024226905044785974,0.0010343079902192375,-0.009112763084032124,-0.008445121640555588
-0.012798309863451762,0.014685678433118632,0.0004453783443439345,-0.013243688207795697,-0.01257604676431916
0.018857163410350486,0.015409875731554612,0.0004344178472401139,0.01842274556311037,0.01909038700658691
0.008097058542517743,0.005022132820864389,0.0005916330513478086,0.007505425491169934,0.008173066934646471
0.006884507380329419,0.004541250844364075,0.0005989110479960897,0.006285596332333329,0.006953237775809865
-0.0056978486728287425,0.01588172586745884,0.0004272765446431768,-0.006125125217471919,-0.005457483773995383
0.0011461167354414048,-0.010818532028197159,0.0008313765046521724,0.00031474023078923244,0.0009823816742657683
0.011448213328414614,0.007827461915415501,0.0005491752826120012,0.010899038045802613,0.011566679489279148
0.014148211530824462,-0.005643606159361103,0.000753055638059105,0.013395155892765357,0.014062797336241892
-0.002790182699533905,0.01046620127324438,0.0005092387968619405,-0.0032994214963958457,-0.00263178005291931
0.008953680852614498,-0.009362541127788226,0.0008093405427926266,0.008144340309821871,0.008811981753298408
0.001663831132572735,0.013406370782667931,0.0004647402610867102,0.001199090871486025,0.0018667323149625607
-0.007751997386559517,0.009082050740923053,0.0005301874774680735,-0.00828218486402759,-0.007614543420551055
0.0033480078804393187,-0.0034061012455366413,0.0007191917087393997,0.002628816171699919,0.0032964576151764545
0.008899066884990425,0.002848612194617406,0.0006245285987083467,0.00827453828628208,0.008942179729758614
-0.013230496659791702,0.0084069387471426,0.0005404050840078463,-0.013770901743799548,-0.013103260300323012
-0.003352155536110346,0.0016790373419135474,0.0006422297442572835,-0.00399438528036763,-0.003326743836891094
0.000560571712922453,0.005747082068739751,0.0005806611737270068,-2.0089460804553847e-05,0.0006475519826719819
0.0022410305933322494,-0.012319859824193036,0.000854098626089847,0.0013869319672424024,0.002054573410718938
0.005589641871250217,-0.006190400054688405,0.0007613311907559527,0.004828310680494265,0.0054959521239708
0.008893957242929185,0.007395138795039502,0.0005557183563282791,0.008338238886600905,0.009005880330077442
-0.008264715535011846,-0.006473392152297919,0.0007656141866645979,-0.009030329721676444,-0.008362688278199908
0.004444549114744234,0.01242838167815008,0.00047954181692071564,0.003965007297823518,0.004632648741300054
-0.018805388078826035,-0.003750251937389204,0.0007244003206321453,-0.01952978839945818,-0.018862146955981644
0.02367541538769813,0.007670504990141325,0.0005515507760426002,0.02312386461165553,0.023791506055132063
-0.013766541468402393,0.00718102343932614,0.0005589589245287518,-0.014325500392931146,-0.013657858949454609
-0.012283643739600558,0.0036119303819721615,0.0006129760193216741,-0.012896619758922232,-0.012228978315445697
-0.010740597941706675,0.006429743053199433,0.0005703293156004701,-0.011310927257307146,-0.01064328581383061
-0.027428300770080294,0.00642769555966427,0.0005703603037676598,-0.027998661073847953,-0.027331019630371416
0.03348969870671814,0.0006330295486443038,0.0006580607414364519,0.03283163796528169,0.03349927940875822
0.0017056995757533944,0.002742218294476073,0.0006261388367427631,0.0010795607390106311,0.0017472021824871669
-0.007378007205545378,-0.007969132154236114,0.0007882517386061999,-0.008166258944151579,-0.007498617500675042
-0.0005717894811889668,0.013996549490237653,0.0004558080929758588,-0.0010275975741648256,-0.00035995613068828987
0.025171714154706537,-0.002047174350497949,0.0006986247799072394,0.0244730893747993,0.025140730818275833
0.006696503512421126,-0.00017188262276812694,0.0006702428326188534,0.006026260679802272,0.006693902123278808
0.01718409192196746,0.0027098425110787527,0.0006266288339865069,0.016557463087980954,0.017225104531457487
-0.013624075975245065,0.002303389154016955,0.0006327803770156443,-0.014256856352260708,-0.013589214908784173
0.016022009981884633,-0.0044043954214108005,0.0007343005754074477,0.015287709406477185,0.015955350849953722
-0.004350133634558939,0.0031586327691348615,0.000619836535348732,-0.004969970169907671,-0.004302328726431135
0.003276775422577316,0.0034411070444764214,0.0006155613765163649,0.0026612140460609513,0.003328855489537487
-0.005987985963799236,0.010043718303008653,0.0005156329430175293,-0.006503618906816765,-0.00583597746334023
0.004929021264102884,0.0035963511532906,0.0006132118060212556,0.0043158094580816285,0.0049834509015581644
-0.00762956510859647,0.010195626139483993,0.0005133338659492617,-0.008142898974545731,-0.0074752575310691955
-0.0021966465441397576,0.0016730440109038458,0.0006423204514268848,-0.002838966995566642,-0.0021713255520901067
-0.0016509314269372855,0.00673256535528588,0.0005657461958178379,-0.0022166776227551233,-0.0015490361792785876
0.0022051229296404795,-0.0021949627140287475,0.0007008615100551646,0.001504261419585315,0.0021719028630618506
0.01870162292326838,0.007525003016613407,0.0005537529024008415,0.018147870020867537,0.018815511464344074
0.004319834339359785,0.015365910154807594,0.00043508325234124334,0.0038847510870185413,0.004552392530495077
-0.0026883324725970326,-0.03512584371534122,0.0011992599805005157,-0.0038875924530975482,-0.0032199510096210127
-0.009164419172795979,-0.008133027264274895,0.000790732239269196,-0.009955151412065174,-0.00928750996858864
-0.0043525005518301185,-0.027756342102360998,0.001087724903995654,-0.005440225455825773,-0.004772584012349237
0.011475299826089413,0.02014498633677464,0.00036275344558207243,0.011112546380507342,0.011780187823983877
-0.000540123468935283,-0.01758479659017942,0.000933781779147748,-0.0014739052480830309,-0.0008062638046064952
-0.0005404941032676192,0.0005330721905940639,0.0006595735644417038,-0.001200067667709323,-0.0005324262242327872
0.013520684094789903,0.012741829089357504,0.00047479788947144366,0.01304588620531846,0.013713527648794995
0.0,0.005219359577689042,0.0005886480867509493,-0.0005886480867509493,7.899335672558641e-05
0.06403440856202924,-0.004618946596211537,0.0007375477395919917,0.06329686082243725,0.06396450226591378
-0.0070212625750712965,-0.008412365876402483,0.0007949599408303891,-0.007816222515901685,-0.00714858107242515
0.0,-0.011182581807410497,0.0008368862829395696,-0.0008368862829395696,-0.0001692448394630339
0.003535270709652094,-0.011571097930805796,0.0008427663516093345,0.0026925043580427596,0.0033601458015192955
-0.005687562509448352,0.010517945160813724,0.0005084556694861977,-0.00619601817893455,-0.005528376735458014
0.0015600529701320642,-0.023721455093028143,0.0010266581650343984,0.0005333948050976658,0.0012010362485742015
0.033229535971462054,0.0029874591429570607,0.0006224271940518563,0.032607108777410194,0.03327475022088673
0.007537500110438966,0.0159767237756141,0.0004258387813437922,0.007111661329095174,0.00777930277257171
-0.025935032827275606,0.016110590199083896,0.0004238127553562494,-0.026358845582631855,-0.025691204139155318
0.015361108342194951,-0.0048126645432444715,0.0007404795994622205,0.014620628742732731,0.015288270186209266
-0.01210294301450543,0.008253718228220741,0.0005427240281098415,-0.012645667042615272,-0.011978025599138735
0.036753149803658625,0.005292907769290922,0.0005875349581287015,0.03616561484552992,0.03683325628900646
-0.024618248653016872,-0.009577652178616392,0.0008125961805237999,-0.02543084483354067,-0.024763203390064135
-0.0005048164051517645,0.01797270867614209,0.00039563018105109063,-0.0009004465862028552,-0.00023280514272631942
0.005050642123812121,-0.013973515692226712,0.000879126184728139,0.004171515939083982,0.004839157382560518
0.007537500110438966,0.01739675486921799,0.00040434705978891454,0.007133153050650052,0.0078007944941265875
0.02344151766393132,0.008010123642494982,0.0005464107551345344,0.022895106908796786,0.023562748352273323
-0.005847987159345203,0.00879353312061526,0.0005345541004154585,-0.006382541259760661,-0.005714899816284125
-0.011764774569304026,0.01641581296364758,0.0004191933053331062,-0.012183967874637132,-0.011516326431160597
0.0009922451833064283,-0.006306918994084421,0.0007630946680577162,0.0002291505152487121,0.0008967919587252478
0.01585716445780494,-0.006623141753502759,0.0007678805995245308,0.015089283858280409,0.015756925301756944
-0.017072976561920195,-0.0015277553060997207,0.0006907635369226395,-0.017763740098842833,-0.0170960986553663
0.004962631263444095,0.00013491955745537076,0.0006655994786391468,0.004297031784804948,0.004964673228281484
-0.015308573131445624,-0.016329861778318078,0.0009147887376097646,-0.01622336186905539,-0.015555720425578854
-0.0010032636467215417,0.004727334073110212,0.0005960947371728563,-0.001599358383894398,-0.0009317169404178623
0.0020082576731117463,-0.0021956999281005363,0.0007008726675570169,0.0013073850055547293,0.0019750264490312652
-0.006012058641173712,0.005218925396392127,0.00058865465794758,-0.006600713299121292,-0.005933071855644756
-0.01562500111666365,0.003445761353703114,0.0006154909350180196,-0.01624049205168167,-0.015572850608205135
0.011776803748469789,-0.018589516294535646,0.0009489878941574707,0.010827815854312318,0.011495457297788853
-0.009615493629017147,-0.0030256189119989285,0.0007134332289386585,-0.010328926857955806,-0.009661285414479269
0.02146129251882556,-0.035287878760604796,0.0012017123296713347,0.020259580189154223,0.02092722163263076
-0.005002424749596779,0.011947330894238384,0.0004868223684157871,-0.005489247118012566,-0.00482160567453603
0.02614373121101976,-0.012129550130175693,0.0008512183490512403,0.02529251286196852,0.025960154305445057
-0.004409577301229262,0.01231820260127181,0.00048120934240808487,-0.004890786643637347,-0.004223145200160811
-0.0014762297082089315,0.01779929009643455,0.0003982548164159811,-0.0018744845246249126,-0.0012068430811483768
0.03203561830103219,0.02204704770168342,0.000333966348300164,0.03170165195273202,0.03236929339620856
-0.03772683182814629,0.01946019413896294,0.00037311755894875275,-0.038099949387095045,-0.03743230794361851
0.018362122693132976,-0.00028771518741854685,0.0006719959218558899,0.017690126771277088,0.01835776821475362
0.0,0.01169988923568721,0.0004905673196711589,-0.0004905673196711589,0.00017707412380537678
-0.02777781808505575,-0.0013997945931910616,0.0006888268919969167,-0.028466644977052667,-0.02779900353357613
-0.020050100375589297,0.007651855318760337,0.0005518330329214922,-0.02060193340851079,-0.019934291965034254
0.02659840270332725,-0.009978532303877019,0.0008186633744520119,0.02577973932887524,0.026447380772351776
0.0024913834797644085,0.013610335409063534,0.00046165332096456544,0.002029730158799843,0.002697371602276379
-0.01043731273411208,0.011648051240012336,0.0004913518713433199,-0.0109286646054554,-0.010261023161978865
0.020592446416789256,-0.004791925698091615,0.0007401657235989365,0.01985228069319032,0.020519922136666854
-0.030511608213268815,-0.011563829610944043,0.0008426563478866384,-0.031354264561155455,-0.03068662311767892
-0.014213207322555377,0.003946442467421596,0.0006079132846888886,-0.014821120607244265,-0.01415347916376773
-0.0015449358012002978,-0.006792562915180156,0.0007704447352316114,-0.002315380536431909,-0.0016477390929553735
-0.03455393200041956,0.005635930617216234,0.0005823434157971444,-0.03513627541621671,-0.03446863397274017
0.02617531150896002,0.016161668273416252,0.00042303970485330284,0.025752271804106715,0.026419913247583252
0.013014075466846187,-0.001584418237524976,0.0006916211124716256,0.012322454354374561,0.012990095797851096
0.01438835396834226,0.002396979198154181,0.0006313639212929732,0.013756990047049287,0.014424631490525823
-0.02583571408972507,-0.004595548640170977,0.000737193618926295,-0.026572907708651367,-0.02590526626517483
0.0020799477377093645,0.011271187194776155,0.0004970555894948043,0.0015828921482145602,0.002250533591691096
-0.022314444671153844,0.0017911667548251575,0.0006405327010507913,-0.022954977372204637,-0.0222873359287281
0.016985011932067584,-0.000624157213091503,0.0006770878655236665,0.016307924066543918,0.016975565510020454
-0.0026094894778267985,0.008836275129611826,0.0005339072136253116,-0.00314339669145211,-0.0024757552479755746
0.01622202439788456,-0.0019356376714373402,0.0006969367075401458,0.015525087690344413,0.01619272913382095
0.008238830136060749,0.002787148065356293,0.0006254588388683283,0.007613371297192421,0.008281012740668956
0.017875469143623368,-0.007949201604598555,0.0007879500960399381,0.01708751904758343,0.017755160491059966
-0.006021179492104789,-0.0012851080682624305,0.0006870911477086651,-0.0067082706398134545,-0.0060406291963369186
0.018172603263691967,-0.0012649972997506032,0.0006867867775867307,0.017485816486105237,0.01815345792958177
0.0054536585592177556,-0.004359258971957769,0.0007336174495181699,0.004720041109699586,0.005387682553176122
-0.007889452854048518,0.012921249154708825,0.00047208242351914377,-0.008361535277567661,-0.007693893834091125
0.0014911856201220708,0.0017727951669590514,0.000640810749223622,0.0008503748708984488,0.0015180163143749847
0.0014887541955432848,0.005757654753379748,0.0005805011594883089,0.0009082530360549759,0.0015758944795315117
0.0019818908561106685,-0.0035111185091528663,0.0007207811118153331,0.0012611097442953353,0.001928751187771871
-0.0348659152944395,-0.0039062790518439305,0.0007267617416700198,-0.035592677036109514,-0.034925035592632984
0.004712001067761928,-0.002073092860288006,0.0006990170483568771,0.004012984019405051,0.004680625462881587
-0.0760813033058485,0.000745811250824957,0.0006563538260381417,-0.07673765713188664,-0.07607001568841011
-0.013536236382929445,0.0035365890047962534,0.000614116287240538,-0.014150352670169983,-0.013482711226693447
-0.0045740727957399585,0.008722529021144565,0.000535628725007802,-0.00510970152074776,-0.004442060077271224
-0.04595059193043749,-0.00222738052560012,0.0007013521433820323,-0.04665194407381952,-0.045984302630342984
0.012642987108623105,0.0013415471654707467,0.000647337551355512,0.011995649557267594,0.012663291000744129
0.013674123757024592,0.006438845522919845,0.000570191552599664,0.013103932204424929,0.013771573647901464
0.009384227618308705,-0.014754827521051062,0.0008909510921884464,0.008493276526120258,0.009160917969596795
0.013364251240762792,0.007082595157549276,0.0005604486054481355,0.012803802635314656,0.013471444078791193
0.019495465131832646,0.005709842747752214,0.0005812247790742148,0.018914240352758432,0.019581881796234966
0.016873004145586012,0.014847403800101189,0.00044293068205597123,0.01643007346353004,0.017097714907006577
-0.013827678414216726,0.005491862685268911,0.0005845238383895405,-0.014412202252606266,-0.013744560809129731
-0.022433942160036358,-0.006554750898592476,0.0007668455255622406,-0.0232007876855986,-0.022533146242122062
0.0011473749866044436,0.0004157884466327033,0.0006613486168187148,0.0004860263697857288,0.0011536678132622645
0.014326664882616358,0.0022756417379066196,0.0006332003253840967,0.013693464557232261,0.014361106000708796
0.010734535656105049,-0.0037534511943366766,0.000724448740374366,0.010010086915730682,0.010677728359207219
-0.0033540064700260386,-0.007190027975370938,0.0007764602432299143,-0.004130466713255953,-0.0034628252697794172
0.030846942881537665,0.008136379515524483,0.0005444999124212727,0.03030244296911639,0.030970084412592927
0.0005440733380053242,0.013935625421946263,0.0004567301594838435,8.734317852148073e-05,0.0007549846219980165
-0.023925982874404728,0.0003167233075522802,0.0006628479363719989,-0.024588830810776726,-0.02392118936730019
0.004456931801111841,-0.0030106116552376383,0.0007132060988532195,0.0037437257022586213,0.004411367145735157
0.002218539366142913,0.0036158389430824833,0.0006129168644852473,0.0016056225016576658,0.0022732639451342016
-0.013281923663306272,-0.0014888337468982327,0.0006901744714320261,-0.013972098134738297,-0.013304456691261762
0.009534713395873862,-0.025677883699462,0.0010562680933246043,0.008478445302549258,0.009146086746025793
0.01777781855339655,0.009760625975629766,0.0005199174558720391,0.017257901097524512,0.01792554254100105
0.013100068515953467,-0.019311475173124593,0.0009599145134847469,0.01214015400246872,0.012807795445945255
0.0021553369413132017,0.016051767614439383,0.00042470301657377655,0.0017306339247394253,0.002398275368215961
0.0059140186475203915,0.013898223484416938,0.0004572962259809883,0.005456722421539403,0.006124363865015939
-0.0037412658860649373,0.0010087690809532646,0.0006523740424325238,-0.004393639928497461,-0.0037259984850209252
-0.008583674052222379,0.010853322230420792,0.0005033798435917145,-0.009087053895814092,-0.008419412452337557
0.004328732884424813,0.003897495164625342,0.0006086540866384358,0.0037200787977863773,0.004387720241262913
0.0,0.007399348360373592,0.00055565464588811,-0.00055565464588811,0.00011198679758842576
0.009698343300626355,-0.0011135249921484514,0.0006844942921102343,0.009013849008516121,0.009681490451992656
0.01334054011303798,-0.00034518493235935477,0.0006728657082723008,0.01266767440476568,0.013335315848242215
-0.003686175657429014,0.0016624551635393559,0.000642480710283307,-0.004328656367712321,-0.003661014924235785
-0.003171048945847743,0.0047110331133788375,0.0005963414470436485,-0.0037673903928913915,-0.003099748949414856
0.00424166247621649,-0.0005692724183511411,0.0006762572015111181,0.003565405274705372,0.004233046718181908
-0.00211180011359835,-0.0003204020092266724,0.0006724906265676236,-0.0027842907401659737,-0.0021166492966894377
0.061904583585733475,-0.004415835627354592,0.0007344737193067481,0.06117010986642673,0.06183775130990326
-0.018435324177049073,-0.0018548966445751658,0.0006957147176307751,-0.019131038894679847,-0.018463397451203314
-0.004568487726517079,-0.0077328394581538396,0.0007846755233722339,-0.0053531632498893126,-0.004685521806412777
0.03008646387240188,0.0012563181187927874,0.0006486274660255786,0.029437836406376303,0.03010547784985284
-0.00891088299474152,0.01135161376597904,0.0004958383587723986,-0.00940672135351392,-0.008739079910037383
0.01848143607577102,-0.02447880752512621,0.0010381204546017714,0.017443315621169245,0.018110957064645782
0.006866294156517183,-0.004750214169902844,0.0007395344328099536,0.006126759723707229,0.006794401167183765
0.00438399307170112,0.023790763506800205,0.0003075757609931632,0.0040764173107079565,0.004744058754184492
-0.012609401578539181,-0.008080851690870694,0.0007899425784648516,-0.013399344157004032,-0.012731702713527497
0.004420598670221487,-0.01306622187199813,0.0008653945796663605,0.003555204090555127,0.004222845534031662
-0.013692022595827469,-0.013417213930100202,0.0008707067334738936,-0.014562729329301362,-0.013895087885824827
0.0,0.01949596819778221,0.00037257612988111146,-0.00037257612988111146,0.00029506531359542427
0.005949469961066267,-0.005359231030161227,0.0007487517104046863,0.005200718250661581,0.005868359694138117
0.008871424667030725,0.01415464230382213,0.00045341540823487774,0.008418009258795846,0.009085650702272383
0.004396639482206366,0.006030313342701321,0.0005763745579599063,0.0038202649242464596,0.004487906367722995
-0.005350162806537551,0.010395487004435822,0.0005103090349588637,-0.005860471841496414,-0.005192830398019878
-0.0014670024209815224,0.0010153984958789497,0.0006522737083339985,-0.0021192761293155208,-0.0014516346858389853
-0.0073459243141178465,0.006491921301497117,0.000569388267474691,-0.007915312581592537,-0.007247671138116002
-0.004933295961746298,-0.0015696837343783798,0.000691398110425894,-0.005624694072172192,-0.004957052628695656
-0.023301815471759246,0.00287938213053085,0.0006240629054584652,-0.023925878377217713,-0.023258236933741176
0.0,-0.014760539319459198,0.0008910375384511502,-0.0008910375384511502,-0.0002233960949746145
0.0,-0.0006027039747036333,0.0006767631775446784,-0.0006767631775446784,-9.12173406814268e-06
0.006091199562459959,0.007025118077311765,0.0005613185028819424,0.0055298810595780165,0.0061975225030545525
0.005673217597155222,-0.007630854183940605,0.0007831320084971293,0.004890085588658093,0.0055577270321346284
0.003589445570739258,-0.00546733601831495,0.0007503878452150846,0.0028390577255241736,0.003506699169000709
-0.02095030675812748,0.005240265846959469,0.0005883316769765894,-0.02153863843510407,-0.020870996991627533
-0.015657577956098345,0.016631202604519668,0.0004159334512297148,-0.01607351140732806,-0.015405869963851524
-0.014315988030646265,-0.0008680126852336212,0.0006807785409817728,-0.014996766571628038,-0.014329125128151501
0.002689488945248897,-0.0031578329337678124,0.0007154342463489856,0.0019740546988999113,0.002641696142376447
-0.00804704349230212,0.0036224990395776757,0.0006128160660308698,-0.00865985955833299,-0.007992218114856453
-0.00973502341790633,0.011825201774944727,0.0004886707540162322,-0.010223694171922561,-0.009556052728446026
-0.013653678681100123,0.014438226417743616,0.0004491234523465601,-0.014102802133446684,-0.013435160689970147
0.002768566512651116,-0.0009735307519511682,0.0006823755235542791,0.002086190989096837,0.002753832432573373
-0.022639506285936473,0.001475232784985625,0.0006453142617786526,-0.023284820547715124,-0.02261717910423859
-0.02881360248344289,0.0042206328286402695,0.0006037635002772053,-0.029417365983720096,-0.02874972454024356
-0.014543115356274394,0.007719934348738189,0.0005508026783309481,-0.015093918034605342,-0.014426276591128807
-0.0011809172429064763,-0.00019607884876882142,0.0006706090348479652,-0.0018515262777544414,-0.0011838848342779057
0.023640652454084865,0.0032944868090414303,0.0006177804274149492,0.023022872026669916,0.023690513470146453
-0.008083098516917575,-0.004087726727828533,0.0007295078948680768,-0.008812606411785651,-0.008144964968309116
0.0,0.01109419052516647,0.0004997343781188886,-0.0004997343781188886,0.0001679070653576472
0.02211869359850871,0.0036088195555097347,0.0006130231006964674,0.021505670497812244,0.022173311941288777
0.035307774034575745,-0.005306560094486046,0.0007479545524490158,0.034559819482126726,0.03522746092560326
-0.007700802527559447,-0.006802319771775922,0.0007705924021708437,-0.008471394929730291,-0.007803753486253755
-0.02051005955001939,0.009306055472153574,0.000526797236696399,-0.021036856786715786,-0.020369215343239253
-0.0147143124850031,-0.009210657476561801,0.0008070418317604531,-0.015521354316763554,-0.014853712873287017
-0.02642154697649135,0.010928696540176919,0.0005022390772486631,-0.026923786053740014,-0.026256144610263477
-0.004129771584224007,0.001782270924804541,0.0006406673366250852,-0.0047704389208490915,-0.0041027974773725565
0.008293875074476764,-0.00021489588801437698,0.0006708938247865617,0.007622981249690203,0.008290622693166739
0.039952975759686815,-0.0008455399168898481,0.0006804384227393011,0.039272537336947515,0.03994017878042405
-0.010734592154376887,0.006762806734045723,0.000565288502113334,-0.011299880656490222,-0.010632239213013686
-0.0057109814022680006,-0.007194706699326425,0.0007765310542374594,-0.00648751245650546,-0.005819871013028924
0.020677684950205055,0.002748090747253684,0.00062604995902698,0.020051634991178076,0.020719276434654613
-0.0011254538372926781,-0.006678337608227225,0.0007687159713315742,-0.0018941698086242524,-0.0012265283651477165
-0.006760560924097048,0.0007034637617677753,0.0006569947418937624,-0.00741755566599081,-0.0067499142225142745
0.0011344680375260374,0.008165456466051824,0.0005440598419698486,0.0005904081955561888,0.0012580496390327245
0.014164319459001318,0.007373341616968343,0.000556048249725612,0.013608271209275706,0.014275912652752241
0.016201281212508523,-0.010435647322188157,0.0008255816657037641,0.015375699546804759,0.016043340990281294
0.0027487054894324014,-0.00867391280271812,0.0007989183708529628,0.0019497871185794385,0.0026174285620559744
0.014802530826820925,-0.021449400664502738,0.0009922713397350535,0.013810259487085872,0.014477900930562407
0.012425545560370566,0.012173141406923493,0.0004834047977128274,0.011942140762657738,0.012609782206134275
0.005870139854480927,0.014917956876899785,0.0004418628835491462,0.00542827697093178,0.006095918414408316
0.021220146542386686,-0.0025300521932207776,0.0007059329833596589,0.020514213559027026,0.021181855002503563
0.01194781578518822,-0.008517292959364653,0.0007965479790506406,0.01115126780613758,0.011818909249614115
-0.017453688145216195,-0.002943411456817757,0.0007121890451003984,-0.018165877190316593,-0.01749823574684006
0.04963430408683411,0.010554741756143349,0.000507898764651822,0.04912640532218229,0.04979404676565883
0.02986572530144538,-0.0007838806801412357,0.0006795052296891937,0.029186220071756183,0.02985386151523272
-0.014500044817019941,0.009911292190138532,0.0005176371703596057,-0.015017681987379548,-0.01435004054390301
-0.003923357500205449,-0.0021252837802967495,0.0006998069414272281,-0.004623164441632677,-0.0039555229981561415
0.0029541749931234484,0.0018768165702687245,0.000639236418178514,0.0023149385749449344,0.00298258001842147
-0.009327421769565025,0.0011653145418315525,0.000650004776385442,-0.009977426545950466,-0.009309785102473931
-0.0014866702233369278,0.0007688818911402162,0.0006560046591924427,-0.0021426748825293706,-0.0014750334390528346
0.002977767404806597,-0.0004923335226864056,0.0006750927556550984,0.002302674649151499,0.0029703160926280348
-0.0004948882816744327,0.0014469348384307246,0.000645742542251293,-0.0011406308239257255,-0.00047298938044918994
0.0,-0.0036287033416374515,0.000722560721071932,-0.000722560721071932,-5.4919277595396255e-05
0.00198026443089816,0.008834095710505974,0.0005339401984442957,0.001446324232453864,0.0021139656759304
0.012845810232364085,-0.0007967387044511831,0.0006796998318211189,0.012166110400542966,0.012833751844019503
0.0009756424491618176,0.00017502486450582388,0.0006649924974991678,0.0003106499516626498,0.0009782913951391855
-0.0058480828310460975,-0.0018238673194856947,0.0006952450986077393,-0.006543327929653836,-0.005875686486177301
-0.001960717110554344,0.004652243012262192,0.0005972312166332534,-0.0025579483271875973,-0.0018903068837110618
-0.0009823512188337213,0.0019484346695590737,0.0006381525008930612,-0.0016205037197267826,-0.0009528622762502468
-0.0004916585908328885,0.0018152018730952513,0.0006401689371362361,-0.0011318275279691248,-0.00046418608449258893
-0.003934869603978597,-0.0020116937805257917,0.0006980877927004912,-0.004632957396679088,-0.003965315953202552
0.006619154161011442,-0.005390124612855707,0.0007492192750094989,0.005869934886001944,0.006537576329478479
-0.01618621506940565,-0.00043571559205179966,0.0006742358611788484,-0.0168604509305845,-0.016192809487107964
-0.016966622222538308,-0.013124468779900589,0.000866276128198439,-0.01783289835073675,-0.01716525690726021
-0.009414261743637797,0.014002289962720793,0.00045572121274009726,-0.009869982956377895,-0.00920234151290136
0.007391946333827448,0.005124491902218642,0.0005900838790198311,0.0068018624548076174,0.0074695038982841525
-0.012054497752609028,-0.0010832833431588806,0.0006840365943158891,-0.012738534346924917,-0.012070892903448382
0.014323450117825098,0.005811249724885448,0.0005796900165425451,0.013743760101282552,0.01441140154475909
-0.007322218882170883,0.0033305973193167304,0.0006172339062609147,-0.007939452788431799,-0.007271811344955263
0.00684946474746706,0.0023149642620619026,0.000632605191415702,0.006216859556051358,0.006884500999527894
-0.0010467064953957328,0.00027733619326086867,0.0006634440478916789,-0.0017101505432874117,-0.001042509099810876
0.006809927830491391,0.0013281596467464851,0.0006475401672179594,0.006162387663273432,0.006830029106749968
-0.01768998034553193,0.0052216268542757405,0.0005886137722367752,-0.018278594117768707,-0.01761095267429217
0.009004240760483118,0.007500081663913916,0.0005541300791932376,0.00845011068128988,0.009117752124766416
-0.017847775850171943,-0.0020218560598241897,0.0006982415955841237,-0.018546017445756065,-0.017878376002279532
0.001603309480744386,0.003358975310182588,0.0006168044143429398,0.0009865050664014461,0.0016541465098779819
0.007470766344993329,-0.008561024934316985,0.0007972098486624779,0.006673556496330851,0.007341197939807387
0.005826215998280482,0.011277947808795874,0.0004969532697394791,0.005329262728541003,0.005996904172017538
0.014744759830550569,0.0034511743312370946,0.000615409011314752,0.014129350819235817,0.014796992262712352
-0.01816298492605295,-0.0035168126585656267,0.000720867290966073,-0.018883852217019024,-0.018216210773542487
0.010042352047085146,0.0011649345752446916,0.0006500105270595799,0.009392341520025566,0.010059982963502101
-0.004186343660111724,-0.0032622408541723713,0.000717014427208099,-0.004903358087319823,-0.004235716643843287
0.007882228434960892,-0.007538854211077806,0.0007817396180003792,0.0071004888169605125,0.0077681302604370485
-0.00625656395150942,-0.015869512427409305,0.0009078214957569184,-0.007164385447266338,-0.006496744003789802
0.0057712632952697795,0.015162609437855634,0.0004381601444039022,0.005333103150865878,0.0060007445943424135
0.008868095223016681,0.008241819990835397,0.0005429041041701695,0.008325191118846512,0.008992832562323047
0.008790143394371563,0.0020166699583279435,0.0006371197813751277,0.008153023612996435,0.008820665056472972
-0.00820096048282104,0.010145452020822843,0.0005140932353689763,-0.008715053718190017,-0.008047412274713481
0.021188724914786405,0.0023821998626283314,0.0006315876018625878,0.02055713731292382,0.021224778756400352
0.004554672495851397,-0.0047124448070912095,0.0007389628054473494,0.0038157096904040478,0.004483351133880584
-0.004534021512771713,-0.0001862618826539153,0.0006704604581701688,-0.005204481970941882,-0.004536840527465346
0.005060643560810263,0.004206152980007483,0.0006039826482073981,0.004456660912602865,0.0051243023560794
0.002517581199319885,-0.0054060480514769305,0.0007494602712176699,0.001768120928102215,0.0024357623715787506
-0.004018001014899908,-0.001842805614891363,0.0006955317237199751,-0.0047135327386198834,-0.0040458912951433475
0.01613704111063341,0.0082034265474622,0.0005434851767947243,0.015593555933838685,0.016261197377315222
0.003970209444950301,-0.004632387901412294,0.0007377511694957522,0.003232458275454549,0.0039000997189310846
-0.013840717164526395,0.006005446813494242,0.0005767509050160813,-0.014417468069542477,-0.01374982662606594
0.007518802947538594,0.001675266241764728,0.0006422868186655264,0.006876516128873068,0.007544157572349604
0.003482476252866018,-0.0009399082741974318,0.0006818666579856848,0.0028006095948803333,0.003468251038356869
0.010411433226967137,0.0009926793341701323,0.0006526175556621349,0.009758815671305002,0.010426457114781539
-0.010794859992903416,0.0012757437876824707,0.000648333464669781,-0.011443193457573197,-0.010775552014096662
0.00694448571950157,0.004146380281677686,0.0006048872890951039,0.006339598430406466,0.007007239873883002
0.01034475891990927,0.001607306655808216,0.0006433153655085786,0.00970144355440069,0.010369084997877226
0.002925520594556863,0.002620850702215849,0.0006279756968723697,0.002297544897684493,0.002965186341161029
0.004861495452998188,-0.00706069881494753,0.0007745028872837906,0.004086992565714397,0.004754634009190933
-0.0029026197664298037,-0.010748470745585936,0.0008303161492948564,-0.00373293591572466,-0.0030652944722481244
-0.0019409898454050278,0.0012566922329095842,0.0006486218039267245,-0.0025896116493317523,-0.0019219702058552166
-0.018473375461258268,0.008141567655737925,0.0005444213915597527,-0.01901779685281802,-0.018350155409341484
-0.003962473436988856,0.00852379036424833,0.0005386365717341467,-0.004501110008723002,-0.003833468565246467
0.011934252950088098,0.0014957363013194946,0.0006450039475426276,0.01128924900254547,0.011956890446022005
0.007371078911677209,0.002220118224179668,0.0006340406562065293,0.00673703825547068,0.007404679698947215
-0.004390324739639184,-0.005824918819612557,0.0007557997478367359,-0.00514612448747592,-0.004478483043999384
0.003919569188670202,0.008807632480425154,0.0005343407110632809,0.0033852284776069216,0.004052869921083457
0.006344890359556654,0.004306570844779589,0.0006024628555785337,0.00574242750397812,0.006410068947454656
0.013578935316196139,-0.0013491160395050494,0.0006880598881126148,0.012890875428083525,0.01355851687156006
-0.02296655070555076,0.0003116886257619189,0.0006629241346888127,-0.02362947484023957,-0.022961833396763037
0.013712062865004482,0.002842638410522902,0.0006246190100415677,0.013087443854962914,0.01375508529843945
0.006280202670738255,-0.0003350311257153127,0.0006727120336196127,0.005607490637118642,0.006275132080595178
0.0024002174545179056,-0.003395574405981705,0.000719032388351567,0.0016811850661663384,0.0023488265096428744
-0.0009575988956554982,-0.001318566739775151,0.000687597534121601,-0.0016451964297770991,-0.0009775549863005634
-0.000958832383285535,-0.004605608657393345,0.0007373458741057444,-0.0016961782573912793,-0.0010285368139147436
-0.0038387577679779294,-0.007722578759925436,0.0007845202309492181,-0.004623277998927148,-0.003955636555450612
-0.0019267753076686045,0.0022764876184568905,0.0006331875232494554,-0.00255996283091806,-0.0018923213874415242
0.0038609263261795146,-0.00574663850657553,0.0007546150000529738,0.0031063113261265408,0.0037739527696030763
-0.013461554044233326,0.008473996979569742,0.0005393901788654323,-0.014000944223098758,-0.013333302779622223
0.002436670658161555,-0.0015511404489350067,0.0006911174636645261,0.0017455531944970287,0.0024131946379735646
-0.001944572576188075,-0.009110872450405094,0.0008055316169439145,-0.0027501041931319893,-0.002082462749655454
-0.030686786777772923,-0.01697731100841482,0.0009245876769687928,-0.031611374454741714,-0.03094373301126518
-0.04020112605553228,-0.0008123585165593639,0.0006799362327380287,-0.040881062288270306,-0.04021342084479377
0.024607279492083745,0.009519611195260236,0.0005235651383584599,0.024083714353725284,0.02475135579720182
0.018395709950831396,0.012134715784494876,0.0004839863573572101,0.017911723593474187,0.01857936503695072
-0.035624723298453564,0.001461009046688222,0.0006455295335599073,-0.036270252832013475,-0.03560261138853694
0.02185222791400321,-0.0027763826213396126,0.0007096611164938342,0.021142566797509373,0.02181020824098591
-0.0198573297270096,-0.020364110556098214,0.0009758458171382932,-0.020833175544147892,-0.020165534100671356
0.012986999661957599,0.0015691842194003325,0.000643892336528412,0.012343107325429186,0.013010748768905723
0.01751571593824397,-0.011909714125195148,0.0008478912006331112,0.01666782473761086,0.017335466181087396
-0.033907049202901995,0.01149147763018199,0.0004937215634158897,-0.03440077076631789,-0.03373312932284135
-0.012418918834446457,-0.012985898136748442,0.0008641789053335875,-0.013283097739780045,-0.012615456296303508
0.0180424326443136,0.010524514660609219,0.0005083562421842213,0.017534076402129378,0.018201717845605914
0.00805594657098907,0.004102792854185466,0.0006055469710268416,0.007450399599962228,0.008118041043438764
0.009589880321693167,0.008298280656405366,0.0005420495898509421,0.009047830731842225,0.00971547217531876
0.011609316589010543,-0.0019137230947889883,0.0006966050373524713,0.010912711551658072,0.011580352995134607
-0.009911322955326374,-0.006865763848056816,0.0007715526082028644,-0.010682875563529239,-0.010015234120052702
0.0047418879639320455,-0.0024167805585421087,0.0007042186529879193,0.004037669310944126,0.004705310754420662
0.0,0.00302251448379387,0.0006218966425536042,-0.0006218966425536042,4.5744800922931466e-05
-0.004719508582986642,0.01706310194558336,0.0004093967912793199,-0.005128905374265962,-0.0044612639307894265
-0.014225462810973144,0.007460210377712606,0.0005547335185016676,-0.014780196329474811,-0.014112554885998276
0.004810180960416632,0.00337476955709759,0.0006165653734103891,0.0041936155870062435,0.004861257030482779
-0.018616942629739452,0.007393339551406308,0.0005557455873117049,-0.01917268821705116,-0.01850504677357462
0.005420070270742983,0.0036640298040166996,0.0006121875110440775,0.004807882759698905,0.005475524203175441
0.0053908514769187565,0.002995871849622578,0.000622299870396767,0.00476855160652199,0.005436193049998525
0.01072396025750666,-0.0010725536274130976,0.000683874203461062,0.010040086054045598,0.010707727497522133
-0.0021221974019499656,0.004748196569493546,0.0005957789898873004,-0.002717976391837266,-0.0020503349483607302
0.0026583038364522693,0.0018197952535197182,0.0006400994177760454,0.002018204418676224,0.00268584586215276
-0.013255537974950382,-0.005051568068462853,0.0007440953287695566,-0.013999633303719939,-0.013331991860243402
0.006448014103941357,0.009829281576461124,0.0005188783750639522,0.005929135728877405,0.006596777172353941
-0.0037373852634610127,0.001949334719149265,0.0006381388789271302,-0.004375524142388143,-0.0037078826989116074
0.005359141277496038,0.0018000771431341267,0.0006403978451414067,0.004718743432354631,0.005386384875831166
-0.006396593835991116,0.0036803630854131963,0.0006119403119951045,-0.00700853414798622,-0.006340892704509685
-0.007510724560925053,0.006461279195357994,0.000569852026061361,-0.008080576586986413,-0.007412935143509878
0.0010811392905836215,0.004181942361150437,0.0006043490682678394,0.00047679022231578204,0.0011444316657923178
0.006479417994037506,0.003732799652949259,0.0006111467011271069,0.0058682712929103995,0.006535912736386935
0.0059013323332499645,0.0008877879113036169,0.0006542050541781152,0.00524712727907185,0.005914768722548385
-0.0037333306555541457,-0.003498775895770745,0.0007205943102648158,-0.004453924965818961,-0.003786283522342426
-0.02087784173290952,-0.008225823395229703,0.0007921366793669048,-0.021669978412276424,-0.021002336968799887
0.002186826637022854,0.0005509400447352153,0.000659303140119508,0.001527523496903346,0.0021951649403798815
-0.012547648298007585,0.007222656026415475,0.0005583288284883457,-0.013105977126495931,-0.012438335683019396
0.0375691128081983,-1.0739820344718431e-05,0.0006678039872612724,0.03690130882093703,0.037568950264413564
-0.013844581739873574,0.003865229864862485,0.0006091424117473094,-0.014453724151620884,-0.013786082708144347
0.008099375530171482,-0.002601625374463401,0.0007070162208246637,0.007392359309346818,0.008060000752823353
0.0010711585915708088,0.0033847802152713324,0.0006164138652645321,0.0004547447263062767,0.0011223861697828125
-0.002675235297232681,-0.001398665559303236,0.0006888098044260512,-0.003364045101658732,-0.0026964036581821962
0.0059013323332499645,-0.0031971365563219223,0.0007160290942476237,0.005185303239002341,0.005852944682478877
-0.0010667240579859127,0.001657132912945114,0.0006425612608630315,-0.0017092853188489443,-0.0010416438753724085
-0.01227974727736314,0.0022938506357221833,0.0006329247394737346,-0.012912672016836874,-0.012245030573360339
0.010270273132423124,-0.022724822637582465,0.001011574447979561,0.009258698684443564,0.009926340127920099
0.0074907677393700745,0.013200199537034996,0.00046786059769322777,0.007022907141676847,0.0076905485851533825
0.001593152787277674,-0.01896131033450521,0.0009546148793824984,0.0006385379078951757,0.0013061793513717114
-0.004241739774350828,-0.011815187417889228,0.0008464605688095765,-0.005088200343160404,-0.004420558899683869
0.0,0.01419443613158311,0.00045281314123544797,-0.00045281314123544797,0.00021482830224108773
-0.006389984124957282,-0.008448563730297565,0.0007955077839024889,-0.007185491908859771,-0.006517850465383235
-0.006966604137556787,0.011730872577451423,0.00049009839659121,-0.007456702534147997,-0.006789061090671461
0.009713881632470889,0.020707080374404274,0.0003542463300697393,0.009359635302401149,0.010027276745877686
0.0032068779658640523,0.0030852853123166657,0.0006209466259135059,0.0025859313399505465,0.003253572783427082
0.0021309715545356767,-0.007181080169894716,0.0007763248210235356,0.001354646733512141,0.002022288176988677
0.005848065542051861,0.009549073338481762,0.0005231192381374161,0.005324946303914445,0.0059925877473909804
0.010042285572583243,-0.009136167611567658,0.0008059144512091924,0.00923637112137405,0.009904012564850587
0.01831493833231579,-0.0074706775774360246,0.0007807077862092461,0.017534230546106543,0.01820187198958308
0.009249849084919326,0.016348464630746795,0.0004202126010544523,0.008829636483864874,0.009497277927341409
0.012219838952456374,-0.008743415379980468,0.0007999702703814991,0.011419868682074875,0.01208751012555141
-0.005030068166113955,-0.010287680637092622,0.000823342236715346,-0.005853410402829301,-0.005185768959352765
-0.0035388612279910747,-0.01138805785140995,0.0008399960978892032,-0.0043788573258802775,-0.0037112158824037424
0.01471329452361636,0.017777934551572505,0.0003985780258343488,0.014314716497782012,0.014982357941258547
0.002999906813462516,0.010180197220578835,0.0005135673777579087,0.0024863394357046075,0.0031539808791811435
-0.006480526742327797,0.006223699921661829,0.0005734477132406674,-0.007053974455568464,-0.006386333012091928
0.007526428032960331,0.01383893524747526,0.00045819353469878294,0.007068234498261548,0.007735875941738083
-0.0059762266187871615,-0.0010101548486260992,0.0006829298176760641,-0.006659156436463226,-0.00599151499298669
-0.004672743812808244,0.0014018951394270118,0.0006464242038531151,-0.00531916801666136,-0.004651526573184824
-0.0036516105475543625,-0.0029897555945093135,0.0007128904489692671,-0.0043645009965236296,-0.003696859553047094
-0.0010472787719195686,-0.0026261799136575448,0.0007073878460106513,-0.0017546666179302198,-0.0010870251744536843
-0.007337414593005076,0.006374052530970564,0.0005711721740437672,-0.007908586767048843,-0.007240945323572307
0.01425559388661557,-0.000629621957060511,0.0006771705726955585,0.01357842331392001,0.014246064757396548
0.018219524964596667,-0.019392757790687165,0.0009611447001981046,0.017258380264398562,0.0179260217078751
-0.0010225241491548243,-0.0009637690162076495,0.0006822277827706885,-0.001704751931925513,-0.001037110488448977
0.00921188568398712,-0.004050216740091761,0.0007289401930652102,0.00848294549092191,0.009150586934398446
-0.006085117948103735,-0.0014410312534549607,0.000689450995810021,-0.006774568943913756,-0.006106927500437221
0.004591873929489676,0.009159984668711818,0.0005290079721155088,0.0040628659573741675,0.004730507400850703
0.0066023063215518984,0.002817754443029452,0.0006249956210206925,0.0059773107005312055,0.0066449521440077415
-0.00554989123555949,-0.0142436152864307,0.0008832140566746507,-0.00643310529223414,-0.005765463848757604
0.004059031305729821,0.0008199802697488323,0.0006552313013906955,0.0034038000043391256,0.004071441447815662
0.00303179605181092,-0.018387945694007368,0.0009459371868597813,0.002085858864951139,0.0027535003084276743
0.00554131686994408,-0.009689541868338813,0.0008142895955956297,0.00472702727434845,0.005394668717824985
0.005010101815202672,-0.01103737849414832,0.0008346886767100071,0.004175413138492665,0.0048430545819692005
0.0024925017194044052,-0.018914821867908604,0.0009539112911412917,0.0015385904282631136,0.002206231871739649
-0.0004973097538393256,0.002771738943381896,0.0006256920510566885,-0.0011230018048960142,-0.00045536036141947836
0.007960182232841673,-0.012171906253646725,0.0008518593955859843,0.007108322837255689,0.007775964280732224
0.008391067147986542,-0.0014966358477518371,0.0006902925537612399,0.007700774594225301,0.008368416037701838
-0.002936820946154217,-0.00538408875771057,0.0007491279242505548,-0.0036859488704047722,-0.0030183074269282363
-0.009327496426558834,0.024347646888076113,0.00029914750711701314,-0.009626643933675847,-0.008959002490199312
-0.0009911084921628843,0.018885951732779516,0.00038180853617755117,-0.0013729170283404354,-0.0007052755848638997
0.0059523070137046385,0.00686300355780145,0.0005637720548703542,0.005388534958834284,0.00605617640231082
-0.003944885879049398,0.00942251544733641,0.0005250346517993561,-0.004469920530848754,-0.0038022790873722184
0.013366628871709363,-0.024391082077444004,0.0010367927576919256,0.012329836114017438,0.012997477557493973
0.0009769473761727099,0.0051569298644233985,0.0005895929407194994,0.0003873544354532105,0.0010549958789297462
0.01708148054156,-0.0037017126347429485,0.0007236656936358494,0.016357814847924153,0.017025456291400686
0.006717982906341291,0.008401207191663262,0.0005404918292875751,0.006177491077053716,0.006845132520530252
-0.0009534914309814457,0.014517207887505545,0.0004479280927774887,-0.0014014195237589343,-0.0007337780802823987
-0.004293869434883746,-0.01811572566845976,0.0009418172228554137,-0.00523568665773916,-0.004568045214262624
-0.0019165638311513522,-0.01896945434456343,0.0009547381363994044,-0.0028713019675507567,-0.0022036605240742207
-0.015842426362551842,-0.0038405967262932217,0.0007257676604430868,-0.01656819402299493,-0.015900552579518393
-0.01707326610279336,0.01576672117072042,0.0004290171043611563,-0.017502283207154516,-0.016834641763677983
-0.0034739529678526893,0.0008812077558950637,0.0006543046427494256,-0.004128257610602115,-0.003460616167125579
-0.0024901413437801168,-0.021173138152195015,0.0009880901939718998,-0.0034782315377520166,-0.0028105900942754806
-0.00848699081625004,-0.0071661613961429005,0.0007760990301004647,-0.009263089846350504,-0.008595448402873969
0.00302110994158844,-0.010142945264832837,0.0008211517126248809,0.002199958228963559,0.002867599672440095
-0.009538207305091029,-0.018412122845487655,0.0009463031004020585,-0.010484510405493088,-0.009816868962016551
-0.02078066083694796,0.014956856067329216,0.00044127415660282437,-0.021221934993550785,-0.02055429355007425
-0.0010352897581861198,0.022372677655603468,0.00032903804191933945,-0.0013643278001054591,-0.0006966863566289235
0.0010363626938687531,-0.002442603440647617,0.000704609474142791,0.0003317532197259621,0.0009993946632024977
0.002588097319270455,-0.015473503680411893,0.0009018280285982771,0.0016862692906721777,0.0023539107341487135
0.0015485456219221927,0.018642691757321028,0.0003854901989816605,0.001163055422940532,0.001830696866417068
-0.003608002831225532,-0.005254666430088317,0.0007471691582483383,-0.004355171989473871,-0.0036875305459973346
0.006207762281163376,-0.007934042550334475,0.0007877206685472963,0.00542004161261608,0.006087683056092615
-0.0020564247922415513,-0.029518158313449172,0.0011143894352232627,-0.003170814227464814,-0.0025031727839882785
-0.0030912781798729805,-0.00723375351819977,0.0007771220154935963,-0.003868400195366577,-0.0032007587518900413
-0.0010334309520626528,0.02569824789143582,0.0002787065880225739,-0.0013121375400852267,-0.0006444960966086909
-0.0005174405338705945,-0.004291813651667864,0.0007325966859233591,-0.0012500372197939537,-0.0005823957763174179
-0.0020702618258855443,-0.012961545123475138,0.0008638103301786845,-0.0029340721560642286,-0.002266430712587693
-0.014004260535746549,-0.007421002465963666,0.0007799559691055361,-0.014784216504852085,-0.01411657506137555
0.005786625451091432,0.021408574170870942,0.0003436294432888495,0.005442996007802582,0.006110637451279118
-0.002615297309579212,0.02238376135718223,0.00032887029360086876,-0.0029441676031800807,-0.002276526159703545
-0.00367056643698227,0.01234781757145198,0.0004807611291993495,-0.00415132756618162,-0.0034836861227050837
0.004736815241851211,0.011662294827948783,0.0004911362991440551,0.004245678942707156,0.0049133203861836915
0.003666720553093583,-0.00043466036210393355,0.0006742198906072756,0.0029925006624863075,0.003660142105962843
0.016179394381739653,0.0113041136006502,0.0004965572587539949,0.015682837122985658,0.016350478566462195
-0.0005134678117973968,-0.012272698789159042,0.0008533848587380223,-0.001366852670535419,-0.0006992112270588833
-0.003083335793491959,0.01434391292056647,0.0004505508573022177,-0.0035338866507941768,-0.0028662452073176413
0.0025773618260518383,0.005066170567449069,0.0005909665539790079,0.0019863952720728306,0.002654036715549366
0.0015425552695325084,0.007144955276586762,0.0005595048047662213,0.0009830504647662872,0.0016506919082428229
-0.0005135822011944624,0.012256547427530462,0.0004821424739658621,-0.0009957246751603245,-0.00032808323168378875
0.009067019402576593,-0.0062937001746978805,0.0007628946054063987,0.008304124797170194,0.008971766240646729
0.005813894638975414,-0.015652540713177343,0.0009045376974735136,0.004909356941501901,0.005576998384978436
-0.007356979492458504,0.0034102225843584133,0.0006160288030538672,-0.007973008295512372,-0.007305366852035836
0.001058938524428843,0.008090938687879357,0.0005451876449782365,0.0005137508794506064,0.0011813923229271421
0.008989799407731702,-0.012551720801807331,0.0008576077686662124,0.00813219163906549,0.008799833082542025
-0.014674968890823092,-0.009716916613271898,0.0008147039037036618,-0.015489672794526755,-0.014822031351050218
0.0063831035486900944,0.004253385628492534,0.0006032677970086375,0.005779835751681457,0.006447477195157993
0.014270593623454175,-0.002651026482054286,0.0007077638909662739,0.013562829732487902,0.014230471175964437
0.0005209762714621924,-0.01687729010355421,0.000923073892202661,-0.0004020976207404686,0.00026554382273606713
-0.023437512506586433,-0.003417447717741773,0.0007193634340082063,-0.024156875940594638,-0.023489234497118105
-0.02399995006551703,0.011174577597236057,0.0004985177452033748,-0.024498467810720403,-0.023830826367243867
-0.008196703837985875,-0.01214413784439794,0.00085143912949302,-0.009048142967478894,-0.00838050152400236
0.0016530713812246134,-0.0002048682840329885,0.0006707420601712648,0.0009823293210533485,0.0016499707645298842
0.014301284140012749,0.016057604355527166,0.00042461467934312605,0.013876669460669623,0.014544310904146159
0.0005422938909782626,-0.0006184750715809706,0.0006770018681087297,-0.0001347079771304671,0.0005329334663460686
-0.0037941919952391157,-0.014752948498371943,0.0008909226537743885,-0.004685114649013504,-0.004017473205536968
0.009793220852653217,-0.027740054250753654,0.0010874783925121736,0.008705742460141044,0.009373383903617579
-0.013469821992388553,0.005697936985382235,0.0005814049690228059,-0.014051226961411359,-0.013383585517934823
-0.002730656686325439,-0.028146308431003852,0.001093626921063252,-0.003824283607388691,-0.003156642163912155
0.011500562465234232,0.0020980468517017847,0.0006358881678271785,0.010864674297407053,0.011532315740883588
0.0059556722255971195,0.02474690007293945,0.00029310493641723773,0.005662567289179882,0.006330208732656418
-0.019375796113502708,-0.036284507106413955,0.0012167959845281232,-0.02059259209803083,-0.019924950654554296
-0.008232564697204903,0.005675242812353654,0.0005817484381551688,-0.008814313135360071,-0.008146671691883536
0.0011066648688924374,0.004837126381486367,0.0005944330653044614,0.000512231803587976,0.0011798732470645118
-0.009950215268986096,0.02986242108440229,0.00021568314355531817,-0.010165898412541414,-0.009498256969064879
0.010608756836534283,-0.035649708609806985,0.0012071885100200068,0.009401568326514276,0.010069209769990812
-0.008287470172481104,-0.0056742248424840325,0.0007535190421458317,-0.009040989214626935,-0.0083733477711504
-0.001671358430185177,-0.03203710063235676,0.0011525128306718562,-0.0028238712608570334,-0.0021562298173804974
-0.012834760392693711,0.0024578974498534745,0.0006304419428172707,-0.013465202335510983,-0.012797560892034446
0.013001633240043331,-0.01646320750393837,0.0009168068830000119,0.012084826357043318,0.012752467800519855
0.00892868098392241,-0.0012959645058717717,0.0006872554564588247,0.008241425527463585,0.008909066970940122
0.028761035763966714,0.02386969542307149,0.0003063811514005027,0.028454654612566212,0.029122296056042746
0.021505479538858063,-0.003946400929555671,0.0007273689736017172,0.020778110565256348,0.02144575200873288
0.02421034450533477,0.020169632234863677,0.0003623804377081003,0.023847964067626667,0.024515605511103204
-0.0010276175559310596,-0.04039526078745259,0.0012790109415748417,-0.0023066284975059013,-0.0016389870540293656
-0.0005144589415245759,-0.005833781800992588,0.000755933886257242,-0.0012703928277818179,-0.0006027513843052823
-0.011837368469373888,0.00014614176965843662,0.0006654296340061776,-0.012502798103380066,-0.011835156659903529
0.002604140691448542,0.018555039930923556,0.00038681678165664274,0.002217323909791899,0.002884965353268435
0.004675462395394847,-0.008120797617175213,0.0007905471474276407,0.0038849152479672063,0.004552556691443742
0.0031021638251305106,0.009450764734207695,0.0005246071077756398,0.0025775567173548708,0.0032451981608314063
-0.0005153369567588717,0.019883256167224195,0.00036671464893305917,-0.0008820516056919309,-0.00021441016221539514
-0.002578562037389598,0.02474226295510973,0.00029317511772922617,-0.002871737155118824,-0.002204095711642288
0.0031021638251305106,-0.006274368617659065,0.0007626020284037036,0.002339561796726807,0.003007203240203343
0.0005155807013286218,-0.007482768681131846,0.0007808907812401945,-0.00026531007991157274,0.000402331363564963
0.008758345396024936,0.018431018038486124,0.00038869381378008,0.008369651582244855,0.009037293025721392
-0.0010215610358265126,-0.016347313992415624,0.0009150528713513355,-0.001936613907177848,-0.0012689724637013123
0.0035788781640866407,0.003137400778913113,0.0006201578748066897,0.002958720289279951,0.003626361732756487
0.003056515546983052,0.009523393173235029,0.0005235078993177607,0.002533007647665291,0.003200649091141827
-0.00558659653911997,-0.010793945785935621,0.0008310043996502849,-0.006417600938770255,-0.005749959495293719
-0.0030644416036890165,-0.02379869397635359,0.0010278271511088,-0.004092268754797817,-0.003424627311321281
-0.007684289810927392,-0.029110303335524668,0.0011082166791055933,-0.008792506490032985,-0.00812486504655645
0.007227599315408284,-0.038768430665237275,0.0012543893821165865,0.0059732099332916976,0.0066408513767682335
0.0010251051387168975,-0.0037736797459957394,0.000724754893106988,0.0003003502456099095,0.0009679916890864452
0.001536022530913117,0.014592504858983224,0.00044678849692482544,0.0010892340339882915,0.0017568754774648272
-0.0020449696291550135,-0.03251195148816344,0.0011596995482156195,-0.003204669177370633,-0.0025370277338940973
0.0,0.002200865698254617,0.0006343320370983091,-0.0006343320370983091,3.3309406378226665e-05
0.007172181470701755,0.024477242280086964,0.00029718612184000224,0.006874995348861753,0.007542636792338289
0.0050865397849826355,-0.0013015723144006452,0.0006873403288675899,0.004399199456115045,0.005066840899591581
0.004048602372781485,0.009532217409177868,0.0005233743472971942,0.0035252280254842905,0.004192869468960826
0.0020161088503340974,0.03056329358583576,0.0002050756598782879,0.0018110331904558094,0.002478674633932345
0.0025151248821109196,-0.0029730715337762392,0.0007126379409859596,0.00180248694112496,0.0024701283846014954
0.008529828300162912,-0.020143036075892073,0.0009724999247892592,0.007557328375373653,0.008224969818850188
-0.0019900298539766714,-0.0007117454091590814,0.0006784134851737271,-0.0026684433391503987,-0.0020008018956738627
0.0034895553778189203,-0.008759278267998716,0.0008002103501754416,0.0026893450276434788,0.0033569864711200147
0.01293318153752332,0.010553814029047315,0.0005079128055080517,0.012425268732015268,0.013092910175491804
-0.0035750632842554975,0.0015841285142366157,0.0006436661593517979,-0.004218729443607295,-0.0035510880001307595
-0.0010252112359893095,0.0035731642904301975,0.0006135627318584232,-0.0016387739678477326,-0.000971132524371197
0.0,0.014964587965241805,0.00044115713677292303,-0.00044115713677292303,0.00022648430670361267
0.004104704025526873,-0.000830271529819071,0.0006802073405292035,0.0034244966849976697,0.004092138128474205
0.005110108404184022,-0.011527461422777274,0.0008421059268592003,0.004268002477324821,0.004935643920801357
0.0061005380301959455,-0.009243878717321574,0.0008075446247340244,0.005292993405461921,0.005960634848938457
-0.005053070664519099,-0.0044569025122100925,0.0007350952536227332,-0.005788165918141832,-0.005120524474665297
-0.0030471711362430876,-0.00299863390215227,0.0007130248193479162,-0.003760195955591004,-0.003092554512114468
-0.002547244126817727,0.01920124935943668,0.0003770366063025285,-0.0029242807331202555,-0.00225663928964372
0.01889686246221811,-0.008363571580831342,0.0007942214545968095,0.018102641007621302,0.01877028245109784
0.0030076863348116323,0.02762829164595959,0.00024949598612252416,0.002758190348689108,0.0034258317921656437
0.0014991634502294904,0.005895806193263242,0.0005784102811323666,0.0009207531690971237,0.0015883946125736595
-0.005489081824150199,0.00986137270919718,0.0005183926859179536,-0.006007474510068153,-0.005339833066591617
0.005017575068828384,-0.00933246697634671,0.0008088853800207044,0.004208689688807679,0.004876331132284215
-0.005491595814739569,0.0013151670479691902,0.0006477368060918922,-0.006139332620831462,-0.005471691177354926
-0.0020082195674668846,-0.01154320266205866,0.0008423441655379786,-0.002850563733004863,-0.0021829222895283274
-0.010060275314255795,0.026156273782937722,0.0002717745109931189,-0.010332049825248914,-0.009664408381772379
0.0005080621995494639,0.012133338697180918,0.0004840071991382399,2.4055000411223938e-05,0.0006916964438877597
0.0025392516275908328,0.014207760082581844,0.000452611487450425,0.002086640140140408,0.0027542815836169438
-0.0035458562132878457,-0.0028230841271976725,0.000710367929016895,-0.00425622414230474,-0.003588582698828205
0.010675999264066371,-0.006662395550704803,0.0007684746933322212,0.00990752457073415,0.010575166014210685
0.0010061303143180655,0.015638477163140152,0.00043095803686214946,0.0005751722774559161,0.0012428137209324517
-0.008040381826580845,-0.0007773401640558397,0.0006794062410465044,-0.008719788067627349,-0.008052146624150814
-0.0030393381865826408,-0.0016257460597355333,0.0006922465959919651,-0.003731584782574606,-0.00306394333909807
0.006097553941231348,-0.0012375507238541195,0.0006863713823397823,0.005411182558891566,0.006078824002368102
-0.00858585829630143,-0.004248692893594086,0.0007319440668856978,-0.009317802363187128,-0.008650160919710591
0.00815074170673924,0.021290637641290244,0.0003454143753697832,0.007805327331369456,0.008472968774845992
-0.013643382572263718,-0.0007054739583503,0.0006783185687489146,-0.014321701141012633,-0.013654059697536096
-0.008709017644722428,0.017322368774566943,0.0004054728698088471,-0.009114490514531275,-0.00844684907105474
-0.004134167370947628,0.0039695418998517695,0.0006075636820836351,-0.004741731053031263,-0.004074089609554727
-0.010897962001696126,0.0018756797165810912,0.0006392536240995768,-0.011537215625795703,-0.010869574182319168
-0.009968322163383947,-0.007237794954094601,0.0007771831813478687,-0.010745505344731815,-0.01007786390125528
-0.004239689099091448,0.002269561170191503,0.0006332923528536482,-0.004872981451945096,-0.004205340008468561
0.005854242283660938,-0.012900001139847905,0.0008628788814481236,0.004991363402212814,0.00565900484568935
0.00582010953825618,-0.0214000649197158,0.0009915246588388118,0.004828584879417367,0.005496226322893903
0.012624920549348273,-0.0022378626777133093,0.0007015107874395654,0.011923409761908707,0.012591051205385242
-0.012467519111122871,0.0029161604463010526,0.000623506277279441,-0.013091025388402313,-0.012423383944925776
0.006838428963533483,0.014091605518061545,0.0004543694500536683,0.006384059513479814,0.00705170095695635
0.03605009073729892,-0.03368805871951874,0.0011774995592497561,0.03487259117804917,0.035540232621525704
-0.005547097837410364,-0.006666355799502699,0.0007685346304454547,-0.006315632467855819,-0.005647991024379283
0.0005071468562594106,-0.011028155571448206,0.0008345490906914433,-0.00032740223443203267,0.00034023920904450305
0.0005067747172349257,-0.007817025105971265,0.0007859496465304932,-0.00027917492929556745,0.0003884665141809682
0.00506598535928271,0.0029962320243361873,0.0006222944192663721,0.0044436909400163375,0.005111332383492873
-0.0035282123674417187,-0.010736500458081055,0.0008301349827787531,-0.004358347350220472,-0.003690705906743936
-0.00101161351609369,-0.004095056983834944,0.0007296188359747366,-0.0017412323520684266,-0.0010735909085918909
0.002025275828589246,0.018341016392734,0.0003900559602279274,0.0016352198683613184,0.002302861311837854
-0.00303188828774259,0.006610721877456038,0.0005675902583250545,-0.003599478546067645,-0.002931837102591109
-0.005575212318353895,0.015271449816332883,0.0004365128796935049,-0.0060117251980473995,-0.005344083754570864
0.00407750605718582,0.0105842727693497,0.0005074518221053362,0.003570054235080484,0.004237695678557019
-0.0065991405593543995,-0.0432366134006168,0.0013220139148733849,-0.007921154474227785,-0.007253513030751248
-0.008686882655214556,0.0033870120853238816,0.0006163800866170559,-0.009303262741831611,-0.008635621298355076
0.010309542570368535,-0.011317739184353415,0.0008389318470996986,0.009470610723268836,0.010138252166745371
0.0015306394896879016,-0.007182134089448455,0.0007763407717627076,0.000754298717925194,0.0014219401614017297
0.001018943913787762,0.006857100716286535,0.0005638613925100668,0.00045508252127769526,0.0011227239647542309
-0.0035625579938202145,-0.011272103097361819,0.0008382411593542715,-0.004400799153174486,-0.0037331577096979505
0.0030644062167974884,-0.017116493600784488,0.000926694161491539,0.0021377120553059494,0.002805353498782485
-0.011710964693707804,-0.00842758097968943,0.000795190216607268,-0.012506154910315072,-0.011838513466838537
-0.009273386465143862,-0.017232619015461026,0.0009284516829211149,-0.010201838148064978,-0.009534196704588441
0.010400444012961918,-0.010340526208282075,0.0008241420377243013,0.009576301975237617,0.010243943418714152
0.009778672055703819,-0.0021203598092424114,0.0006997324186823949,0.009078939637021425,0.00974658108049796
0.0005272048584310518,0.019672139926234733,0.0003699098264805753,0.0001572950319504765,0.0008249364754270123
-0.0021075925840683407,-0.021126437880238824,0.0009873834001235535,-0.0030949759841918945,-0.0024273345407153585
0.005279820030632321,-0.015066695771983274,0.0008956711195463202,0.004384148911086,0.005051790354562536
-0.004726823301270833,0.025883894952576147,0.00027589687845812816,-0.005002720179728961,-0.004335078736252425
0.012137119236631966,0.030583700679551518,0.000204766804968097,0.011932352431663868,0.012599993875140405
0.01355598825151505,-0.002017948757084831,0.0006981824597927434,0.012857805791722306,0.013525447235198843
0.006172599727729988,-0.010245080846639998,0.0008226975023578888,0.0053499022253721,0.0060175436688486355
0.009202547624306279,-0.028003617786773516,0.001091467343284922,0.008111080281021357,0.008778721724497892
-0.006585543452732545,-0.00749246363390188,0.0007810375112845997,-0.007366580964017145,-0.006698939520540609
-0.0030597686983221406,-0.006519175777754405,0.0007663071073580359,-0.0038260758056801766,-0.0031584343622036407
0.005115303455942799,-0.0032907731480149582,0.0007174462544528324,0.004397857201489967,0.005065498644966502
-0.010687054282496389,0.02596564246086497,0.00027465965577063784,-0.010961713938267026,-0.010294072494790491
0.007715862578580257,-0.02366266361565439,0.0010257683746155775,0.006690094203964679,0.007357735647441215
0.01071990083640717,0.026480052302171098,0.00026687422549081044,0.01045302661091636,0.011120668054392895
-0.003535401129279525,0.011427569666488724,0.0004946887902372046,-0.00403008991951673,-0.003362448476040194
-0.004561738340397747,-0.0066720972934503076,0.0007686215261407581,-0.005330359866538506,-0.00466271842306197
0.0030552072086571513,-0.007950909706564868,0.0007879759476230567,0.0022672312610340947,0.0029348727045106302
-0.00913725833221446,0.02372481982226482,0.0003085737978056814,-0.009445832130020142,-0.008778190686543605
-0.0035860020867365394,0.011881976654619875,0.00048781148416588457,-0.004073813570902424,-0.0034061721274258883
0.002570745150424436,0.016266654579669915,0.0004214507703072624,0.002149294380117174,0.0028169358235937093
0.008717986357236196,-0.007387716072364547,0.0007794521900643443,0.007938534167171852,0.008606175610648387
0.0040670984192285875,-0.006082610618211248,0.0007596998317203946,0.0033073985875081927,0.003975040030984729
0.010632832773821654,0.024626377895927698,0.00029492900145439865,0.010337903772367256,0.011005545215843791
0.008016125291260723,-0.00745440410765752,0.0007804614923901976,0.007235663798870525,0.00790330524234706
0.010934369778759612,-0.004101230608784645,0.0007297122718361067,0.010204657506923506,0.01087229895040004
-0.0024582590781453417,-0.02500198485734284,0.001046038578084045,-0.0035042976562293868,-0.002836656212752851
-0.0044357273386533835,-0.010585992315429671,0.0008278570896338951,-0.005263584428287279,-0.004595942984810743
0.010396072474098128,0.013618724670070526,0.00046152635215210384,0.009934546121946023,0.01060218756542256
-0.001469918405385351,0.009613981920559844,0.0005221368672732658,-0.0019920552726586166,-0.001324413829182081
-0.0009813522605461866,0.005597892802462701,0.0005829191060949984,-0.0015642713666411852,-0.0008966299231646493
0.005402901148321426,-0.02077788695478977,0.0009821081920867811,0.004420792956234645,0.005088434399711181
-0.008793444037074494,0.05543448436034493,-0.00017134194764566082,-0.008622102089428834,-0.007954460645952297
-0.015278592346812392,0.009240746788147902,0.0005277856629767019,-0.015806378009789093,-0.015138736566312557
-0.0025024426199916627,-0.008935777048800997,0.0008028816034098698,-0.0033053242234015326,-0.0026376827799249967
-0.004013930850202629,0.008713116550319144,0.0005357711797773027,-0.004549702029979932,-0.0038820605865033963
-0.0005038325444638447,-0.008252046497990273,0.0007925335577348318,-0.0012963661021986766,-0.0006287246587221408
0.010584599847025977,-0.0030893228355314273,0.0007143973676766624,0.009870202479349315,0.01053784392282585
-0.0014960920957726165,0.00475858190881473,0.0005956218110607598,-0.0020917139068333764,-0.0014240724633568407
0.0009989988082408363,-0.003883688698329779,0.0007264198438131776,0.0002725789644276587,0.0009402204079041944
-0.007485068311257392,0.013579987927526016,0.0004621126205010572,-0.00794718093175845,-0.007279539488281914
-0.004524821957708647,0.0059146891478476515,0.0005781244935859605,-0.005102946451294607,-0.004435305007818071
-0.000505104818119051,-0.0002830441976333642,0.0006719252279025667,-0.0011770300460216176,-0.0005093886025450819
0.0,-0.015444192913123267,0.0009013844194041092,-0.0009013844194041092,-0.00023374297592757348
0.0005053600779292289,-0.0015918653377758885,0.0006917338219789771,-0.00018637374404974823,0.0004812676994267875
0.0,0.030947872397389053,0.00019925518117818228,-0.00019925518117818228,0.00046838626229835345
-0.008586005847065037,-0.0008676332180498347,0.0006807727978659424,-0.00926677864493098,-0.008599137201454443
0.008150884571535899,-0.001194660488065602,0.0006857222521840119,0.007465162319351887,0.008132803762828423
0.005053046169900766,-0.017894212283564803,0.0009384646878227063,0.004114581482078059,0.004782222925554595
0.0020109461423793995,-0.014399194981406072,0.0008855687061601893,0.0011253774362192102,0.0017930188796957459
0.0,-0.0018623708845491027,0.0006958278378892523,-0.0006958278378892523,-2.8186394412716582e-05
0.009533512572239777,0.00752178195750397,0.000553801652111889,0.008979710920127889,0.009647352363604424
-0.005964310800086303,-0.007349578247904498,0.0007788749861512074,-0.0067431857862375105,-0.0060755443427609745
0.004999989573065244,0.014279296218109305,0.0004515288106606046,0.00454846076240464,0.005216102205881175
-0.006965159676533994,0.0072896644387934195,0.000557314677356622,-0.007522474353890616,-0.00685483291041408
0.0,-0.006052724634100337,0.0007592475168015183,-0.0007592475168015183,-9.160607332498258e-05
0.004508953625600665,-0.024921675023714007,0.0010448231141479076,0.003464130511452757,0.004131771954929293
0.006483941616388211,-0.011137750774080746,0.0008362077794267379,0.0056477338369614735,0.006315375280438009
-0.0029732343640320735,-0.009007516001852345,0.0008039673497787786,-0.003777201713810852,-0.0031095602703343165
-0.000994142718831914,0.0010373383615349674,0.0006519416554051899,-0.001646084374237104,-0.0009784429307605682
-0.0004975660110430047,0.014867993802734736,0.0004426190588771496,-0.0009401850699201543,-0.00027254362644361853
-0.00298644517526081,-0.01445169956861636,0.0008863633464844471,-0.0038728085217452574,-0.0032051670782687215
-0.005991000676626057,0.005868102525282026,0.000578829567386719,-0.006569830244012776,-0.005902188800536241
0.004017962474173187,-0.004049622110409712,0.0007289311935330081,0.0032890312806401786,0.003956672724116714
0.0010309161745893913,-0.012020638322615351,0.0008495700032842581,0.00018134617130513325,0.000848987614781669
-0.0015446720223926125,0.01746133164481911,0.000403369710710868,-0.0019480417331034804,-0.0012804002896269447
-0.0067045201098248075,-0.0025407424823445934,0.0007060947775050302,-0.0074106148873298375,-0.0067429734438533015
0.016095351412886538,-0.004000548879248611,0.0007281884856974804,0.015367162927189058,0.016034804370665595
0.0,0.007538970575044379,0.0005535415078208551,-0.0005535415078208551,0.00011409993565568061
-0.009708629005859892,-0.011645528874622113,0.0008438928404072011,-0.010552521846267093,-0.009884880402790558
0.003611930208336167,0.02284078102943865,0.0003219534453815042,0.003289976762954663,0.003957618206431199
0.0015423990515592845,-0.0007676325452631305,0.0006792593193058513,0.0008631397322534332,0.001530781175729969
0.0,0.006978233159061986,0.0005620280912935525,-0.0005620280912935525,0.00010561335218298321
0.009753702285046462,0.012849424614881588,0.00047316946521684113,0.00928053281982962,0.009948174263306157
0.007117465087684183,0.0034159058663651987,0.0006159427883778803,0.006501522299306303,0.007169163742782838
-0.009086324003217627,0.003996858363534361,0.0006071502560438994,-0.009693474259261526,-0.009025832815784991
0.006622549617029794,-0.0020304911890052235,0.0006983722855336502,0.005924177331496144,0.006591818774972679
-0.004554711631241659,-0.015562598500411085,0.0009031764505251132,-0.005457888081766772,-0.004790246638290236
0.0030502957641027617,-0.007638350296294338,0.0007832454597871581,0.0022670503043156036,0.002934691747792139
-0.004054693005902887,0.018918401045981525,0.0003813174260834653,-0.004436010431986353,-0.0037683689885098168
0.005598009066747345,0.01188134498366522,0.00048782104430603425,0.005110188022441311,0.005777829465917846
-0.004554711631241659,-0.0007115031258156934,0.0006784098182919405,-0.0052331214495336,-0.004565480006057064
-0.005084042883060191,-0.0001817250594663422,0.0006703917947858738,-0.005754434677846065,-0.005086793234369529
0.0015330502801955692,0.011007853469181317,0.0005010410621594413,0.001032009218036128,0.0016996506615126637
-0.011224471606713804,0.002494840970949097,0.000629882814307888,-0.011854354421021692,-0.011186712977545156
-0.008771940431402392,-0.012968740984683369,0.0008639192372625725,-0.009635859668664964,-0.008968218225188429
0.01509635504114537,0.014642470285510134,0.0004460322859945692,0.014650322755150802,0.015317964198627337
0.000512705437234029,0.010452303944590291,0.000509449128536462,3.25630869756695e-06,0.0006708977521741027
-0.008200830369016643,0.014699373244309921,0.00044517107770717176,-0.008646001446723815,-0.00797836000324728
0.006718270068027055,-0.010354610691310495,0.0008243552019210957,0.005893914866105959,0.006561556309582495
0.006160204242884548,-0.006140463017754394,0.0007605754094932075,0.00539962883339134,0.006067270276867876
-0.006122488463474851,0.01287251059802652,0.00047282006616226674,-0.006595308529637118,-0.005927667086160582
0.007186996084324049,-0.011080724476164705,0.0008353447044408187,0.00635165137988323,0.007019292823359766
-0.002548608086684001,-0.00882979617773516,0.0008012776164399016,-0.0033498857031239028,-0.002682244259647367
-0.008175796442099759,0.0021952617756952897,0.000634416850694154,-0.008810213292793913,-0.008142571849317376
-0.005667118420538464,0.011448609342766147,0.0004943703613899803,-0.006161488781928444,-0.0054938473384519085
-0.02797906997742261,-0.0002804145319874607,0.0006718854287445773,-0.02865095540616719,-0.027983313962690652
0.026119330528063367,0.002773175690496066,0.0006256703063434483,0.025493660221719918,0.026161301665196455
-0.003116958255999558,-0.013788741489130674,0.0008763296855941755,-0.003993287941593733,-0.0033256464981171975
-0.006253186096452312,-0.002767405825327751,0.0007095252555248662,-0.006962711351977178,-0.006295069908500642
0.01520718176496616,-0.020041234255327334,0.0009709591864271122,0.014236222578539048,0.014903864022015583
-0.0056818631977682,-0.0015735561458868341,0.000691456718149528,-0.006373319915917728,-0.0057056784724411926
0.0010389491960705044,0.005329429416074394,0.0005869822145536267,0.0004519669815168777,0.0011196084249934135
0.009340838108390814,-0.010537551485558128,0.0008271239529919049,0.00851371415539891,0.009181355598875444
0.016452585139452802,0.0030730045671669703,0.0006211324911078895,0.015831452648344912,0.01649909409182145
0.0015174333501721815,-0.0030360018281855305,0.0007135903710918233,0.0008038429790803582,0.0014714844225568939
0.004040357959877561,-0.004725264845680033,0.0007391568326773972,0.0033012011272001637,0.0039688425706767
-0.004527111553661034,0.0075821940867943916,0.0005528873336387971,-0.005079998887299831,-0.004412357443823295
0.001515899832198242,0.0161477371607488,0.0004232505478381833,0.0010926492843600587,0.0017602907278365945
-0.0020181404774531897,0.0006871667698291617,0.0006572413917132659,-0.0026753818691664555,-0.00200774042568992
0.0075834387202016185,-0.015326919115337678,0.0008996095175593233,0.006683829202642295,0.007351470646118831
0.0,0.0014147940136839399,0.0006462289834701602,-0.0006462289834701602,2.1412460006375525e-05
0.0015052512231368276,-0.01845935787384867,0.0009470179876194893,0.0005582332355173383,0.001225874678993874
-0.0035070807083238398,-0.01447813845705137,0.0008867634907003203,-0.00439384419902416,-0.003726202755547624
0.004524835505317126,-0.001509761003189447,0.0006904911988383091,0.003834344306478817,0.004501985749955353
0.007507529280654346,0.016476655480623936,0.0004182724730784862,0.00708925680757586,0.007756898251052396
0.000993530726482783,-0.00698088356543769,0.0007732949087218951,0.00022023581776088792,0.0008878772612374236
-0.004962828739431324,0.017562006217166637,0.00040184603289402656,-0.005364674772325351,-0.004697033328848815
0.0024938437515671374,-0.011019457310067593,0.00083441744525604,0.0016594263063110975,0.0023270677497876334
-0.005472574752409809,0.008918403718310097,0.0005326642234063307,-0.006005238975816139,-0.005337597532339604
-0.004502306356972685,0.012982193897784988,0.00047116004410482947,-0.004973466401077514,-0.004305824957600979
-0.007537602907388696,-0.01646322377571363,0.0009168071292681849,-0.008454410036656881,-0.0077867685931803455
-0.006582311086603898,0.0029845287333754023,0.0006224715448742112,-0.007204782631478109,-0.006537141188001573
0.01580024089732035,0.005639807253104534,0.0005822847441388573,0.015217956153181493,0.01588559759665803
0.011038508969670291,0.0016469543057482383,0.0006427153108642442,0.010395793658806047,0.011063435102282582
0.0019850892058448366,-0.0015738434957162095,0.0006914610670983289,0.0012936281387465076,0.0019612695822230435
-0.0009905782167967114,0.014237268879836451,0.00045216488113534363,-0.001442743097932055,-0.0007751016544555193
0.00842847493716925,0.005715269388667954,0.0005811426485799851,0.007847332288589266,0.0085149737320658
-0.008598925081996112,0.014436542471763847,0.0004491489383364611,-0.009048074020332572,-0.008380432576856037
-0.0035714568693707704,0.0036988464765423945,0.0006116605717152418,-0.004183117441086012,-0.0035154759976094765
0.0010240888297132766,-0.005796972083329965,0.0007553767828205061,0.00026871204689277053,0.0009363534903693063
-0.00460373810909287,-0.002492370531228194,0.000705362683321218,-0.005309100792414088,-0.004641459348937552
0.003083318223722653,0.0035791630944272956,0.0006134719418568883,0.0024698462818657646,0.0031374877253423005
0.004098454126665763,0.0009963029974375814,0.0006525627126644685,0.003445891414001294,0.00411353285747783
-0.002040968326905701,-4.1352477946232646e-05,0.0006682673001536379,-0.002709235627059339,-0.0020415941835828033
0.002045142397763433,-0.004134884052006904,0.0007302216060572751,0.001314920791706158,0.001982562235182694
-0.009183670774345676,0.01326268999363811,0.00046691482439347354,-0.00965058559873915,-0.008982944155262613
-0.0015448875726168376,-0.0020693734728036706,0.0006989607566034584,-0.002243848329220296,-0.0015762068857437604
-0.0020628592743823226,0.00330615690296554,0.0006176038042337626,-0.002680463078616085,-0.0020128216351395496
0.0005167541121491315,0.0008552202959737354,0.0006546979547374965,-0.00013794384258836504,0.0005296976008881707
0.005165193018513259,-8.42619976980652e-05,0.000668916722166095,0.004496276296347164,0.005163917739823699
-0.004110878153545938,-0.00595254815297297,0.0007577313774377859,-0.004868609530983724,-0.004200968087507188
0.0030960456903132982,0.0009031888869577287,0.0006539719652817364,0.002442073725031562,0.0031097151685080975
0.004115106672269331,0.0008515791660903549,0.0006547530620868716,0.0034603536101824595,0.0041279950536589945
0.0015369733368169047,-0.015810858882773227,0.0009069337929064646,0.0006300395439104401,0.0012976809873869758
-0.00358059104854358,-0.003841187197329843,0.0007257765970355055,-0.004306367645579085,-0.0036387262021025497
0.0030801521995074133,0.01956614972249704,0.0003715139546975809,0.0027086382448098323,0.0033762796882863683
0.005629446701783003,0.008253202753460531,0.0005427318296573322,0.005086714872125671,0.005754356315602206
0.0040712338952588745,-0.0003861064902076494,0.0006734850431099875,0.003397748852148887,0.004065390295625423
-0.0040547261566936665,-0.011586262936400304,0.0008429958691734804,-0.004897722025867147,-0.004230080582390611
0.0040712338952588745,-0.006998305064656485,0.0007735585776034888,0.0032976753176553854,0.003965316761131921
-0.0040547261566936665,-0.007218732334382416,0.0007768946746265679,-0.004831620831320235,-0.004163979387843699
-0.006106903531304053,0.018474751389515376,0.00038803192334175375,-0.0064949354546458065,-0.0058272940111692715
0.012800845310634523,0.0004521286642489297,0.0006607986191167142,0.01214004669151781,0.012807688134994345
-0.01263905472621174,-0.004579421277258522,0.0007369495363884617,-0.013376004262600202,-0.012708362819123666
0.006656418356667748,0.004483965263404999,0.0005997780471488739,0.006056640309518874,0.00672428175299541
-0.007629720574293897,-0.0016966239932159066,0.0006933193111019415,-0.008323039885395837,-0.007655398441919302
-0.0015376549276491236,-0.0015833068345566526,0.0006916042917391515,-0.002229259219388275,-0.0015616177759117393
0.0010267173998357304,0.0029581644391338813,0.0006228705601305543,0.0004038468397051761,0.0010714882831817118
-0.0025641077373360632,-0.006377683373153031,0.0007641656645575791,-0.003328273401893642,-0.0026606319584171066
-0.012853496436344591,0.011890829058788244,0.00048767750582813215,-0.013341173942172723,-0.012673532498696188
-0.005208236159047419,0.009445048649426635,0.0005246936189112425,-0.005732929777958661,-0.005065288334482125
0.026701579421638977,-0.0014458676054706077,0.000689524192468411,0.026012055229170567,0.0266796966726471
0.011728605919369084,0.0001550346964389604,0.0006652950423715043,0.01106331087699758,0.011730952320474115
0.010584657324367308,-0.011222026747550129,0.0008374832696351766,0.009747174054732131,0.010414815498208668
0.0119701408468742,-0.007318600335353365,0.0007784061452406815,0.011191734701633519,0.011859376145110054
0.000492711734142226,0.008757581265902425,0.0005350982203677257,-4.238648622549969e-05,0.000625254957251036
0.003940976743279867,0.01304908677799732,0.00047014764151589837,0.0034708291017639687,0.004138470545240505
0.0034348689132222,1.660326849850513e-05,0.00066739015825815,0.00276747875496405,0.0034351201984405854
0.0,-0.006108624209833935,0.000760093539203502,-0.000760093539203502,-9.245209572696626e-05
0.011735903145612792,0.009854453563032717,0.000518497405007158,0.011217405740605634,0.011885047184082169
0.005316448373895666,0.014534424705965554,0.0004476675216744544,0.004868780852221212,0.005536422295697747
-0.004807602807768263,-0.0020035816359177394,0.0006979650179570969,-0.00550556782572536,-0.004837926382248824
0.0033815692521974583,0.0023538963079141606,0.0006320159672129454,0.002749553284984513,0.0034171947284610486
0.009629292957590074,-0.0038120096998572883,0.0007253350048378608,0.008903957952752213,0.00957159939622875
0.004291795062243642,0.0061886426142414575,0.0005739782945025398,0.003717816767741102,0.004385458211217638
0.0,0.001148059539441082,0.0006502659253901892,-0.0006502659253901892,1.737551808634651e-05
0.0009497876005524208,0.009321148810237156,0.000526568803797368,0.00042321879675505283,0.0010908602402315884
0.009962128039739282,0.006932489951473775,0.0005627204002753353,0.009399407639463947,0.010067049082940482
-0.009863862973827575,0.0008194255259321714,0.0006552396972629378,-0.010519102671090514,-0.009851461227613977
0.00474384242985626,0.01217813742034668,0.00048332918462952294,0.004260513245226737,0.004928154688703273
0.004249339282245357,-0.0036716195284263176,0.0007232102439878863,0.0035261290382574704,0.004193770481734006
-0.0004702050619764808,-0.0047351076976228645,0.0007393058011290136,-0.0012095108631054944,-0.0005418694196289587
0.003762923086572778,-0.005245281583003636,0.0007470271215554183,0.0030158959650173596,0.0036835374084938956
0.002811685207306569,0.003710798414438443,0.0006114796829146654,0.0022002055243919034,0.0028678469678684393
0.004205557559553652,-0.007658808766684566,0.0007835550922670707,0.0034220024672865813,0.004089643910763117
-0.0037227461756963454,-0.004486838293256468,0.0007355483222024808,-0.004458294497898826,-0.00379065305442229
0.0,0.011455854954693034,0.0004942607013446975,-0.0004942607013446975,0.00017338074213183816
-0.0014011979430011978,-0.00035407668843834283,0.0006730002821887765,-0.0020741982251899745,-0.0014065567817134386
-0.016370376425294264,0.004473544672805918,0.0005999357594923582,-0.01697031218478662,-0.016302670741310088
-0.007835503172050062,0.012269004495714109,0.00048195394017811686,-0.008317457112228178,-0.007649815668751643
-0.016781802723906947,0.0011706778016009611,0.0006499236051448193,-0.017431726329051767,-0.01676408488557523
0.018072222881093003,-0.0019683184132291975,0.000697431320232756,0.017374791560860248,0.018042433004336784
0.009862018587873722,-0.007922511336500904,0.0007875461472723629,0.00907447244060136,0.009742113884077894
0.004394539590910851,-0.0028651005386203243,0.0007110038341172116,0.0036835357567936394,0.004351177200270175
0.008750526473311648,0.002405026057131332,0.0006312421346269579,0.00811928433868469,0.008786925782161226
0.00722892990520263,0.0067422110558885695,0.0005656002111894107,0.006663329694013219,0.007330971137489755
-0.001913815208029468,0.007411233485312474,0.0005554747682805126,-0.0024692899763099803,-0.0018016485328334448
0.0023969043423313074,0.008470153458069118,0.0005394483493479335,0.001857455992983374,0.00252509743645991
0.005260618906862469,-0.0010244071333035398,0.0006831455214977536,0.004577473385364715,0.005245114828841251
0.013796379344762855,0.0038553825145495324,0.000609291448280335,0.01318708789648252,0.013854729339959055
-0.00563117006041125,0.007117275205842377,0.0005599237338838563,-0.006191093794295106,-0.005523452350818571
-0.005663059712715746,0.002357910335732072,0.0006319552161712501,-0.006295014928886996,-0.00562737348541046
-0.00616985837580919,-0.006756896218903741,0.0007699049310621057,-0.006939763306871296,-0.00627212186339476
0.004775590364439752,0.0003240945218980773,0.0006627363753738244,0.004112853989065928,0.004780495432542464
-0.006654068607659602,0.004034153877153557,0.0006065858002389806,-0.007260654407898583,-0.006593012964422047
-0.0043062285190019756,0.002814673351556163,0.000625042252365828,-0.004931270771367804,-0.004263629327891268
0.011052464788051886,-0.00015543889679858758,0.0006699939620261926,0.010382470826025694,0.011050112269502229
0.009505689433159104,-0.006424666064487883,0.0007648767327339139,0.008740812700425189,0.009408454143901726
0.017890774445553426,0.009877842794752345,0.0005181434163812999,0.017372631029172126,0.018040272472648663
0.0037002535188397356,0.0014687129405193122,0.0006454129375629239,0.003054840581276812,0.0037224820247533474
0.013824911265213347,-0.002665087639215691,0.0007079767021334472,0.013116934563079899,0.013784576006556436
-0.005909132533348682,-0.013839541336347905,0.0008770985252177166,-0.0067862310585663985,-0.006118589615089863
0.012345702847043727,-0.0025479738404268204,0.0007062042218228812,0.011639498625220845,0.01230714006869738
0.00632337835554031,-0.005300074155050516,0.0007478563898066638,0.005575521965733646,0.006243163409210182
0.004937142799387839,0.00902409277936278,0.0005310646528886346,0.004406078146499204,0.00507371958997574
0.00714600138038568,-0.004218283044793103,0.0007314838234403955,0.006414517556945285,0.007082159000421821
-0.013747196314845667,-0.007038730380597102,0.0007741704019768262,-0.014521366716822493,-0.013853725273345958
0.008543212336434625,0.00025071394456976925,0.0006638469672070453,0.00787936536922758,0.008547006812704115
0.00802498190869727,-0.0010696923700230787,0.0006838308992352601,0.007341151009462011,0.008008792452938547
-0.0008846253134270343,0.005750475751703066,0.0005806098114085184,-0.0014652351248355528,-0.000797593681359017
-0.0008853195645834866,-0.011550909428841738,0.0008424608050161818,-0.0017277803695996685,-0.0010601389261231326
-0.003544594364424447,-0.007555395210577687,0.0007819899607971616,-0.004326584325221609,-0.003658942881745073
0.00044467275071480294,-0.007712913029036983,0.00078437394316875,-0.00033970119245394707,0.00032794025102258866
0.0053333438182039394,-0.00014870682600087726,0.0006698920742635063,0.0046634517439404334,0.0053310931874169685
0.00044202825638750554,0.006879188518795987,0.0005635271006037625,-0.00012149884421625695,0.0005461425992602788
0.0013256765539340076,-0.002777466728829614,0.0007096775241178754,0.0006159990298161322,0.001283640473292668
0.010591460427072708,0.011044879965972587,0.0005004806778391437,0.010090979749233564,0.010758621192710099
0.008296900482235081,-0.013457974663146133,0.0008713236342790531,0.007425576847956028,0.008093218291432563
0.012126514279564127,0.006717966037625089,0.0005659671518739905,0.011560547127690137,0.012228188571166672
-0.0017116279806048684,0.006264619755036449,0.0005728284045023444,-0.002284456385107213,-0.0016168149416306771
0.00042857603307666636,0.01450830719454621,0.0004480628019508224,-1.9486768874156057e-05,0.0006481546746023797
-0.004284441205442691,0.003833182103508026,0.0006096274444811626,-0.004894068649923853,-0.004226427206447317
-0.007745281746454391,-0.0015969365120942491,0.0006918105725986623,-0.008437092319053053,-0.007769450875576517
-0.0026019131324420686,0.0017991292600010311,0.0006404121910528835,-0.003242325323494952,-0.002574683880018416
-0.0026086133280812662,-0.004194177587506065,0.0007311189949670617,-0.003339732323048328,-0.0026720908795717924
-0.008282608371744105,-0.006971599351452862,0.0007731543950791189,-0.009055762766823223,-0.008388121323346688
0.004395731037963646,-0.0032112659361860363,0.0007162429379438289,0.003679488100019817,0.004347129543496353
0.019256024321398613,0.0014266227216406246,0.000646049959715748,0.018609974361682866,0.0192776158051594
-0.011163581628170993,0.006723453106275201,0.0005658841068251096,-0.011729465734996104,-0.011061824291519567
-0.02171082331900076,-0.005695885604828921,0.0007538468709342854,-0.022464670189935046,-0.02179702874645851
-0.013759487401444837,0.0012416323054647016,0.0006488497311663039,-0.014408337132611141,-0.013740695689134604
-0.018451941127086702,0.00842991886716793,0.0005400572871581107,-0.01899199841424481,-0.018324356970768278
0.012838296591533016,-0.012159612938677844,0.0008516733401513621,0.011986623251381653,0.01265426469485819
-0.011770114507315133,0.0007212876971294246,0.0006567249822684063,-0.012426839489583539,-0.011759198046107004
-0.013742491015191094,-0.002151010615372817,0.0007001963089406816,-0.014442687324131776,-0.01377504588065524
-0.010682850772355312,-0.0093947947580596,0.0008098286912874366,-0.01149267946364275,-0.010825038020166213
-0.019248832982864172,-0.01640093410321941,0.0009158643947724263,-0.020164697377636598,-0.019497055934160065
0.01627579447060934,-0.002295598477193961,0.0007023846005073042,0.015573409870102035,0.016241051313578572
-0.00329725883159826,0.0040230650909416354,0.0006067536255117663,-0.003904012457110026,-0.00323637101363349
0.0014177721602797178,-0.014734533990868215,0.0008906439560264147,0.000527128204253303,0.0011947696477298388
-0.0028315298563579283,0.00022931406074522265,0.0006641708476815895,-0.0034957007040395177,-0.002828059260562982
-0.0058280555662074685,0.005893173970516585,0.0005784501189912672,-0.006406505685198736,-0.0057388642417222
0.0024426478796886197,-0.002709582086142026,0.0007086501115174997,0.0017339977681711202,0.0024016392116476557
0.011208552849357067,7.936755559079245e-05,0.0006664402406205337,0.010542112608736534,0.01120975405221307
0.0028915108417963964,-0.013744071674259506,0.0008756536220717334,0.002015857219724663,0.0026834986632011987
0.007208123576548209,0.008109754957160709,0.0005449028666928047,0.006663220709855405,0.00733086215333194
-0.012404529402125886,-0.001304030159777203,0.0006873775275801363,-0.013091906929706023,-0.012424265486229486
-0.006763344373371338,0.011814893014644445,0.0004888267738435074,-0.007252171147214846,-0.00658452970373831
-0.008268514702413965,0.00630385429964031,0.0005722346020766393,-0.008840749304490605,-0.008173107861014068
0.01275139313872864,0.005207990781392224,0.0005888201498878241,0.012162572988840815,0.012830214432317352
-0.006779625960700808,0.00429300817103373,0.0006026681223568448,-0.007382294083057653,-0.006714652639581117
-0.015114574621686638,-0.00624643434611849,0.0007621792520374024,-0.01587675387372404,-0.015209112430247505
-0.06930705457214636,-0.005018858888767519,0.0007436002856782701,-0.07005065485782463,-0.0693830134143481
-0.05638294557470147,0.01059436938392988,0.0005072990130364492,-0.05689024458773792,-0.056222603144261384
-0.023675299450482412,-9.824505308242415e-05,0.0006691283512875704,-0.024344427801769982,-0.023676786358293445
0.07909937867472094,-0.013399820506516447,0.000870443489508158,0.07822893518521279,0.07889657662868932
-0.04815411278445891,-0.008482848196321058,0.00079602666845421,-0.04895013945291312,-0.04828249800943659
0.0,-0.012585283719027562,0.0008581157328049666,-0.0008581157328049666,-0.00019047428932843084
0.021922448759332136,-0.0016855698941634634,0.0006931520108083457,0.02122929674852379,0.021896938192000327
0.00935097125306461,0.007265792222727274,0.0005576759757978339,0.008793295277266777,0.009460936720743312
-0.005994648740873965,-0.014339628627712542,0.0008846671882333024,-0.006879315929107267,-0.006211674485630731
0.016995611326211302,-0.011832519778109618,0.0008467228886006173,0.016148888437610684,0.01681652988108722
-0.021563352566686844,-0.004800280229768528,0.0007402921667939696,-0.022303644733480815,-0.02163600329000428
0.018732856235960993,0.012010022325859904,0.0004858735534226823,0.01824698268253831,0.018914624126014846
0.018388283224425317,0.006474957307233353,0.0005696450121634642,0.01781863821226185,0.01848627965573839
0.009028181828019122,0.010505999486313922,0.0005086364634922524,0.008519545364526869,0.009187186808003405
0.012105237215999542,0.01885855702012762,0.0003822231464906931,0.011723014069508849,0.012390655512985385
0.0031201669251099684,0.009393730253031363,0.0005254703066126159,0.0025946966184973524,0.0032623380619738883
-0.010886463829011483,0.0017529924220356374,0.0006411104575059499,-0.011527574286517434,-0.010859932843040898
-0.009433986482066947,0.0028401189192852616,0.0006246571417447278,-0.010058643623811675,-0.00939100218033514
-0.013227570543224654,0.0010049156221052513,0.0006524323633136354,-0.01388000290653829,-0.013212361463061753
0.02252009687427714,-0.008083839306732843,0.0007899877950861717,0.021730109079190967,0.022397750522667504
-0.01258517735732434,0.015616441094852496,0.0004312915457873665,-0.013016468903111707,-0.01234882745963517
0.0010622186041517878,-0.0008358389332403515,0.0006802916014194423,0.0003819270027323455,0.0010495684462088811
-0.003183066605344065,0.019075017703661823,0.0003789470824952992,-0.003562013687839364,-0.0028943722443628282
0.015433758054762103,0.0015970120755575135,0.0006434711707252875,0.014790286884036816,0.01545792832751335
0.030398252565379202,0.0011904273935798848,0.0006496247013154981,0.029748627864063706,0.03041626930754024
0.0005086372666884831,0.0012820490603360213,0.0006482380363620432,-0.00013960076967356016,0.0005280406738029756
0.02846980405906141,0.007390278097329839,0.0005557919214510493,0.02791401213761036,0.028581653581086896
-0.01136922926438122,-0.0020209310950652926,0.0006982275965349931,-0.012067456860916212,-0.011399815417439677
0.003499932799095884,0.00406112922094648,0.000606177536940905,0.0028937552621549787,0.0035613967056315147
0.005480907511613786,0.0005968736678840791,0.0006586079492584286,0.004822299562355358,0.005489941005831893
0.0049554032157062,-0.001954157460090089,0.0006972169986850179,0.004258186217021182,0.004925827660497718
0.004930871671649628,0.0009801185306033133,0.0006528076594521008,0.0042780640121975275,0.0049457054556740635
-0.019627094434602976,-0.0009462486392383118,0.0006819626174056078,-0.020309057052008583,-0.01964141560853205
0.002002061779447173,0.0037840728581564065,0.0006103706973800752,0.0013916910820670977,0.0020593325255436334
0.005494400103969177,0.005873742123607695,0.0005787442138494319,0.004915655890119745,0.005583297333596281
0.01192266560047206,-0.005408509126972105,0.0007494975188170401,0.01117316808165502,0.011840809525131555
-0.0024546390475450597,-0.0005688697261614362,0.0006762511068921675,-0.0031308901544372272,-0.0024632487109606917
0.012303106379610185,-0.003906202808869552,0.0007267605877567123,0.011576345791853472,0.012243987235330009
-0.003889179759577921,0.007968189065892917,0.0005470454216907195,-0.00443622518126864,-0.0037685837377921046
-0.01024880152560248,0.00409549786994079,0.0006056573783065413,-0.010854458903909021,-0.010186817460432486
-0.0024655324438118686,0.003924494286698943,0.0006082454634636015,-0.0030737779072754702,-0.0024061364637989343
-0.006426073473767557,0.00459935752021523,0.000598031621831763,-0.00702410509559932,-0.006356463652122784
0.001990011537894798,0.013650676351045998,0.00046104277356440377,0.0015289687643303942,0.00219661020780693
0.008937461215860365,0.0026470624846992585,0.0006275789898332578,0.008309882226027108,0.008977523669503643
0.009842523670815284,-7.62494933082003e-05,0.0006687954554458943,0.00917372821536939,0.009841369658845925
0.003411240576194796,0.004528344366900416,0.0005991063834511741,0.0028121341927436223,0.0034797756362201578
-0.008256372404843448,0.005866407818910568,0.0005788552162317455,-0.008835227621075194,-0.008167586177598657
-0.0009795090806795637,-0.014684266911006771,0.00088988317966833,-0.0018693922603478935,-0.001201750816871358
-0.016112679172894495,0.010301467821202559,0.0005117319855660494,-0.016624411158460545,-0.01595676971498401
0.003070596884911403,0.0016600585268868873,0.0006425169826211699,0.002428079902290233,0.003095721345766769
0.00867347311149369,0.0042316894655107795,0.0006035961615745356,0.008069876949919154,0.00873751839339569
0.013151250524110925,0.0014304577464787638,0.0006459919178275467,0.012505258606283378,0.013172900049759913
-0.004992530106921023,0.0003701746080437829,0.0006620389678416028,-0.005654569074762626,-0.00498692763128609
-0.013045671093859124,-0.0028264750133749628,0.0007104192490069113,-0.013756090342866035,-0.0130884488993895
0.010676109997871608,-0.005660579005492328,0.0007533125167180929,0.009922797481153515,0.01059043892463005
-0.003521111558312584,-0.008016314922730805,0.0007889658348870796,-0.004310077393199664,-0.0036424359497231277
0.0,-0.0034283812973570083,0.0007195289102782311,-0.0007195289102782311,-5.188746680169537e-05
0.00403836071997854,0.0018256861788026324,0.0006400102604847359,0.0033983504594938038,0.00406599190297034
0.015585790990639614,0.014114629309846638,0.00045402099224565865,0.015131769998393956,0.01579941144187049
0.0,-0.0014779006799081618,0.0006900090029204211,-0.0006900090029204211,-2.2367559443885377e-05
0.0,0.00566597189372442,0.0005818887505769424,-0.0005818887505769424,8.575269289959332e-05
0.0,-0.0006710555783868699,0.0006777976574520594,-0.0006777976574520594,-1.0156213975523663e-05
0.0,0.0007509755941104146,0.0006562756653356016,-0.0006562756653356016,1.1365778140934104e-05
0.0,-0.0037313402367431525,0.0007241140980231865,-0.0007241140980231865,-5.6472654546650696e-05
0.0,-0.005616897183990499,0.0007526514061628693,-0.0007526514061628693,-8.500996268633359e-05
0.0,0.008805260963896,0.000534376603216021,-0.000534376603216021,0.0001332648402605147
0.0,0.012313502764936146,0.00048128047294482767,-0.00048128047294482767,0.00018636097053170803
0.0,0.0021943252026270788,0.0006344310254313752,-0.0006344310254313752,3.3210418045160516e-05
0.0,0.002921374261968035,0.0006234273678280508,-0.0006234273678280508,4.421407564848494e-05
0.0,0.0008119284117831249,0.000655353163714822,-0.000655353163714822,1.2288279761713775e-05
0.0,0.005260365527706368,0.000588027474664471,-0.000588027474664471,7.961396881206474e-05
0.0,-0.0006517852510764532,0.0006775060071419414,-0.0006775060071419414,-9.864563665405626e-06
0.0,0.007556774896180896,0.0005532720450505938,-0.0005532720450505938,0.00011436939842594187
0.0,-0.0006006499345398986,0.0006767320902963355,-0.0006767320902963355,-9.090646819799765e-06
0.0,-0.016105744611597972,0.0009113967951625099,-0.0009113967951625099,-0.00024375535168597414
0.0,0.012493688211609788,0.00047855342318824584,-0.00047855342318824584,0.0001890880202882899
0.0,0.01068444607751462,0.0005059357307633871,-0.0005059357307633871,0.00016170571271314861
0.0,-0.0031863375266721894,0.000715865654348779,-0.000715865654348779,-4.8224210872243276e-05
0.0,0.0023104108269635937,0.0006326741062160129,-0.0006326741062160129,3.496733726052274e-05
0.0,0.008241457963390042,0.0005429095833410735,-0.0005429095833410735,0.00012473186013546217
0.0,0.0005705832608251526,0.000659005846255628,-0.000659005846255628,8.635597220907723e-06
0.0,0.0057423415255595245,0.0005807329203489696,-0.0005807329203489696,8.690852312756608e-05
0.0,-0.0009489536011326738,0.0006820035561485072,-0.0006820035561485072,-1.4362112671971412e-05
0.0,-0.013674255653625456,0.0008745969786768846,-0.0008745969786768846,-0.00020695553520034887
0.0,0.009579763275017639,0.0005226547556528165,-0.0005226547556528165,0.00014498668782371926
0.0,0.005821250684729495,0.0005795386551778412,-0.0005795386551778412,8.81027882986945e-05
0.0,-0.0048034698371121065,0.0007403404404924868,-0.0007403404404924868,-7.269899701595103e-05
0.0,-0.006005322001165325,0.0007585300929418605,-0.0007585300929418605,-9.08886494653248e-05
0.0,0.001264199922982101,0.0006485081774115829,-0.0006485081774115829,1.9133266064952772e-05
0.0,0.02112288421741404,0.00034795327039262026,-0.00034795327039262026,0.00031968817308391547
0.0,0.0003479475462115911,0.0006623753673937198,-0.0006623753673937198,5.266076082815961e-06
0.0,-0.003786751350190576,0.0007249527277029319,-0.0007249527277029319,-5.7311284226396244e-05
0.0,0.0017063496993998672,0.0006418163803635299,-0.0006418163803635299,2.582506311300581e-05
0.0,-0.001658155060430544,0.0006927370959690052,-0.0006927370959690052,-2.509565249246944e-05
0.0,0.005229094697149161,0.0005885007487963913,-0.0005885007487963913,7.914069468014441e-05
0.0,0.00800782894888763,0.0005464454845966462,-0.0005464454845966462,0.00012119595887988944
0.0,-0.0011932620709189656,0.0006857010875827096,-0.0006857010875827096,-1.805964410617383e-05
0.0,-0.010193100883444606,0.0008219108020521983,-0.0008219108020521983,-0.0001542693585756626
0.0,0.005141103203274655,0.0005898324722312276,-0.0005898324722312276,7.780897124530805e-05
0.0,0.010304127925951478,0.0005116917257218614,-0.0005116917257218614,0.00015594971775467428
0.0,-0.0065285190034379825,0.0007664485141242119,-0.0007664485141242119,-9.880707064767618e-05
0.0,-0.001122238087346461,0.0006846261620507731,-0.0006846261620507731,-1.6984718574237373e-05
0.0,0.011201787981366396,0.0004981059246441177,-0.0004981059246441177,0.0001695355188324181
0.0,-0.0019245297153407392,0.0006967685921372176,-0.0006967685921372176,-2.9127148660681835e-05
0.0,-0.0028710915621273925,0.0007110945063634902,-0.0007110945063634902,-4.3453062886954506e-05
0.0,-0.006482917484461503,0.0007657583495547625,-0.0007657583495547625,-9.811690607822674e-05
0.0,0.006318059504952345,0.0005720196107862575,-0.0005720196107862575,9.562183269027816e-05
0.0,0.0056491496501236416,0.000582143349914256,-0.000582143349914256,8.549809356227972e-05
0.0,0.008904173912846591,0.0005328795870122259,-0.0005328795870122259,0.00013476185646430983
0.0,0.0032365354015160275,0.000618657503642265,-0.000618657503642265,4.898393983427071e-05
0.0,-0.0014021878490156903,0.0006888631131670194,-0.0006888631131670194,-2.122166969048366e-05
0.0,-0.0030549644525015296,0.0007138773644144238,-0.0007138773644144238,-4.6235920937888016e-05
0.0,-0.002799795225030266,0.0007100154588470831,-0.0007100154588470831,-4.237401537054741e-05
0.0,0.008630626525532925,0.0005370196402171802,-0.0005370196402171802,0.0001306218032593555
0.0,0.0011164855071790214,0.000650743788384033,-0.000650743788384033,1.6897655092502648e-05
0.0,-0.0020135845401164643,0.000698116408748994,-0.000698116408748994,-3.0474965272458217e-05
0.0,-0.0072390590731691296,0.0007772023133903179,-0.0007772023133903179,-0.00010956086991378214
0.0,0.001091122364688113,0.0006511276515252182,-0.0006511276515252182,1.6513791951317556e-05
0.0,-0.012334336350379616,0.0008543177237358671,-0.0008543177237358671,-0.0001866762802593313
0.0,0.011099194174331695,0.000499658649471043,-0.000499658649471043,0.0001679827940054928
0.0,-0.00037463099831791524,0.0006733113651690535,-0.0006733113651690535,-5.6699216925178e-06
0.0,0.0014454931932483817,0.0006457643610952461,-0.0006457643610952461,2.187708238128967e-05
0.0,-0.009456980649108493,0.0008107698550838384,-0.0008107698550838384,-0.00014312841160730273
0.0,0.007444797710585593,0.0005549667843447916,-0.0005549667843447916,0.00011267465913174414
0.0,-0.01455068829580164,0.0008878615095678613,-0.0008878615095678613,-0.00022022006609132558
0.0,-0.01202135494776202,0.0008495808491792394,-0.0008495808491792394,-0.00018193940570270363
0.0,-0.0020565070133361507,0.0006987660268080909,-0.0006987660268080909,-3.1124583331555106e-05
0.0,-0.005780602724641426,0.0007551290377531265,-0.0007551290377531265,-8.748759427659076e-05
0.0,-0.002208160119998248,0.0007010612486211867,-0.0007010612486211867,-3.341980514465092e-05
0.0,-0.00875854812743615,0.0008001992997289146,-0.0008001992997289146,-0.00013255785625237884
0.0,0.008731248071466746,0.0005354967649383419,-0.0005354967649383419,0.00013214467853819376
0.0,0.011964576270872662,0.000486561365093816,-0.000486561365093816,0.00018108007838271972
0.0,0.0002130100613548791,0.000664417603556659,-0.000664417603556659,3.223839919876755e-06
0.0,-0.004576430353515626,0.0007369042697034125,-0.0007369042697034125,-6.926282622687683e-05
0.0,0.01020914263474304,0.0005131292980677457,-0.0005131292980677457,0.00015451214540879003
0.0,0.0031784486665891176,0.000619536628007009,-0.000619536628007009,4.810481546952679e-05
0.0,-0.01573051358686217,0.0009057177922598997,-0.0009057177922598997,-0.00023807634878336394
0.0,-0.0034354388154940185,0.0007196357235834835,-0.0007196357235834835,-5.199428010694785e-05
0.0,0.009128437077573048,0.000529485434931313,-0.000529485434931313,0.00013815600854522273
0.0,0.012556739721478527,0.00047759915852473446,-0.00047759915852473446,0.00019004228495180124
0.0,0.01032612390701182,0.0005113588235041533,-0.0005113588235041533,0.0001562826199723824
0.0,0.0013434298232750663,0.0006473090579249838,-0.0006473090579249838,2.0332385551551925e-05
0.0,-5.835618166138978e-06,0.0006677297637121222,-0.0006677297637121222,-8.832023558649568e-08
0.0,0.005090947698625836,0.0005905915599337519,-0.0005905915599337519,7.704988354278379e-05
0.0,0.001649398844549843,0.0006426783135425018,-0.0006426783135425018,2.496312993403389e-05
0.0,-0.00024130405535727206,0.0006712935040484205,-0.0006712935040484205,-3.652060571884837e-06
0.0,0.004837813139759728,0.0005944226714351629,-0.0005944226714351629,7.321877204137274e-05
0.0,0.011715927882596233,0.0004903245798219836,-0.0004903245798219836,0.00017731686365455213
0.0,-0.0020816677921287052,0.0006991468272386934,-0.0006991468272386934,-3.150538376215772e-05
0.0,0.0011647735102702228,0.0006500129647270359,-0.0006500129647270359,1.7628478749499738e-05
0.0,0.0009163899374069473,0.0006537721715576663,-0.0006537721715576663,1.3869271918869422e-05
0.0,0.002501874243978186,0.0006297763679446771,-0.0006297763679446771,3.786507553185869e-05
0.0,-0.002706123039226127,0.0007085977599362585,-0.0007085977599362585,-4.09563164597228e-05
0.0,-0.0073807894850155265,0.0007793473583551647,-0.0007793473583551647,-0.00011170591487862893
0.0,0.0070010425881694704,0.000561682877796882,-0.000561682877796882,0.00010595856567965366
0.0,0.0002488018529340774,0.0006638759061093037,-0.0006638759061093037,3.7655373672320285e-06
0.0,-0.007367046509680453,0.0007791393627693163,-0.0007791393627693163,-0.00011149791929278062
0.0,-0.005975035585443322,0.0007580717176171762,-0.0007580717176171762,-9.043027414064045e-05
0.0,0.00802787620486467,0.0005461420757168418,-0.0005461420757168418,0.00012149936775969394
0.0,0.0011160825806737495,0.0006507498865492757,-0.0006507498865492757,1.689155692726008e-05
0.0,0.0015028090913065117,0.0006448969031027546,-0.0006448969031027546,2.274454037378113e-05
0.0,0.011847649793331305,0.0004883310103565362,-0.0004883310103565362,0.00017931043311999954
0.0,-0.00019981663563317653,0.0006706656050701822,-0.0006706656050701822,-3.0241615936464654e-06
0.0,-0.0011152197300303701,0.0006845199414321617,-0.0006845199414321617,-1.687849795562595e-05
0.0,0.0025808546645145203,0.0006285810242553032,-0.0006285810242553032,3.906041922123253e-05
0.0,0.0027103813151374556,0.0006266206793574607,-0.0006266206793574607,4.1020764119075e-05
0.0,0.008503672791998707,0.0005389410448285012,-0.0005389410448285012,0.0001287003986480346
0.0,0.0023446558536817097,0.0006321558185657072,-0.0006321558185657072,3.548562491082851e-05
0.0,-0.000393860697500914,0.0006736024005853106,-0.0006736024005853106,-5.960957108774924e-06
0.0,0.007664386564552705,0.0005516433764790957,-0.0005516433764790957,0.00011599806699744
0.0,0.0025213273947457537,0.000629481950659348,-0.000629481950659348,3.815949281718769e-05
0.0,-0.0025259318472709014,0.0007058706232266566,-0.0007058706232266566,-3.822917975012095e-05
0.0,-0.001562130321101196,0.0006912837919045085,-0.0006912837919045085,-2.3642348427972863e-05
0.0,-0.003065171894990004,0.0007140318508286564,-0.0007140318508286564,-4.639040735212066e-05
0.0,0.003933590015736899,0.0006081078024808928,-0.0006081078024808928,5.953364099564293e-05
0.0,0.0015724312002203256,0.0006438431945004721,-0.0006438431945004721,2.3798248976063638e-05
0.0,0.0009073212238914774,0.000653909423668985,-0.000653909423668985,1.3732019807550653e-05
0.0,-0.004083652583445674,0.0007294462339811813,-0.0007294462339811813,-6.180479050464558e-05
0.0,0.0026755639309195,0.0006271476294575338,-0.0006271476294575338,4.049381401900189e-05
0.0,0.006195317856513505,0.000573877266821619,-0.000573877266821619,9.376417665491668e-05
0.0,0.005084444409779065,0.0005906899851539568,-0.0005906899851539568,7.69514583225789e-05
0.0,0.005448765178485582,0.0005851761055262735,-0.0005851761055262735,8.246533795026229e-05
0.0,0.0010166989647510949,0.0006522540261488572,-0.0006522540261488572,1.5387417327678603e-05
0.0,0.0007410719362856977,0.0006564255540650121,-0.0006564255540650121,1.1215889411523667e-05
0.0,0.010208065293514812,0.0005131456032865546,-0.0005131456032865546,0.0001544958401899811
0.0,-0.008763028841120457,0.0008002671139136208,-0.0008002671139136208,-0.00013262567043708506
0.0,0.0055170270744306915,0.0005841429833171413,-0.0005841429833171413,8.34984601593944e-05
0.0,0.0028262026252154904,0.0006248677604548183,-0.0006248677604548183,4.277368302171743e-05
0.0,0.006389375498743188,0.000570940265772007,-0.000570940265772007,9.670117770452878e-05
0.0,-0.013927543241993745,0.0008784304062314197,-0.0008784304062314197,-0.00021078896275488396
0.0,-0.007816403936922511,0.0007859402453333685,-0.0007859402453333685,-0.00011829880185683271
0.0,-0.007140265531926926,0.0007757071043844297,-0.0007757071043844297,-0.00010806566090789398
0.0,0.01079203564940956,0.000504307396615079,-0.000504307396615079,0.00016333404686145672
0.0,-0.001558102589770738,0.0006912228334644843,-0.0006912228334644843,-2.3581389987948585e-05
0.0,-0.02314909375473495,0.0010179956571732813,-0.0010179956571732813,-0.0003503542136967456
0.0,-0.005142620237842288,0.0007454733745603033,-0.0007454733745603033,-7.78319310837676e-05
0.0,0.011090468702846357,0.0004997907067227768,-0.0004997907067227768,0.00016785073675375895
0.0,0.0008133101292933098,0.0006553322518572365,-0.0006553322518572365,1.2309191619299252e-05
0.0,-0.004960171878030217,0.000742712076328957,-0.000742712076328957,-7.507063285242132e-05
0.0,0.0157933986591674,0.00042861334900955276,-0.00042861334900955276,0.00023902809446698297
0.0,-0.013693502993456064,0.0008748882810787649,-0.0008748882810787649,-0.00020724683760222915
0.0,-0.018381860868696753,0.0009458450949528683,-0.0009458450949528683,-0.00027820365147633255
0.0,-0.02996879838863975,0.0011212097302584125,-0.0011212097302584125,-0.0004535682867818769
0.0,0.010354085880061037,0.0005109356278842788,-0.0005109356278842788,0.0001567058155922569
0.0,-0.007734647858502863,0.0007847028929396582,-0.0007847028929396582,-0.00011706144946312241
0.0,0.023042611519136447,0.0003188988047434171,-0.0003188988047434171,0.0003487426387331186
0.0,0.004671676849538509,0.0005969370916515071,-0.0005969370916515071,7.070435182502867e-05
0.0,4.303397765514916e-05,0.0006669901378330684,-0.0006669901378330684,6.51305643467326e-07
0.0,0.016847579753558328,0.00041265865150249534,-0.00041265865150249534,0.0002549827919740404
0.0,0.0038237284285767004,0.0006097705228617766,-0.0006097705228617766,5.787092061475913e-05
0.0,0.016133247764330783,0.00042346984027108627,-0.00042346984027108627,0.00024417160320544946
0.0,0.001989779357261412,0.0006375267621188369,-0.0006375267621188369,3.011468135769878e-05
0.0,0.009722284736913167,0.0005204977383956245,-0.0005204977383956245,0.00014714370508091124
0.0,-0.0019845553982971165,0.0006976770618672471,-0.0006976770618672471,-3.003561839071134e-05
0.0,0.004239676828782013,0.0006034752753572152,-0.0006034752753572152,6.416616811932046e-05
0.0,-0.008932805548120926,0.0008028366306867344,-0.0008028366306867344,-0.00013519518721019871
0.0,0.01148337085011919,0.000493844256968588,-0.000493844256968588,0.00017379718650794773
0.0,-0.0031537266931381813,0.0007153720996955448,-0.0007153720996955448,-4.773065621900914e-05
0.0,0.0015951960865450143,0.0006434986551447338,-0.0006434986551447338,2.4142788331801948e-05
0.0,-0.00597597320797616,0.0007580859082377126,-0.0007580859082377126,-9.044446476117692e-05
0.0,-3.937906806072977e-05,0.0006682374332190588,-0.0006682374332190588,-5.95989742523101e-07
0.0,0.010093051774424433,0.0005148862965280412,-0.0005148862965280412,0.00015275514694849458
0.0,-0.02115107439771169,0.0009877562660248664,-0.0009877562660248664,-0.0003201148225483306
0.0,-0.0016025435809103872,0.0006918954338121092,-0.0006918954338121092,-2.4253990335573476e-05
0.0,-0.003018017615584734,0.0007133181857211361,-0.0007133181857211361,-4.567674224460037e-05
0.0,-0.01726024985928465,0.0009288698670048708,-0.0009288698670048708,-0.00026122842352833503
0.0,0.0115800702824842,0.0004923807416383503,-0.0004923807416383503,0.00017526070183818544
0.0,0.004472672652839682,0.0005999489572387942,-0.0005999489572387942,6.769248623774153e-05
0.0,0.010665025888896507,0.0005062296491770075,-0.0005062296491770075,0.00016141179429952823
0.0,0.007495302358939249,0.000554202412462702,-0.000554202412462702,0.00011343903101383375
0.0,0.005407711405364557,0.0005857974414003034,-0.0005857974414003034,8.184400207623226e-05
0.0,0.0012566297656613212,0.0006486227493487734,-0.0006486227493487734,1.901869412776236e-05
0.0,0.00026455008109871336,0.0006636375616559875,-0.0006636375616559875,4.0038818205482374e-06
0.0,-0.002896455862498093,0.0007114783870288198,-0.0007114783870288198,-4.383694355228411e-05
0.0,0.01697685316676334,0.0004107021392728936,-0.0004107021392728936,0.0002569393042036421
0.0,-0.0019410273951238066,0.0006970182793037847,-0.0006970182793037847,-2.9376835827248994e-05
0.0,0.0028092730585327352,0.0006251239840930396,-0.0006251239840930396,4.251745938349617e-05
0.0,0.0025111788443470395,0.0006296355457604252,-0.0006296355457604252,3.800589771611052e-05
0.0,-0.0018612489301417234,0.0006958108574640847,-0.0006958108574640847,-2.816941398754894e-05
0.0,0.00403867571712313,0.0006065173636209519,-0.0006065173636209519,6.112407985558377e-05
0.0,-0.0012532169669905446,0.0006866084859756221,-0.0006866084859756221,-1.896704249908637e-05
0.0,0.004236552581176722,0.0006035225598567616,-0.0006035225598567616,6.411888361977406e-05
0.0,-0.009324107094664358,0.0008087588558550309,-0.0008087588558550309,-0.00014111741237849513
0.0,0.00013839090212397487,0.0006655469409353073,-0.0006655469409353073,2.0945025412284717e-06
0.0,-0.001681413492255035,0.0006930891049798124,-0.0006930891049798124,-2.5447661503276708e-05
0.0,0.008970249395274354,0.0005318795554802841,-0.0005318795554802841,0.00013576188799625162
0.0,-0.009586022165882668,0.0008127228576342905,-0.0008127228576342905,-0.0001450814141577548
0.0,0.009689347495581924,0.0005209962331276521,-0.0005209962331276521,0.00014664521034888367
0.0,0.007113411987488272,0.0005599822024720063,-0.0005599822024720063,0.00010765924100452946
0.0,-0.002070122839989974,0.0006989720980388557,-0.0006989720980388557,-3.1330654562320056e-05
0.0,0.006051847587953629,0.0005760486439676412,-0.0005760486439676412,9.159279950889451e-05
0.0,0.0077076668832223305,0.0005509883425422731,-0.0005509883425422731,0.00011665310093426267
0.0,-0.007609466332438197,0.0007828083101279758,-0.0007828083101279758,-0.00011516686665144004
0.0,0.004679145956573816,0.0005968240490784329,-0.0005968240490784329,7.08173943981029e-05
0.0,-0.00017116047891174713,0.0006702319031999458,-0.0006702319031999458,-2.590459723410031e-06
0.0,0.00397155273894878,0.0006075332486697759,-0.0006075332486697759,6.0108194806759856e-05
0.0,-0.0018227694906369774,0.0006952284833152729,-0.0006952284833152729,-2.7587039838737207e-05
0.0,-0.0004748538883844189,0.0006748282069174041,-0.0006748282069174041,-7.186763440868449e-06
0.0,-0.009191323428069387,0.0008067492170503957,-0.0008067492170503957,-0.00013910777357386002
0.0,0.002145772011323821,0.0006351658626281031,-0.0006351658626281031,3.247558084843263e-05
0.0,-0.00029944716993013376,0.0006721734817012774,-0.0006721734817012774,-4.532038224741684e-06
0.0,0.0026514435020339455,0.0006275126845212768,-0.0006275126845212768,4.012875895525892e-05
0.0,0.001614127248163344,0.0006432121380001134,-0.0006432121380001134,2.4429305476422318e-05
0.0,-0.003300233889343751,0.0007175894397811375,-0.0007175894397811375,-4.994799630460183e-05
0.0,-0.018614700871699585,0.0009493690547688987,-0.0009493690547688987,-0.0002817276112923629
0.0,0.004092509543626166,0.0006057026056803349,-0.0006057026056803349,6.193883779620078e-05
0.0,-0.002812083478299976,0.000710201437674489,-0.000710201437674489,-4.2559994197953344e-05
0.0,0.012265644545291332,0.0004820047919652712,-0.0004820047919652712,0.00018563665151126452
0.0,0.025295927786425976,0.00028479557558893536,-0.00028479557558893536,0.00038284586788760037
0.0,0.007431229727488331,0.0005551721314784573,-0.0005551721314784573,0.00011246931199807849
0.0,0.0037568333092317108,0.0006107829593392724,-0.0006107829593392724,5.685848413726333e-05
0.0,0.0009690634297987444,0.0006529749749068983,-0.0006529749749068983,1.4666468569637441e-05
0.0,-0.00289265965137242,0.000711420932573883,-0.000711420932573883,-4.3779489097347186e-05
0.0,0.00023222772482434095,0.0006641267502971202,-0.0006641267502971202,3.5146931794154704e-06
0.0,-0.006049734794859041,0.0007592022665300578,-0.0007592022665300578,-9.156082305352217e-05
0.0,-0.013203489851361216,0.0008674720871266972,-0.0008674720871266972,-0.00019983064365016153
0.0,0.003917814394541086,0.0006083465615190736,-0.0006083465615190736,5.929488195746217e-05
0.0,0.003963584828470035,0.0006076538404752333,-0.0006076538404752333,5.998760300130242e-05
0.0,2.195086225209586e-05,0.0006673092241177228,-0.0006673092241177228,3.3221935881293743e-07
0.0,0.0053404615405816536,0.0005868152468378234,-0.0005868152468378234,8.08261966387124e-05
0.0,0.003467959094991535,0.0006151549792230607,-0.0006151549792230607,5.248646425347498e-05
0.0,0.003020480305938378,0.0006219274291921928,-0.0006219274291921928,4.571401428434288e-05
0.0,0.005722005647630368,0.0005810406974307504,-0.0005810406974307504,8.660074604578528e-05
0.0,-0.003801238017440034,0.0007251719788307318,-0.0007251719788307318,-5.753053535419611e-05
0.0,0.005607785488815242,0.0005827693834153499,-0.0005827693834153499,8.487206006118574e-05
0.0,0.0024484564662998753,0.0006305848291178961,-0.0006305848291178961,3.705661435863959e-05
0.0,0.0004514491145146682,0.0006608089038870528,-0.0006608089038870528,6.832539589482932e-06
0.0,0.006051417924264779,0.0005760551467917023,-0.0005760551467917023,9.158629668483341e-05
0.0,-0.0018697756269248078,0.000695939906323557,-0.000695939906323557,-2.8298462847021336e-05
0.0,0.0024954538421815275,0.0006298735386955893,-0.0006298735386955893,3.776790478094645e-05
0.0,-0.006144213927296471,0.0007606321783230021,-0.0007606321783230021,-9.299073484646638e-05
0.0,-0.002963883313944371,0.0007124988801843329,-0.0007124988801843329,-4.485743670779712e-05
0.0,0.008165786048233592,0.0005440548538477491,-0.0005440548538477491,0.00012358658962878662
0.0,-0.005414022527810203,0.0007495809623952593,-0.0007495809623952593,-8.19395189187236e-05
0.0,-2.6466639124200775e-05,0.0006680420076903144,-0.0006680420076903144,-4.0056421377870287e-07
0.0,0.0037993543260221863,0.0006101394171962817,-0.0006101394171962817,5.750202628025396e-05
0.0,-0.003863994965801476,0.0007261217853989774,-0.0007261217853989774,-5.84803419224417e-05
0.0,-0.02949284635160343,0.0011140063466849577,-0.0011140063466849577,-0.000446364903208422
0.0,-0.0008651123249070469,0.0006807346449453914,-0.0006807346449453914,-1.3093201468855613e-05
0.0,0.010869123768910471,0.0005031406923034867,-0.0005031406923034867,0.000164500751173049
0.0,0.007287273468533639,0.0005573508639354235,-0.0005573508639354235,0.00011029057954111223
0.0,0.01104275925539211,0.0005005127741231612,-0.0005005127741231612,0.00016712866935337443
0.0,-0.00040565878647391695,0.0006737809609310872,-0.0006737809609310872,-6.139517454551537e-06
0.0,-0.011055736101235558,0.0008349665132881707,-0.0008349665132881707,-0.00016732506981163495
0.0,-0.010701995701766776,0.0008296127642031419,-0.0008296127642031419,-0.00016197132072660615
0.0,-0.004284800394927402,0.0007324905425003469,-0.0007324905425003469,-6.484909902381114e-05
0.0,-0.0022238866412221947,0.0007012992645468197,-0.0007012992645468197,-3.365782107028404e-05
0.0,0.01259602672149196,0.0004770045622029932,-0.0004770045622029932,0.00019063688127354255
0.0,0.005538045085450305,0.0005838248823667428,-0.0005838248823667428,8.381656110979293e-05
0.0,-0.01110391288210788,0.000835695653632056,-0.000835695653632056,-0.00016805421015552035
0.0,0.001560360190925314,0.0006440258854090186,-0.0006440258854090186,2.361555806751717e-05
0.0,-0.01541164380306681,0.0009008917989161894,-0.0009008917989161894,-0.00023325035543965368
0.0,0.0015754440882007614,0.0006437975953936334,-0.0006437975953936334,2.384384808290237e-05
0.0,0.0011462798112440442,0.00065029286101366,-0.00065029286101366,1.7348582462875743e-05
0.0,0.018312792279639112,0.00039048312325449836,-0.00039048312325449836,0.00027715832022203737
0.0,-0.0021126894641922966,0.0006996163304356026,-0.0006996163304356026,-3.197488695906687e-05
0.0,0.009991058969353706,0.0005164299253802925,-0.0005164299253802925,0.00015121151809624323
0.0,0.008768227105582893,0.0005349370989506236,-0.0005349370989506236,0.00013270434452591207
0.0,0.006137941522227575,0.0005747456394973069,-0.0005747456394973069,9.289580397922881e-05
0.0,0.00531348622041139,0.0005872235097783775,-0.0005872235097783775,8.041793369815829e-05
0.0,-0.002855132319398823,0.0007108529682714766,-0.0007108529682714766,-4.321152479494088e-05
0.0,-0.014580715690809543,0.0008883159646959462,-0.0008883159646959462,-0.0002206745212194104
0.0,0.009217869449967608,0.0005281319042557148,-0.0005281319042557148,0.00013950953922082084
0.0,-0.004678895760321544,0.0007384550512334783,-0.0007384550512334783,-7.081360775694265e-05
0.0,0.005275414405311762,0.000587799714660718,-0.000587799714660718,7.984172881581771e-05
0.0,-0.005046825754019935,0.0007440235553400929,-0.0007440235553400929,-7.638211186355725e-05
0.0,-0.007608597684666707,0.0007827951634186409,-0.0007827951634186409,-0.00011515371994210513
0.0,0.007224881828679752,0.0005582951416749262,-0.0005582951416749262,0.00010934630180160944
0.0,0.003908672930614365,0.0006084849146848612,-0.0006084849146848612,5.91565287916745e-05
0.0,0.003644298722618622,0.0006124861347216112,-0.0006124861347216112,5.5155308754924544e-05
0.0,-0.009464770111542897,0.0008108877461345742,-0.0008108877461345742,-0.00014324630265803847
0.0,0.006712541085862833,0.0005660492568034165,-0.0005660492568034165,0.00010159218667311925
0.0,0.00033958278885926063,0.0006625019653511167,-0.0006625019653511167,5.139478125419017e-06
0.0,-0.0027238667143857365,0.000708866304848837,-0.000708866304848837,-4.1224861372301235e-05
0.0,0.010426292122230674,0.0005098428092423324,-0.0005098428092423324,0.00015779863423420333
0.0,-7.194380749464546e-05,0.0006687302902526641,-0.0006687302902526641,-1.0888467761283705e-06
0.0,0.0024449877750611915,0.0006306373266629128,-0.0006306373266629128,3.700411681362285e-05
0.0,0.0023769693899173827,0.0006316667634130711,-0.0006316667634130711,3.597468006346467e-05
0.0,-0.0043341850761716705,0.0007332379640343956,-0.0007332379640343956,-6.55965205578598e-05
0.0,-0.01706412670256352,0.0009259016050465943,-0.0009259016050465943,-0.0002582601615700586
0.0,-0.00496910650440241,0.0007428472990737638,-0.0007428472990737638,-7.520585559722806e-05
0.0,-0.004679730915472358,0.0007384676910425905,-0.0007384676910425905,-7.082624756605475e-05
0.0,0.00013602428004699796,0.0006655827590120614,-0.0006655827590120614,2.0586844644743006e-06
0.0,-0.015864553655509872,0.0009077464463122994,-0.0009077464463122994,-0.0002401050028357636
0.0,0.01585414463498891,0.0004276939778747828,-0.0004276939778747828,0.0002399474656017529
0.0,-0.0175967394669998,0.0009339625308118094,-0.0009339625308118094,-0.0002663210873352737
0.0,-0.012234826602200433,0.0008528116751644689,-0.0008528116751644689,-0.0001851702316879332
0.0,0.011159277893187936,0.0004987493013860213,-0.0004987493013860213,0.00016889214209051443
0.0,-0.017819007085749905,0.0009373264809354083,-0.0009373264809354083,-0.0002696850374588725
0.0,0.00552061780274804,0.00058408863877953,-0.00058408863877953,8.355280469700577e-05
0.0,-0.0269730913054258,0.0010758706508661355,-0.0010758706508661355,-0.00040822920738959977
0.0,-0.007567865323653167,0.0007821786920152197,-0.0007821786920152197,-0.00011453724853868391
0.0,0.004886869929446425,0.0005936802124361512,-0.0005936802124361512,7.396123104038448e-05
0.0,-0.013890984206835322,0.000877877096795113,-0.000877877096795113,-0.00021023565331857735
0.0,0.021265869083087807,0.00034578923966578363,-0.00034578923966578363,0.0003218522038107521
0.0,0.006416130719105961,0.0005705353339724385,-0.0005705353339724385,9.710610950409717e-05
0.0,-0.010653512117636543,0.0008288789804889663,-0.0008288789804889663,-0.0001612375370124306
0.0,0.010798495567894584,0.0005042096277915844,-0.0005042096277915844,0.0001634318156849513
0.0,-0.0021848931523151816,0.0007007091104228591,-0.0007007091104228591,-3.306766694632335e-05
0.0,0.0008246534476661349,0.0006551605743206846,-0.0006551605743206846,1.2480869155851199e-05
0.0,0.017646000146633645,0.00040057481133237493,-0.00040057481133237493,0.0002670666321441608
0.0,0.0015743334544251475,0.0006438144044846191,-0.0006438144044846191,2.382703899191665e-05
0.0,-0.011156934922627149,0.0008364981254485144,-0.0008364981254485144,-0.00016885668197197862
0.0,-0.003306980860763864,0.0007176915530600319,-0.0007176915530600319,-5.005010958349615e-05
0.0,-0.01973722070834405,0.0009663580375296656,-0.0009663580375296656,-0.00029871659405312985
0.0,0.005538521570653376,0.00058381767091387,-0.00058381767091387,8.382377256266574e-05
0.0,0.0037812354559083605,0.0006104136405658469,-0.0006104136405658469,5.7227802910688815e-05
0.0,0.006728194715792668,0.0005658123440644698,-0.0005658123440644698,0.0001018290994120659
0.0,-0.04839563335990149,0.0014000940505552104,-0.0014000940505552104,-0.0007324526070786746
0.0,-0.05974960534553109,0.0015719328261680349,-0.0015719328261680349,-0.000904291382691499
0.0,-0.0023314724921273955,0.0007029275423791248,-0.0007029275423791248,-3.528609890258912e-05
0.0,-0.015700524562941354,0.000905263917866084,-0.000905263917866084,-0.0002376224743895483
0.0,0.09515387644904849,-0.0007724823867137822,0.0007724823867137822,0.001440123830190318
0.0,-0.03460757958472693,0.001191416216770825,-0.001191416216770825,-0.0005237747732942895
0.0,0.018092095201708958,0.0003938233037394287,-0.0003938233037394287,0.00027381813973710703
0.0,0.007944712390868913,0.0005474007337433378,-0.0005474007337433378,0.00012024070973319793
0.0,-0.0017277808903947145,0.0006937908608882082,-0.0006937908608882082,-2.6149417411672412e-05
0.0,-0.0224083715440897,0.0010067850607487344,-0.0010067850607487344,-0.00033914361727219877
0.0,0.0013268380955802073,0.0006475601684769558,-0.0006475601684769558,2.0081274999579935e-05
0.0,-0.023567493023827546,0.00102432799780343,-0.00102432799780343,-0.00035668655432689433
0.0,0.025117204723895226,0.0002875004926239544,-0.0002875004926239544,0.00038014095085258135
0.0,0.01666113847096007,0.00041548038135755564,-0.00041548038135755564,0.0002521610621189801
0.0,0.020259113708281262,0.0003610261639040456,-0.0003610261639040456,0.00030661527957249015
0.0,0.007373133469998461,0.0005560513999641803,-0.0005560513999641803,0.00011159004351235543
0.0,0.0006407067039131409,0.0006579445501191529,-0.0006579445501191529,9.696893357382848e-06
0.0,0.005802410694099036,0.0005798237924783906,-0.0005798237924783906,8.781765099814516e-05
0.0,0.00147999135976562,0.0006452422422541293,-0.0006452422422541293,2.2399201222406474e-05
0.0,0.006299102138585644,0.000572306524531458,-0.000572306524531458,9.533491894507775e-05
0.0,0.01472657412963474,0.0004447594009093324,-0.0004447594009093324,0.0002228820425672033
0.0,-0.006381597588933863,0.0007642249049756561,-0.0007642249049756561,-9.658346149912038e-05
0.0,-0.007693239651855532,0.0007840761928262876,-0.0007840761928262876,-0.00011643474934975186
0.0,0.00434635623313584,0.0006018607163068258,-0.0006018607163068258,6.578072716970996e-05
0.0,0.005799775094835535,0.000579863681439806,-0.000579863681439806,8.777776203672979e-05
0.0,-0.0007114809122162891,0.0006784094820961381,-0.0006784094820961381,-1.076803861960234e-05
0.0,0.032558782749008364,0.00017487456241369655,-0.00017487456241369655,0.0004927668810628392
0.0,0.0072482009835321826,0.0005579422136402932,-0.0005579422136402932,0.00010969922983624253
0.0,0.001024415597859818,0.0006521372373469352,-0.0006521372373469352,1.5504206129600492e-05
0.0,0.004132332074135769,0.0006050999042738813,-0.0006050999042738813,6.254153920265446e-05
0.0,0.007005272294898557,0.0005616188625230689,-0.0005616188625230689,0.00010602258095346687
0.0,0.0008761131291423752,0.0006543817483142882,-0.0006543817483142882,1.3259695162247473e-05
0.0,-0.0038802294486252054,0.000726367489162794,-0.000726367489162794,-5.872604568625827e-05
0.0,-0.01613513066101424,0.0009118415437278736,-0.0009118415437278736,-0.0002442001002513379
0.0,-0.00044487103794299543,0.000674374425957247,-0.000674374425957247,-6.732982480711277e-06
0.0,-0.006708297825321674,0.0007691694097431821,-0.0007691694097431821,-0.00010152796626664635
0.0,0.0204590558452733,0.00035800010288701925,-0.00035800010288701925,0.0003096413405895165
0.0,-0.005571225417268844,0.0007519601784160106,-0.0007519601784160106,-8.431873493947487e-05
0.0,0.004011194261904327,0.000606933286755414,-0.000606933286755414,6.070815672112168e-05
0.0,-8.118516130162234e-05,0.0006688701552202019,-0.0006688701552202019,-1.2287117436662275e-06
0.0,0.0041020419271569075,0.0006055583360699583,-0.0006055583360699583,6.208310740657746e-05
0.0,0.005800290454605506,0.0005798558816326562,-0.0005798558816326562,8.778556184387957e-05
0.0,7.36874595066439e-05,0.000666526207078589,-0.000666526207078589,1.115236397946698e-06
0.0,-0.005277383403094138,0.0007475129724511468,-0.0007475129724511468,-7.987152897461114e-05
0.0,0.010280683010067904,0.0005120465571099323,-0.0005120465571099323,0.00015559488636660338
0.0,0.0009199480792858594,0.0006537183202054961,-0.0006537183202054961,1.3923123271039644e-05
0.0,0.00548298940767844,0.0005846581326399358,-0.0005846581326399358,8.298331083659995e-05
0.0,-0.002743888954607865,0.0007091693351231014,-0.0007091693351231014,-4.15278916465657e-05
0.0,0.0038224199557175265,0.0006097903261847307,-0.0006097903261847307,5.7851117291805045e-05
0.0,-0.011296379879250695,0.0008386085807712773,-0.0008386085807712773,-0.0001709671372947416
0.0,0.009392659896159117,0.0005254865061254056,-0.0005254865061254056,0.00014215493735113009
0.0,-0.008352184790166306,0.0007940491191208621,-0.0007940491191208621,-0.00012640767564432628
0.0,-0.0003092402101070313,0.0006723216962675679,-0.0006723216962675679,-4.680252791032244e-06
0.0,-0.002178658486505891,0.0007006147507273816,-0.0007006147507273816,-3.29733072508459e-05
0.0,0.009606504133156335,0.0005222500412209678,-0.0005222500412209678,0.00014539140225556794
0.0,0.01112172017970181,0.0004993177255030124,-0.0004993177255030124,0.00016832371797352333
0.0,-3.2861029504172024e-06,0.0006676911776055482,-0.0006676911776055482,-4.9734129012479646e-08
0.0,0.008020121275230219,0.0005462594441245703,-0.0005462594441245703,0.0001213819993519654
0.0,0.005218970885222163,0.000588653969488522,-0.000588653969488522,7.898747398801379e-05
0.0,0.005164427424532603,0.0005894794675181492,-0.0005894794675181492,7.816197595838653e-05
