nasdaq_Close,SPX_Close,Prediction,Residual,Excess
-0.0037524606154797358,0.0031156756258232665,0.00015362466753802287,-0.0039060852830177586,-0.003750256419534948
0.010084705176703457,0.0005455206301101523,0.00015544293294796256,0.009929262243755494,0.010085091107238304
-0.013071368858992516,0.00400120187417663,0.00015299819880377916,-0.013224367057796295,-0.013068538194313485
0.01442263521653886,0.0028817272914287706,0.00015379017512991987,0.01426884504140894,0.01442467390489175
0.006768419510583934,0.0017467554316374923,0.00015459311506052932,0.0066138263955234046,0.006769655259006215
0.004574758474046536,-0.009381166148364262,0.00016246560326734443,0.004412292870779192,0.004568121734262002
0.0034055174728424564,0.008325925658531075,0.00014993865738400057,0.003255578815458456,0.0034114076789412665
0.00015790307170071571,0.0024264254383745687,0.00015411228006595318,3.790791634762533e-06,0.00015961965511757307
0.0009074740721692898,-0.010823130159869354,0.00016348572590153213,0.0007439883462677576,0.0008998172097505682
-0.003705740346013897,0.012499626599363545,0.00014698595761888672,-0.0038527263036327837,-0.003696897440149973
-0.0065289475075688275,-0.010597829662970737,0.00016332633625342285,-0.00669227384382225,-0.00653644498033944
0.0052574838420820225,-0.01894490338978838,0.0001692315036293218,0.0050882523384527005,0.005244081201935511
0.009667561538031277,-0.022140988764300484,0.0001714925857404717,0.009496068952290805,0.009651897815773617
0.0038457370085174247,0.004598098012701168,0.00015257592248043835,0.0036931610860369865,0.0038489899495197967
-0.013838468859995401,-0.004203199573680982,0.00015880243216199316,-0.013997271292157394,-0.013841442428674584
-0.002576490548178323,0.004880152210944955,0.00015237638222187404,-0.002728866930400197,-0.0025730380669173863
-0.010213805374944651,-0.011817740959567224,0.00016418936689456933,-0.01037799474183922,-0.01022216587835641
-0.0006023578474416702,-0.009829173828039273,0.00016278254791414552,-0.0007651403953558157,-0.0006093115318730052
-0.017918849533200998,0.014266108894671836,0.0001457362533558414,-0.018064585786556838,-0.01790875692307403
-0.010063785415933446,0.01297294837718499,0.00014665110442216536,-0.01021043652035561,-0.010054607656872801
0.003967244783042556,-0.00547431142933863,0.0001597016848230823,0.003807543098219474,0.003963371961702284
0.01218409430434697,-0.031140677888039425,0.00017785944822977637,0.012006234856117194,0.012162063719600005
-0.0018706836860655773,0.002897118921960873,0.00015377928626545616,-0.0020244629723310337,-0.0018686341088482228
0.005785586787397268,-0.00886329049344714,0.00016209923026977958,0.005623487557127488,0.005779316420610299
0.014704650728307067,0.013040132316577413,0.00014660357490223195,0.014558047153404835,0.014713876016887647
0.001916231961237802,-0.0022325735201887964,0.00015740830566185322,0.0017588236555759488,0.0019146525190587593
0.004502480641721096,0.009680437561949251,0.0001489804030586993,0.004353500238662397,0.0045093291021452075
-0.002776635976114994,-0.002744592819371894,0.00015777053555945822,-0.002934406511674452,-0.002778577648191642
0.00767699057525828,0.01800074864554846,0.00014309416901114974,0.0075338964062471305,0.007689725269729941
-0.006750022182866022,0.0042379594555796984,0.00015283070379996645,-0.006902852886665989,-0.006747024023183178
-0.00552424652460759,0.006584742448973557,0.00015117046371769906,-0.005675416988325289,-0.005519588124842478
0.002677560030212245,0.002186622042297248,0.00015428192984232882,0.002523278100369916,0.0026791069638527265
-0.008927931632065955,-0.0010458578339902491,0.00015656875937486014,-0.009084500391440816,-0.008928671527958005
0.002855372560251146,-0.012102809596931441,0.000164391039728948,0.002690981520522198,0.0028468103840050083
-0.0050126371716627816,0.00972045942422195,0.00014895208944806757,-0.005161589261110849,-0.005005760397628039
-0.012090983590411608,-0.002081040179913507,0.00015730110285442148,-0.01224828469326603,-0.01209245582978322
0.003182164056706016,0.0014053791778985136,0.00015483462292094382,0.003027329433785072,0.003183158297267883
0.00549003623138411,0.01015850827289455,0.00014864219021213285,0.0053413940411719775,0.005497222904654788
-0.01888779088565995,0.0023304422719907514,0.00015418018370276236,-0.01904197106936271,-0.0188861422058799
0.010140950245870473,0.00042920160206150193,0.00015552522326336044,0.009985425022607112,0.010141253886089923
0.015181198317868017,0.0037361180334851696,0.00015318573332176238,0.015028012584546254,0.015183841448029065
0.0025728486502289982,0.014007480947064943,0.0001459192206290065,0.002426929429599992,0.002582758293082802
0.014033711141785199,-0.00017559601339156572,0.00015595308951501705,0.013877758052270182,0.014033586915752993
0.002609720014543182,0.0017127370855292146,0.00015461718146202462,0.0024551028330811572,0.002610931696563968
0.008045362372504972,0.00452455995494172,0.00015262794724429934,0.007892734425260672,0.008048563288743482
0.007433534416992682,0.004041519314613495,0.00015296967608531046,0.007280564740907372,0.007436393604390182
-0.006213653014575993,-0.00021734594703937127,0.00015598262565596796,-0.0063696356402319606,-0.00621380677674915
0.007463851693378265,0.000452194832708086,0.0001555089566195132,0.007308342736758752,0.0074641716002415625
-0.00496484018694221,0.0077791163013856135,0.00015032549963343197,-0.0051151656865756415,-0.004959336823092832
0.005535395427401779,0.005821675803744153,0.00015171029796458827,0.005383685129437191,0.005539513992920002
0.007171904198571832,-0.0003258460273372066,0.00015605938442861408,0.007015844814143218,0.007171673677626029
0.0016551850583044203,-0.005086446449439896,0.0001594272883458842,0.001495757769958536,0.0016515866334413467
0.004380646898529905,0.005095296193887933,0.00015222417783614854,0.004228422720693756,0.004384251584176567
0.006465955266642842,0.007170966908320198,0.0001507557371122342,0.006315199529530608,0.006471028393013419
0.009959767963726884,-0.005493304207041971,0.00015971512133208438,0.0098000528423948,0.009955881705877611
0.00549528242144004,-0.001704167338318907,0.00015703448280506255,0.005338247938634977,0.005494076802117788
0.0003368681009650043,0.000737722599547963,0.00015530695897233307,0.00018156114199267123,0.00033739000547548174
0.005500930901645162,0.005683234964352302,0.00015180823843510816,0.005349122663210054,0.005504951526692865
0.00048374621383051597,4.265937281555665e-05,0.00015579868395584442,0.0003279475298746716,0.0004837763933574821
-0.012572979554109631,-0.00327287474868454,0.0001581442705133297,-0.01273112382462296,-0.01257529496114015
0.006592556813320716,0.0074138011482498545,0.00015058394315445753,0.006441972870166258,0.006597801733649069
-0.0005987502386217702,0.00792799084446738,0.0001502201778016523,-0.0007489704164234225,-0.000593141552940612
0.0013106461639560418,0.0016842957106795176,0.00015463730241511368,0.001156008861540928,0.0013118377250237387
0.01193015622811533,-0.005876707172041695,0.00015998636114076913,0.01177016986697456,0.01192599873045737
0.0126764476386656,0.003374341747336196,0.00015344167325859044,0.01252300596540701,0.01267883482888982
-0.0031385547119054946,0.00668390656297202,0.00015110030970804148,-0.0032896550216135363,-0.0031338261581307257
-0.002818909106813816,0.0017666094762833762,0.00015457906924512625,-0.0029734881760589424,-0.0028176593125761318
0.006498237411311614,0.0006854008197059169,0.00015534397420395606,0.006342893437107658,0.0064987223005904685
0.007003491523183802,0.011150066851666862,0.00014794070852378415,0.0068555508146600184,0.007011379678142829
0.001159095499451146,0.0008425387276917995,0.00015523280642490864,0.0010038626930262374,0.0011596915565090478
-0.006186918781261985,-0.016126534744455467,0.00016723763857884243,-0.006354156419840828,-0.006198327556358017
0.0003640547480159295,0.004521331252766547,0.0001526302314012836,0.0002114245166146459,0.00036725338009745644
0.010226384914419961,0.008058340784849571,0.00015012796126678184,0.01007625695315318,0.01023208581663599
-0.004431015234182656,-0.0010189969053922,0.00015654975651416492,-0.004587564990696821,-0.0044317361272140105
0.0012303037189056454,0.002263879356942944,0.00015422727387678613,0.0010760764450288593,0.0012319053085116697
0.008890464880213944,0.0071235200993795544,0.00015078930352813237,0.008739675576685813,0.008895504440168622
-0.00297317638407979,-0.004296448099761374,0.00015886840116766896,-0.0031320447852474587,-0.002976215921764648
-0.009808512384796408,-0.023381945257149872,0.00017237050488151635,-0.009980882889677925,-0.009825054026195114
-0.009433966911376879,0.006462752419523099,0.00015125676600346674,-0.009585223677380345,-0.009429394813897535
-0.012454245971695421,0.012943228020842135,0.0001466721301953189,-0.01260091810189074,-0.01244508923840793
-0.0010756234040458779,-0.016647680109796337,0.0001676063247448247,-0.0012432297287907025,-0.001087400865307892
-0.014147305914290698,0.013120586781854904,0.00014654665710095799,-0.014293852571391655,-0.014138023707908846
0.006742016090286684,-0.02383846584506677,0.00017269347201591842,0.006569322618270766,0.006725151481753577
0.011410880436777182,-0.006586554728659322,0.0001604885453517139,0.011250391891425468,0.011406220754908278
0.009506538951477683,-0.032353496411350324,0.0001787174610629123,0.009327821490414771,0.009483650353897581
0.015133202756817399,-0.015308264998017185,0.00016665875069915017,0.014966544006118248,0.01512237286960106
0.010828744582635164,0.04397412445198401,0.00012471921073549044,0.010704025371899673,0.010859854235382483
-0.003713812335987554,-0.003397292018489928,0.0001582322899590299,-0.003872044625946584,-0.0037162157624637737
0.008243748004493678,0.013739523915341278,0.00014610878779633526,0.008097639216697343,0.008253468080180154
-0.001421948937388784,-0.012145144968583543,0.0001644209900401239,-0.0015863699274289078,-0.0014305410639460973
0.00281238959353014,-0.018800014512092122,0.0001691290014708763,0.0026432605920592637,0.0027990894555420744
-0.008519950157482414,0.0011093685155389998,0.00015504403673032084,-0.008674994194212735,-0.008519165330729925
3.57628929914533e-05,-0.014195906037184347,0.00016587180834536514,-0.00013010891535391184,2.571994812889869e-05
0.014249857439624147,-0.005130263873571406,0.00015945828714042533,0.014090399152483722,0.014246228015966533
0.0022592573650768166,-0.03897590341661106,0.00018340250675404456,0.002075854858322772,0.0022316837218055827
0.008910982800476086,0.015024380686144978,0.0001451998112455141,0.008765782989230572,0.008921611852713382
0.005830025576226694,-0.012908014000787449,0.0001649606844849664,0.005665064891741727,0.005820893755224538
0.00472021412413115,0.00035393738571354305,0.00015557846920433285,0.004564635654926818,0.0047204645184096275
0.00887798071045287,-0.0056609945338124135,0.0001598337544578129,0.008718146955995059,0.008873975819477868
0.0108200685136417,0.032876173067238,0.00013257049641971313,0.010687498017221988,0.010843326880704798
0.0027099619367585426,-0.01237468831159061,0.0001645833813049962,0.0025453785554535465,0.0027012074189363567
0.004966029147525974,-0.01716532127985071,0.00016797253185522873,0.0047980566156707455,0.004953885479153556
0.008740087715123357,0.025842707133391096,0.00013754634723059177,0.008602541367892765,0.008758370231375576
0.004332180222420101,0.004051376711240895,0.00015296270243455803,0.004179217519985543,0.004335046383468354
0.0065365554873917375,-0.034411425771964765,0.00018017335060216023,0.006356382136789577,0.0065122110002723875
-0.005208442888159581,-0.01353207320412908,0.00016540217741635896,-0.00537384506557594,-0.005218016202093129
0.006395584018649592,0.010976067492112662,0.00014806380499748196,0.006247520213652109,0.00640334907713492
-0.011195224624206523,-0.005941674758709992,0.00016003232269398408,-0.011355256946900507,-0.011199428083417697
-0.007792262982239673,0.029506792849203878,0.00013495417659215603,-0.007927217158831828,-0.007771388295349018
0.009934232413261412,0.004379678623643857,0.00015273044406401812,0.009781501969197394,0.009937330832680205
-0.00019934699518719956,-0.0018046635646612463,0.00015710557922239633,-0.0003564525744095959,-0.00020062371092678536
-0.016818494116318305,0.023494191121040897,0.00013920781334336252,-0.01695770192966167,-0.016801873066178856
0.00868829560150397,-0.0005559347650669899,0.00015622216153494758,0.008532073439969022,0.008687902303451834
0.0065354803789008376,0.0012830081640498037,0.00015492119473549645,0.006380559184165341,0.006536388047648152
0.0022310377932521774,0.0013171307943036226,0.0001548970545578067,0.0020761407386943706,0.0022319696021771813
-0.01239246513479475,-0.003856841152281021,0.00015855739964912012,-0.01255102253444387,-0.01239519367096106
-0.0039022774724802867,-0.016070691127224812,0.0001671981318106725,-0.004069475604290959,-0.003913646740808149
0.003681109300322616,-0.0029854738442266493,0.0001579409477081943,0.0035231683526144217,0.003678997216097232
-0.0023553616291281942,-0.01680350261882635,0.00016771656194014244,-0.0025230781910683367,-0.002367249327585526
-0.005834929707740022,0.002859362131449217,0.00015380599744291127,-0.005988735705182933,-0.0058329068417001225
-0.02429095321141639,-0.00203393834902843,0.0001572677804944914,-0.02444822099191088,-0.02429239212842807
0.008136290897418297,-0.03101701864061035,0.00017777196504973684,0.00795851893236856,0.00811434779585137
-0.016348215013162304,-0.0101129704925228,0.00016298332088672787,-0.016511198334049033,-0.01635536947056622
-0.008765788034157396,-0.0032404516759250157,0.00015812133269371145,-0.008923909366851107,-0.008768080503368296
0.01591791069043813,-0.004662369010297374,0.0001591272732339494,0.015758783417204183,0.015914612280686993
0.0036211583479339726,0.00535903441522545,0.00015203759528142446,0.003469120752652548,0.0036249496161353586
0.007493808988210837,0.03133081639370272,0.00013366376456509554,0.007360145223645742,0.0075159740871285526
-0.016873301970715904,0.00941267817151159,0.00014916983040398835,-0.017022471801119893,-0.01686664293763708
0.022767155016591767,0.007203887818266752,0.0001507324470959047,0.02261642256949586,0.022772251432978674
-0.008904113501443822,0.0007329020475055348,0.0001553103692892401,-0.009059423870733063,-0.008903595007250251
0.0,0.015378879091830777,0.00014494902007143611,-0.00014494902007143611,1.0879843411374415e-05
-0.0027643670149740673,-0.0001551316306374062,0.00015593861191372073,-0.002920305626887788,-0.0027644767634049773
0.014553005890756587,0.0011961033180916125,0.00015498267588181854,0.014398023214874768,0.01455385207835758
0.011953511780430803,-0.028819473359129044,0.00017621730372434661,0.011777294476706456,0.011933123340189268
0.0069524700722267685,0.005981890060832162,0.00015159695381128691,0.006800873118415481,0.006956701981898292
0.004155967004999539,0.011416551196032687,0.0001477521832144316,0.004008214821785107,0.004164043685267918
0.003337800478754094,-0.012819816608358736,0.00016489828892198773,0.003172902189832106,0.0033287310533149164
-0.007651318371532323,0.022513373250030444,0.00013990169647931487,-0.007791220068011638,-0.007635391204528827
0.0006704562964832128,0.008220020548377116,0.0001500135803356708,0.000520442716147542,0.0006762715796303525
0.008375218522239436,0.011200166146517754,0.00014790526559717402,0.008227313256642261,0.008383142120125073
0.0056478234490893175,-0.0010493573466290318,0.0001565712351176824,0.005491252213971635,0.005647081077454446
0.0033036173716414208,-0.006921964711350426,0.00016072583235218388,0.003142891539289237,0.0032987204027720473
0.006256147423992164,-0.004158621107493432,0.00015877089496550806,0.0060973765290266565,0.006253205392509467
0.007526196513883976,6.349921218862242e-05,0.0001557839407364106,0.007370412573147566,0.007526241436630376
0.004871704311654623,0.022022522061804883,0.00014024895092057112,0.004731455360734052,0.0048872842242168625
-0.011376869927174349,-0.004796355216742376,0.00015922206225834454,-0.011536091989432694,-0.011380263125949882
-0.008434634845353006,0.006051112519185553,0.0001515479821337714,-0.008586182827486778,-0.008430353964003967
0.013517965486693262,-0.001268524584838171,0.00015672628576983856,0.013361239200923424,0.013517068064406234
0.0013337730452038787,-0.003704038628435491,0.00015844929895319975,0.001175323746250679,0.0013311526097334896
-0.007179801187241042,0.005483064382283187,0.00015194984983444822,-0.0073317510370754894,-0.00717592217359268
-0.00327226763177646,-0.0059674054882985494,0.00016005052599131885,-0.0034323181577677786,-0.003276489294284968
0.003939599890534495,-0.028178764954173263,0.00017576403225529833,0.003763835858279197,0.003919664721762008
-0.000981019231287572,-0.0053787488495717906,0.00015963407873179034,-0.0011406533100193623,-0.000984824446536552
0.0022913561599631205,-0.004023574358396065,0.0001586753556563932,0.002132680804306727,0.002288509667789538
0.008491122948587337,0.00012045854325926086,0.00015574364465246554,0.008335379303934872,0.008491208167417682
-0.03303105265263573,0.012192216013040102,0.00014720343634553684,-0.03317825608898126,-0.03302242722549845
-0.0381446187649056,0.0014827787168125717,0.00015477986633833017,-0.03829939863124393,-0.03814356976776112
-0.019881000180838937,-0.016935392189468268,0.00016780986769198618,-0.020048810048530923,-0.019892981185048113
-0.004973354299252497,-0.0036630286052607985,0.00015842028626457833,-0.005131774585517075,-0.004975945722034265
0.008925393729083853,-0.004040306703826824,0.00015868719301444153,0.00876670653606941,0.008922535399552222
0.014331278164548822,-0.014512432962598854,0.00016609573645894418,0.014165182428089878,0.014321011291572688
0.008895804893785497,0.0032893427453595248,0.00015350180610872256,0.008742303087676775,0.008898131951159585
-0.0018672332322046126,-0.007684786454732473,0.000161265493342379,-0.0020284987255469915,-0.001872669862064181
0.013649321222581445,0.01658676839931239,0.00014409449442979465,0.01350522672815165,0.013661055591634462
0.006254261210920209,-0.01471920868888299,0.0001662420206913522,0.006088019190228857,0.006243848053711667
0.020344403508852915,0.000390794428747121,0.00015555239455647215,0.020188851114296445,0.020344679977779254
0.008255132270562182,0.029504621333996228,0.0001349557128384119,0.00812017655772377,0.008276005421206581
0.010399385314785903,0.009080835857702363,0.00014940459344425636,0.010249980721341647,0.010405809584824456
-0.01094589315130734,0.013219002387319545,0.00014647703262635894,-0.011092370183933699,-0.010936541320450889
0.0026429067117170746,-0.011471189788493708,0.00016394419802024537,0.0024789625136968294,0.0026347913771796396
0.00184513894649041,0.006438699367075529,0.00015127378242206477,0.0016938651640683452,0.0018496940275511558
0.018548932359372383,0.0048322900955937165,0.00015241024244778837,0.018396522116924593,0.018552350980407407
-0.0016144423579577127,0.004863332840635781,0.00015238828114598607,-0.0017668306391036988,-0.0016110017756208882
0.008376497608731048,0.011130616053760978,0.00014795446906082843,0.00822854313967022,0.008384372003153031
-0.007601334276761351,-0.0007131195389205036,0.00015633336246942186,-0.007757667639230773,-0.007601838775747963
-0.0013573462329803387,0.00354113887216001,0.00015332367203179658,-0.0015106699050121354,-0.0013548410415293248
0.004207121772352496,-0.00036434366656679096,0.0001560866197221634,0.0040510351526303326,0.004206864016113142
-0.02207546718140574,0.0008268557718451586,0.00015524390138851556,-0.022230711082794254,-0.022074882219311445
-0.0016147147657882277,0.015209797205957498,0.0001450686376606646,-0.0017597834034488924,-0.0016039545399660817
0.0034657540569351664,-0.002564020390809607,0.00015764278894441313,0.003308111267990753,0.003463940131473564
-0.017466432654686948,-0.004825492514895946,0.00015924267554488178,-0.01762567533023183,-0.01746984646674902
0.006360805119343116,-0.008331340584428193,0.00016172290039045208,0.006199082218952664,0.006354911082435475
-0.0104457280553093,0.021194392772258208,0.00014083481396955148,-0.010586562869278851,-0.010430734005796041
0.0009413024843618611,-0.005667432349210744,0.00015983830891350676,0.0007814641754483544,0.0009372930389311649
0.0037952158510694556,0.004850385958537151,0.00015239744046436406,0.0036428184106050915,0.003798647274087902
0.010138248907735514,-0.0025877588476783675,0.0001576595828012357,0.009980589324934279,0.010136418188417089
0.00728714009575504,-0.003083722237648967,0.00015801045388803167,0.007129129641867009,0.0072849585053498195
0.002860910805120076,0.004416438203773465,0.00015270443836663992,0.002708206366753436,0.0028640352302362468
0.0015083487657461259,-0.008034932488803492,0.00016151320541547996,0.0013468355603306458,0.0015026644238134565
0.01561734237783896,0.02086134059079603,0.0001410704329350488,0.015476271944903912,0.01563210080838672
0.0012894720273541882,-0.0006720045633211713,0.00015630427553182957,0.0011331677518223587,0.0012889966153051692
-0.003219591018714274,-0.0016465185803191673,0.00015699369898355302,-0.003376584717697827,-0.0032207558542150165
0.02154398057633289,0.00612227817348443,0.00015149763573528446,0.021392482940597604,0.021548311804080414
-0.016662969916754755,0.00014583690635494584,0.00015572569063807546,-0.016818695607392832,-0.01666286674391002
0.02668809094283442,0.003818756605307172,0.00015312727036644592,0.026534963672467972,0.026690792535950785
-0.014343924983414635,0.007121020299379444,0.00015079107202064723,-0.014494716055435283,-0.014338887191952473
-0.005751085661929167,-0.0036413861990395313,0.00015840497526633675,-0.005909490637195504,-0.005753661773712693
-0.010322505947579996,0.002027485447987365,0.00015439451159921582,-0.010476900459179213,-0.010321071595696401
0.005747861054549386,0.007243744595420987,0.0001507042502753347,0.005597156804274051,0.0057529856677568615
-0.00837985469804059,-0.015877250249970554,0.00016706128136524548,-0.008546915979405835,-0.008391087115923025
0.02088393658691201,0.01052407519882892,0.00014838356857353396,0.020735553018338477,0.020891381881821287
0.005708766192844994,0.0017739084702186325,0.0001545739055455743,0.00555419228729942,0.0057100211507822305
-0.01482179321954713,0.0023892585241640507,0.00015413857393329423,-0.014975931793480425,-0.014820102929997614
0.004577473357878281,0.002146971596890701,0.00015430998069276069,0.004423163377185521,0.004578992240668331
0.0028678151358345616,1.688528477283846e-05,0.00015581691792727374,0.002711998217907288,0.0028678270813900985
0.013726086972329465,-0.002690583513671685,0.00015773232648158808,0.013568354645847878,0.013724183509330688
0.011534148354306994,0.0011248494058304637,0.00015503308471871883,0.011379115269588276,0.011534944133071086
-0.014098389935023659,-0.0004392872986367369,0.00015613963886463352,-0.014254529573888293,-0.014098700710405481
0.016468585905859756,0.0009465333975153811,0.00015515923502113196,0.016313426670838623,0.016469255534321436
0.00046378654065559743,0.007759284493458862,0.00015033952971738794,0.0003134470109382095,0.00046927587442102003
0.00967332471843907,0.003678053944041082,0.0001532268109709983,0.009520097907468071,0.009675926770950881
-0.013161792528940897,0.01928286287479275,0.00014218713268123395,-0.01330397966162213,-0.01314815079813932
0.002481293446472632,0.00392275298702649,0.00015305369775158242,0.0023282397487210497,0.0024840686122038604
-0.008353960098970048,-0.0021209574072836856,0.00015732934244071448,-0.008511289441410762,-0.008355460577927952
0.006240280763618378,-0.008052299681943542,0.00016152549189882707,0.00607875527171955,0.006234584135202361
-0.011907021386380112,0.004376080778473401,0.00015273298937254414,-0.012059754375752657,-0.011903925512269846
0.013180185006450795,-0.004242126544221403,0.00015882997118752488,0.01302135503526327,0.013177183898746081
0.0006504513963290215,-0.011808492232419865,0.0001641828238492331,0.0004862685724797884,0.0006420974359625989
-0.002723780654613872,-0.0012174356326716262,0.0001566901427065955,-0.0028804707973204675,-0.0027246419338376572
-0.005555743835748306,-0.016205413633636034,0.00016729344173313106,-0.0057230372774814365,-0.005567208413998626
0.009831378972344096,0.00021216287934855416,0.00015567876808956143,0.009675700204254534,0.009831529067737346
0.0027199196666107817,0.015357313493959523,0.00014496427673133381,0.002574955389879448,0.0027307842533622582
0.01211350912756104,0.002540373205550228,0.00015403166730760168,0.011959477460253437,0.012115306323736249
0.02442446129425946,-0.0015753666901773267,0.00015694336232256856,0.02426751793193689,0.0244233467954197
-0.0013378686951409646,-0.014284032792181156,0.00016593415393563818,-0.0015038028490766027,-0.0013479739855937923
-0.009317468015334174,0.014922967493543604,0.00014527155637393093,-0.009462739571708104,-0.009306910708225294
0.006971217082354819,-0.007468562068020934,0.0001611125246211156,0.006810104557733704,0.0069659334212165145
-0.012861018404035973,-0.001378858764733426,0.00015680434208285165,-0.013017822746118825,-0.012861993882636015
-0.003990195118547923,-0.006070216944686235,0.00016012326032648815,-0.004150318378874412,-0.003994489515391601
0.0029439482010154006,0.02161695515261708,0.00014053587069141074,0.00280341233032399,0.0029592411938068005
0.004660197183316894,0.012818562518186694,0.00014676032525424306,0.004513436858062651,0.004669265721545462
0.012710822793654097,0.0026032365675492386,0.00015398719439570883,0.012556835599258388,0.0127126644627412
-0.005234730488215322,-0.001298238661417761,0.00015674730710035095,-0.005391477795315673,-0.0052356489318328625
-0.004634269190744278,0.0005150801927265025,0.00015546446814504228,-0.00478973365888932,-0.004633904795406509
0.007058979249043196,0.003701760406026544,0.00015321003974907117,0.0069057692092941245,0.007061598072776935
-0.004354904844634966,0.0038427480627742927,0.00015311029752343867,-0.004508015142158405,-0.004352186278675594
0.0020971500977051694,0.006001641860553519,0.00015158298032942404,0.0019455671173757452,0.0021013959808585557
-0.005142090801510069,4.832031784740565e-05,0.00015579467909988975,-0.0052978854806099585,-0.005142056617127148
0.0026444215259431303,0.00091095635360805,0.00015518440412899996,0.0024892371218141304,0.0026450659852969407
0.00959057898861393,-0.005122452280258649,0.00015945276080059725,0.009431126227813332,0.009586955091296142
-0.004037250344757104,0.006185094896691501,0.00015145319581817297,-0.004188703540575277,-0.004032874677092467
0.006557397897983819,0.0008368043854836138,0.0001552368632059601,0.0064021610347778585,0.006557989898260669
-0.004530651851497924,0.0025483530061645165,0.00015402602196891224,-0.004684677873466837,-0.004528849009984026
0.011720298691942022,0.006030102155631267,0.0001515628459911515,0.01156873584595087,0.01172456470943368
-0.00208766648156522,0.0033795554893063517,0.0001534379847780527,-0.002241104466343273,-0.0020852756028604622
0.011667617920199325,-0.0016443283858672553,0.0001569921495225985,0.011510625770676726,0.011666454634159537
-0.006290705729405599,0.0006126972471360848,0.0001553954086082637,-0.006446101138013863,-0.006290272274531052
-0.0006448192829159316,0.0007713239125555216,0.0001552831876024071,-0.0008001024705183387,-0.0006442736070355282
-0.0008211052021417364,0.0010091453555356455,0.00015511493996588947,-0.0009762201421076259,-0.0008203912786248153
-0.007044332513261087,-0.0015082191889665975,0.00015689585858095806,-0.007201228371842045,-0.007045399508359234
0.00709430717193138,-0.0001907894500615681,0.0001559638381665191,0.006938343333764861,0.0070941721972476715
-0.011740592139261263,0.011314828013585299,0.00014782414764628166,-0.011888416286907545,-0.011732587423424734
-0.02364113664455092,-0.0013130618315739806,0.00015675779380547403,-0.023797894438356393,-0.023642065574873583
0.00039539636391094923,0.0050071702616640845,0.00015228652284434788,0.00024310984106660135,0.0003989387045494119
0.008605170485767921,-0.002122957701494954,0.00015733075755605973,0.008447839728211861,0.008603668591694673
0.0069341106297964306,-0.001844782063018524,0.00015713396119857419,0.006776976668597856,0.006932805532080667
0.01318217160270807,-0.001376327172630698,0.00015680255109889928,0.013025369051609172,0.013181197915091982
0.0002705133977491947,0.0037251273626697223,0.0001531935087114214,0.00011731988903777328,0.00027314875252058385
-0.003544715231010964,0.00900758006769764,0.0001494564185167775,-0.003694171649527742,-0.0035383427860449313
0.001507317684078302,-0.001710746243041017,0.00015703913707490675,0.0013502785470033952,0.0015061074104862058
-0.002347885777487013,0.007384542591010179,0.00015060464222617202,-0.002498490419713185,-0.002342661556230375
-0.013366345009615865,0.00137641065101346,0.0001548551168096392,-0.013521200126425504,-0.013365371262942695
0.01773694198242226,-0.010115654884377157,0.00016298521996941496,0.017573956762452846,0.017729785625935655
0.005108232868936691,-0.0012949592195925508,0.00015674498704741847,0.004951487881889273,0.005107316745372082
0.004185332928408947,0.0024135455272700224,0.00015412139200546017,0.0040312115364034866,0.004187040399886297
-0.0008335777851292692,0.00583628034196626,0.0001516999659314145,-0.0009852777510606836,-0.0008294488875778732
-0.020320576871514118,0.0002634624737614111,0.00015564247600670248,-0.02047621934752082,-0.02032039048403801
0.0069951196704602925,0.00422090718967616,0.00015284276748690566,0.006842276902973387,0.006998105766456197
0.008547295102025565,0.0022443057531671418,0.00015424112129328542,0.00839305398073228,0.008548882844215091
0.03306082233093721,-0.017852526697772375,0.00016845869780359146,0.03289236363313362,0.03304819249661643
0.0024060115123194503,0.007662558220206783,0.0001504079590678279,0.0022556035532516226,0.002411432416734433
0.005494465490119005,0.01669359840810869,0.00014401891715524822,0.005350446572963756,0.005506275436446567
0.017256211280466616,-0.00272251746839014,0.00015775491827288627,0.017098456362193728,0.01725428522567654
-0.012157204358526297,0.0023541990752451447,0.00015416337686672318,-0.01231136773539302,-0.01215553887191021
0.01602751560679616,0.002884262567260709,0.0001537883815399,0.015873727225256262,0.016029556088739072
0.0036620019187389996,0.006240171597036381,0.00015141423160811647,0.0035105876871308834,0.0036664165506136936
0.009149598760881839,0.004184752099316791,0.0001528683455358184,0.00899673041534602,0.009152559278828831
0.0007509296441094993,-0.0027857656113878804,0.00015779966339948273,0.0005931299807100165,0.0007489588441928271
0.0023622010514878777,0.0007494929370688297,0.00015529863200465478,0.002206902419483223,0.0023627312829660333
0.005156948538393991,0.005507371620330659,0.0001519326535913319,0.005005015884802659,0.0051608447482854695
-0.007309626317727247,0.002384924061824778,0.00015414164036428975,-0.007463767958091536,-0.0073079390946087265
-0.012753887410830722,-0.003234911055292722,0.0001581174129616867,-0.012912004823792409,-0.012756175960309599
0.007092674492611861,0.006257435156610036,0.00015140201844070924,0.006941272474171152,0.007097101337653963
0.009138663312308948,0.003075691142146564,0.00015365295470503223,0.008985010357603915,0.009140839221086727
0.016228599970546487,0.0019247226272978146,0.0001544672115268853,0.016074132759019602,0.016229961622502412
-0.004360262944345439,-0.02052856505826517,0.000170351870781358,-0.0045306148151267964,-0.004374785951643987
-0.003147712575533035,-0.006111960522950599,0.00016015279197130017,-0.0033078653675043352,-0.0031520365040215246
0.009472851127084958,-0.000994377240208233,0.00015653233924334546,0.009316318787841612,0.009472147651324423
0.009003162987443858,0.01055051646463201,0.00014836486260479473,0.008854798124839063,0.009010626988321873
-0.0009704360967264236,0.005561085699577806,0.00015189465337247946,-0.001122330750098903,-0.0009665018866160925
0.01146786889670337,-0.015739677754675885,0.00016696395520788507,0.011300904941495485,0.011456733804978296
0.015792958365101306,0.0016152009236127807,0.00015468618377111756,0.01563827218133019,0.015794101044813
-0.007090906850435785,0.017219001487115193,0.00014364721885439603,-0.007234554069290181,-0.00707872520580737
-0.004522909070215575,-0.0073780374502926405,0.00016104848265421557,-0.004683957552869791,-0.00452812868938698
-0.00847593343315034,-0.008341232507744434,0.00016172989846723488,-0.008637663331617576,-0.008481834468134764
-0.0037517270763454125,0.008922733898683255,0.00014951644324467993,-0.0039012435195900923,-0.003745414656107282
0.010355923165095815,-0.0013617034323515353,0.00015679220548116108,0.010199130959614654,0.010354959823097464
0.007374485523151897,-0.018870951812180237,0.00016917918631935425,0.007205306336832543,0.007361135200315353
-0.0010835478065062132,0.007080513662183874,0.0001508197285870444,-0.0012343675350932576,-0.0010785386716104471
0.005608709031087233,-0.006049325659529536,0.00016010848071154938,0.005448600550375684,0.0056044294138584945
-0.0011049676071871462,-0.01120034817237281,0.0001637525901432939,-0.00126872019733044,-0.0011128913338476294
-0.01864728747866362,-0.019494949042855536,0.00016962063540796078,-0.018816908114071582,-0.018661079250588773
0.032179317398491,0.013398228752857344,0.0001463502382884493,0.032032967160202555,0.032188796023685365
-0.008814600097046155,0.004310201897316901,0.00015277959562432747,-0.008967379692670483,-0.008811550829187671
0.004984324415794328,0.014985846366661448,0.0001452270724886412,0.0048390973433056865,0.004994926206788497
-0.0385017550494452,-0.003550567117658776,0.00015834072498006505,-0.03866009577442526,-0.03850426691094245
-0.0014931534286087844,0.00291397966743423,0.00015376735807033518,-0.0016469207866791195,-0.001491091923196309
0.008020717602868155,0.009340748456551973,0.00014922071733994202,0.007871496885528214,0.008027325749011023
-0.005448406207682721,0.003161136890789118,0.00015359250580236205,-0.005601998713485083,-0.005446169850002272
0.029452404274099564,-0.002747836267090409,0.00015777283014823025,0.029294631443951332,0.029450460307434145
0.010985532309005785,0.007060045042073693,0.0001508342091860735,0.010834698099819712,0.010990526963302523
0.011595781248540105,0.006684706201916635,0.00015109974400058965,0.011444681504539514,0.011600510368022326
0.00538367477368884,-0.0018295015230987977,0.00015712315092556437,0.005226551622763276,0.005382380486246087
-0.010760906535515868,0.004962987972138233,0.00015231777976422656,-0.010913224315280095,-0.010757395451797285
0.0023310062461838754,0.0003452097520288966,0.00015558464360022176,0.002175421602583654,0.002331250466066464
0.010335857966305095,-0.0001800552456384663,0.00015595624421493317,0.010179901722090162,0.010335730585572973
0.00792842417874251,0.002183677516658822,0.0001542840129575985,0.0077741401657849115,0.007929969029267722
-0.010657147185269333,-0.0015200063176690204,0.00015690419742761823,-0.010814051382696952,-0.01065822251921414
-0.006411900211280797,-0.00400444374710851,0.00015866182163652546,-0.006570562032917322,-0.006414733169434511
-0.019876108012449212,-0.0027933795260068894,0.00015780504989080683,-0.02003391306234002,-0.01987808419885721
-0.002106974676921225,-0.007776699229565143,0.00016133051736602294,-0.0022683051942872477,-0.0021124763308044375
-0.004249123797549825,0.00019023558280406583,0.00015569428063448844,-0.004404818078184314,-0.004248989214701503
0.006387689272590924,8.367659155239515e-05,0.00015576966617669664,0.006231919606414228,0.0063877484698970375
-0.05741375388703274,0.003925413156908419,0.00015305181580481698,-0.05756680570283755,-0.05741097683935474
-0.06761670639110462,-0.011017851653977395,0.00016362348232396538,-0.06778032987342858,-0.06762450100994577
-0.016182113218892402,0.00573117089721964,0.00015177432598672617,-0.01633388754487913,-0.016178058681396316
-0.012184023867477634,0.013514947433656221,0.00014626766523727366,-0.012330291532714907,-0.012174462669232097
0.08078935884149896,0.0052767819301140495,0.00015209578509830675,0.08063726305640065,0.08079309191988346
-0.03109843584348404,-0.0015926699031209024,0.0001569556035428952,-0.03125539144702694,-0.031099562583544123
0.0226737478952328,0.008979584523029382,0.00014947622406569872,0.0225242716711671,0.02268010053464991
0.01583643087560871,0.006249847099511818,0.0001514073866390371,0.015685023488969673,0.015840852352452483
0.014172336091275994,0.0035554240499382495,0.00015331356593131922,0.014019022525344675,0.014174851388827486
-0.012297334872006127,0.002300662213150728,0.0001542012517126626,-0.01245153612371879,-0.01229570726023598
0.010752718349589685,-0.00175271131343413,0.0001570688254151231,0.010595649524174562,0.010751478387657372
-0.008118726361052375,-0.0033793036283190636,0.00015821956400760567,-0.00827694592505998,-0.008121117061577171
0.02878917439960249,-0.006855308680100647,0.00016067867630276762,0.028628495723299723,0.028784324586782532
0.019341508960247555,-0.009069835815006422,0.00016224535150153506,0.01917926360874602,0.01933509247222883
0.010496552347237564,0.0038199203649145197,0.0001531264470605196,0.010343425900177046,0.010499254763659855
0.004128448569810983,0.004544163641626575,0.00015261407854553767,0.003975834491265445,0.004131663354748256
0.00795753928353915,0.008074036650198346,0.00015011685717030115,0.007807422426368849,0.00796325128985166
0.007947319432308753,-0.011111495877577093,0.0001636897312672766,0.007783629701041476,0.007939458564524287
-0.010417165680391416,0.004895437361786659,0.00015236556868685085,-0.010569531249078267,-0.010413702385595457
0.0015038178172319672,-0.00806733006032423,0.00016153612519415498,0.0013422816920378121,0.0014981105555206228
0.01685983680411174,-0.006204391417766519,0.00016021818254079262,0.016699618621570947,0.016855447485053757
-0.0031087807416680935,-0.0003685605881837972,0.00015608960299855155,-0.003264870344666645,-0.0031090414811838344
-0.0020789505537704978,0.00880379946585852,0.00014960058383760788,-0.0022285511376081055,-0.0020727222741252953
0.0004947185319774672,0.0021779408643529674,0.0001542880713729369,0.0003404304606045303,0.0004962593240873408
0.00653321166759846,-0.007688267521873571,0.00016126795603586748,0.006371943711562592,0.006527772575045403
0.009826767160811656,-0.01192558460112425,0.00016426566126726363,0.009662501499544392,0.009818330363027202
0.017669717154601194,-0.0008273801774386635,0.00015641419656973164,0.01751330295803146,0.017669131821514274
0.011575215527026783,0.0031831687125787322,0.00015357691931067386,0.01142163860771611,0.01157746747119892
0.009776063040812799,0.0039531157988739185,0.0001530322174709679,0.009623030823341832,0.009778859686824641
0.0023895776523932266,0.004080919686204165,0.00015294180215050045,0.0022366358502427263,0.0023924647137255365
-0.0012287844371596801,0.010592724697279676,0.0001483350022385655,-0.0013771194393982457,-0.001221290575915435
0.006151574895536971,-0.02278464425831217,0.00017194794213828862,0.005979626953398682,0.006135455816881493
0.003179287602242953,-0.0012248353901096465,0.00015669537769165046,0.003022592224551302,0.003178421088034113
-0.00804490071604158,-0.009733809463420173,0.00016271508205087387,-0.008207615798092455,-0.008051786934609645
0.002924538835522794,-0.010760206333523925,0.0001634412102139196,0.0027610976253088747,0.002916926488791685
-0.0021808152940120396,-0.0009564073932939454,0.00015650547733837082,-0.0023373207713504106,-0.0021814919078676
0.01193516813521267,-0.004186874918536865,0.00015879088322590673,0.011776377251986764,0.011932206115469574
-0.010095625716424528,0.007377489898070522,0.00015060963167919743,-0.010246235348103726,-0.010090406484620914
0.0034321987375867113,-0.013979844477308045,0.00016571895481653286,0.0032664797827701786,0.003422308646252989
0.00043981324852837567,0.0006687560771996282,0.0001553557495869999,0.00028445749894137574,0.00044028636242418633
0.001514028942621426,0.012611779574887017,0.00014690661459235474,0.0013671223280290713,0.0015229511915118817
0.006949521069901321,-0.01743184580508239,0.00016816108559067957,0.0067813599843106415,0.006937188847793452
-0.0027847891722637685,0.0017543350239683786,0.00015458775285063158,-0.0029393769251144,-0.0027835480616315894
0.005099540624487586,0.003045016966140013,0.00015367465526134268,0.004945865969226243,0.005101694832709054
0.009156840372566588,0.005395190996116739,0.00015201201617802952,0.009004828356388559,0.009160657219871369
0.002633546594349223,0.013423475684721353,0.00014633237725555752,0.0024872142170936657,0.002643043080576476
-0.007856022533119567,-0.006468448774604507,0.0001604049908690761,-0.008016427523988642,-0.007860598660505832
0.00515043816687788,-0.002827986549257977,0.00015782953275406735,0.004992608634123812,0.005148437497606623
0.006129693496143673,-0.011725787945559007,0.0001641243144035757,0.005965569181740097,0.006121398045222908
-0.016825338522604594,0.009184457300265958,0.0001493312860814492,-0.016974669808686043,-0.016818840945203233
0.018081515574164486,0.012944354874931063,0.00014667133299833452,0.01793484424116615,0.01809067310464896
-0.016167386661275707,0.008282747245164312,0.00014996920410807434,-0.01631735586538378,-0.01616152700190097
0.007660645720002801,0.01011922818616795,0.00014866997905098247,0.007511975740951819,0.007667804604434629
-0.0001918464262495867,0.014409702179091433,0.00014563466776952645,-0.0003374810940191132,-0.00018165223053630261
0.006980267503718052,-0.0013361790618444669,0.00015677414817330188,0.00682349335554475,0.0069793222190275605
0.023820867339312324,0.0010015590452223666,0.00015512030692844804,0.023665747032383874,0.023821575895866687
-0.002791971455626596,0.010453846497412655,0.000148433252121329,-0.002940404707747925,-0.0027845758442651145
0.012109216045011584,-0.006961116506509657,0.00016075353043070204,0.011948462514580881,0.012104291378063693
0.0016367169104989365,-0.01809053260189253,0.00016862707593780706,0.0014680898345611295,0.00162391869804394
-0.0006905084802606432,-0.004433512667192274,0.00015896536798963248,-0.0008494738482502757,-0.000693644984767465
0.0,0.003105840267646931,0.0001536316255975937,-0.0001536316255975937,2.197237885216845e-06
0.0,-0.0067161276923011215,0.00016058021221159054,-0.00016058021221159054,-4.751348728780008e-06
0.0,0.005554424471774233,0.00015189936588208417,-0.00015189936588208417,3.929497600726353e-06
0.0,-0.008129889770918997,0.00016158038328676808,-0.00016158038328676808,-5.751519803957543e-06
0.0,0.01630870818887753,0.00014429120912729638,-0.00014429120912729638,1.1537654355514169e-05
0.0,-0.0006708332980633891,0.00015630344691600382,-0.00015630344691600382,-4.745834331932885e-07
0.0,0.013546192203295337,0.00014624556101244243,-0.00014624556101244243,9.583302470368103e-06
0.0,0.0009078513609139804,0.0001551866007672662,-0.0001551866007672662,6.422627155443373e-07
0.0,-0.0056430132712504966,0.0001598210335488413,-0.0001598210335488413,-3.992170066030757e-06
0.0,-0.004104971538103408,0.0001587329403843864,-0.0001587329403843864,-2.9040769015758704e-06
0.0,-0.020308668519432915,0.00017019630418284895,-0.00017019630418284895,-1.4367440700038408e-05
0.0,-0.0032339665839667964,0.000158116744792045,-0.000158116744792045,-2.287881309234454e-06
0.0,-0.006450532698506817,0.00016039231607650344,-0.00016039231607650344,-4.5634525936928966e-06
0.0,-0.004132299323336697,0.00015875227352448996,-0.00015875227352448996,-2.9234100416794163e-06
0.0,-0.025556664705103427,0.00017390901798875405,-0.00017390901798875405,-1.8080154505943504e-05
0.0,0.005015682586245518,0.0001522805007696596,-0.0001522805007696596,3.5483627131509247e-06
0.0,-0.047820446201610634,0.0001896596104071393,-0.0001896596104071393,-3.383074692432877e-05
0.0,-0.0005749176607442452,0.0001562355910528747,-0.0001562355910528747,-4.067275700641743e-07
0.0,-0.06663446415643826,0.00020296965518121156,-0.00020296965518121156,-4.714079169840102e-05
0.0,0.0474068481332115,0.0001222907180018353,-0.0001222907180018353,3.353814548097522e-05
0.0,-0.04415240397919251,0.0001870646407238535,-0.0001870646407238535,-3.123577724104296e-05
0.0,0.04629002144148742,0.000123080821067933,-0.000123080821067933,3.274804241487751e-05
0.0,0.00526166928318772,0.0001521064765948136,-0.0001521064765948136,3.7223868879969325e-06
0.0,0.021784622088531824,0.00014041725411362735,-0.00014041725411362735,1.541160936918318e-05
0.0,-0.00973854541245922,0.00016271843251508138,-0.00016271843251508138,-6.889569032270851e-06
0.0,0.0009473866272851073,0.00015515863140065785,-0.00015515863140065785,6.702320821526828e-07
0.0,-0.0445937143129993,0.00018737684730919492,-0.00018737684730919492,-3.154798382638439e-05
0.0,-0.015008981502439234,0.00016644702151212334,-0.00016644702151212334,-1.0618158029312816e-05
0.0,0.00025804116011829414,0.00015564631133456797,-0.00015564631133456797,1.8255214824256876e-07
0.0,0.034284877594586316,0.00013157390332739957,-0.00013157390332739957,2.4254960155410964e-05
0.0,0.013119972745138542,0.00014654709150344487,-0.00014654709150344487,9.281771979365669e-06
0.0,-0.01556552007023193,0.0001668407467266737,-0.0001668407467266737,-1.1011883243863178e-05
0.0,0.015121610152536658,0.00014513102590927492,-0.00014513102590927492,1.0697837573535606e-05
0.0,0.028280001568408375,0.0001358220745029072,-0.0001358220745029072,2.0006788979903347e-05
0.0,0.002347024984931334,0.00015416845220275822,-0.00015416845220275822,1.6604112800523012e-06
0.0,0.004921982065451136,0.00015234678954062397,-0.00015234678954062397,3.4820739421865546e-06
0.0,-0.01187143263889856,0.00016422735126652064,-0.00016422735126652064,-8.398487783710115e-06
0.0,-0.025281938303220453,0.0001737146618061214,-0.0001737146618061214,-1.788579832331087e-05
0.0,-0.007436289416773878,0.00016108969321773818,-0.00016108969321773818,-5.260829734927655e-06
0.0,0.028646463529026667,0.00013556281966879707,-0.00013556281966879707,2.026604381401347e-05
0.0,-0.010612179635699603,0.00016333648819332142,-0.00016333648819332142,-7.507624710510894e-06
0.0,-0.026705492278710663,0.0001747217601940137,-0.0001747217601940137,-1.8892896711203146e-05
0.0,0.006965716710316983,0.00015090094210416465,-0.00015090094210416465,4.927921378645871e-06
0.0,0.00912006281484623,0.00014937684219212144,-0.00014937684219212144,6.452021290689096e-06
0.0,0.013479804803234297,0.00014629252701775657,-0.00014629252701775657,9.536336465053965e-06
0.0,0.017187073659429952,0.0001436698063111025,-0.0001436698063111025,1.2159057171708033e-05
0.0,0.0057066970727697175,0.00015179164008199297,-0.00015179164008199297,4.03722340081757e-06
0.0,-0.0098025870260805,0.0001627637389853287,-0.0001627637389853287,-6.934875502518177e-06
0.0,-0.0016610054537223862,0.0001570039477743268,-0.0001570039477743268,-1.1750842915162783e-06
0.0,-0.02939044252863232,0.0001766212379200591,-0.0001766212379200591,-2.079237443724857e-05
0.0,-0.031883121516435575,0.00017838469264911858,-0.00017838469264911858,-2.2555829166308032e-05
0.0,0.006082009597382809,0.0001515261238845032,-0.0001515261238845032,4.302739598307354e-06
0.0,0.023336145831710953,0.00013931962305261034,-0.00013931962305261034,1.650924043020018e-05
0.0,0.010688382331855317,0.00014826732890040663,-0.00014826732890040663,7.561534582403905e-06
0.0,-0.020691134941917988,0.00017046688143115805,-0.00017046688143115805,-1.4638017948347523e-05
0.0,0.008114229792425487,0.00015008842238704867,-0.00015008842238704867,5.740441095761873e-06
0.0,-0.024974129488995245,0.00017349690135170766,-0.00017349690135170766,-1.7668037868897126e-05
0.0,-0.0284510281118181,0.00017595664580692156,-0.00017595664580692156,-2.0127782324111043e-05
0.0,0.022488442948566112,0.00013991933351088982,-0.00013991933351088982,1.5909529971920705e-05
0.0,0.017865633700204997,0.00014318975656594455,-0.00014318975656594455,1.2639106916865984e-05
0.0,0.018303664125949304,0.00014287987036337683,-0.00014287987036337683,1.2948993119433716e-05
0.0,-0.008163308930517088,0.00016160402579160838,-0.00016160402579160838,-5.77516230879784e-06
0.0,0.034124984892549115,0.00013168701999542192,-0.00013168701999542192,2.4141843487388624e-05
0.0,0.0005440035535435594,0.0001554440062092444,-0.0001554440062092444,3.8485727356613064e-07
0.0,0.009794704112697561,0.000148899564775761,-0.000148899564775761,6.929298707049555e-06
0.0,-0.002973672247100878,0.0001579325986257959,-0.0001579325986257959,-2.103735142985377e-06
0.0,0.01738025794738407,0.00014353313739070016,-0.00014353313739070016,1.2295726092110375e-05
0.0,-0.019369883187983272,0.0001695321571184187,-0.0001695321571184187,-1.3703293635608146e-05
0.0,0.020418716445174567,0.00014138356898129112,-0.00014138356898129112,1.444529450151941e-05
0.0,-0.01264913736003248,0.00016477754127293783,-0.00016477754127293783,-8.94867779012731e-06
0.0,0.0045541787147385104,0.0001526069933459883,-0.0001526069933459883,3.2218701368222315e-06
0.0,0.01880876515031682,0.00014252253482421114,-0.00014252253482421114,1.3306328658599411e-05
0.0,0.012872958939026846,0.0001467218423103727,-0.0001467218423103727,9.107021172437846e-06
0.0,-0.02004472508361621,0.00017000957644840232,-0.00017000957644840232,-1.4180712965591797e-05
0.0,0.010536553156824224,0.00014837474099720202,-0.00014837474099720202,7.454122485608507e-06
0.0,0.034291437858544604,0.00013156926224503087,-0.00013156926224503087,2.425960123777966e-05
0.0,0.0003892292585989665,0.00015555350184173153,-0.00015555350184173153,2.753616410790046e-07
0.0,-0.02473750308360323,0.0001733294991488365,-0.0001733294991488365,-1.7500635666025976e-05
0.0,-0.027942247001422227,0.0001755967067776387,-0.0001755967067776387,-1.9767843294828166e-05
0.0,0.016104667765514558,0.0001444355582597997,-0.0001444355582597997,1.1393305223010819e-05
0.0,0.01878180753005876,0.00014254160608976953,-0.00014254160608976953,1.3287257393041e-05
0.0,-0.006280017279460592,0.00016027168432906786,-0.00016027168432906786,-4.4428208462573325e-06
0.0,0.006295743615618132,0.0001513749169833891,-0.0001513749169833891,4.453946499421454e-06
0.0,0.011735638864999398,0.00014752644349360226,-0.00014752644349360226,8.302419989208287e-06
0.0,-0.036695142913972245,0.00018178897452068827,-0.00018178897452068827,-2.5960111037877747e-05
0.0,0.008624176874533207,0.00014972765848687817,-0.00014972765848687817,6.101204995932364e-06
0.0,0.019480539941325148,0.00014204728532844248,-0.00014204728532844248,1.3781578154368046e-05
0.0,-0.009550141648312915,0.0001625851455934673,-0.0001625851455934673,-6.756282110656767e-06
0.0,0.004817163683512371,0.00015242094368250376,-0.00015242094368250376,3.407919800306788e-06
0.0,-0.016616200730203312,0.00016758405454433647,-0.00016758405454433647,-1.1755191061525935e-05
0.0,-0.016799952076269054,0.0001677140500960205,-0.0001677140500960205,-1.1885186613209966e-05
0.0,-0.00039467858438069214,0.0001561080802690434,-0.0001561080802690434,-2.792167862328691e-07
0.0,-0.018648495446902502,0.00016902180876240532,-0.00016902180876240532,-1.3192945279594797e-05
0.0,-0.004140841830647446,0.00015875831695205878,-0.00015875831695205878,-2.929453469248259e-06
0.0,-0.02209521492281885,0.0001714602028714288,-0.0001714602028714288,-1.5631339388618266e-05
0.0,-0.002685506857766806,0.00015772873498308103,-0.00015772873498308103,-1.8998715002704891e-06
0.0,0.029240425313361795,0.0001351426192648977,-0.0001351426192648977,2.0686244217912835e-05
0.0,0.002213653490450218,0.0001542628063469602,-0.0001542628063469602,1.5660571358503137e-06
0.0,0.0433153072475978,0.0001251852933399274,-0.0001251852933399274,3.064357014288314e-05
0.0,-0.0019086457924624156,0.00015717914182401945,-0.00015717914182401945,-1.350278341208914e-06
0.0,-0.00024098633145541726,0.00015599935013108058,-0.00015599935013108058,-1.7048664827004562e-07
0.0,0.010287014543699957,0.00014855127798794575,-0.00014855127798794575,7.27758549486477e-06
0.0,0.0011057487964409862,0.0001550465975136357,-0.0001550465975136357,7.822659691748379e-07
0.0,0.002018354924337773,0.00015440097102106175,-0.00015440097102106175,1.4278924617488017e-06
0.0,-0.02114181011508598,0.00017078571320583964,-0.00017078571320583964,-1.4956849723029099e-05
0.0,0.01688335256005491,0.0001438846748969207,-0.0001438846748969207,1.194418858588982e-05
0.0,-0.014914054108935981,0.00016637986478564164,-0.00016637986478564164,-1.0551001302831111e-05
0.0,-0.00868600976072853,0.00016197381237681644,-0.00016197381237681644,-6.1449488940059105e-06
0.0,-0.01134836742295231,0.0001638573068953119,-0.0001638573068953119,-8.028443412501363e-06
0.0,0.0032431003656709922,0.0001535345204468077,-0.0001535345204468077,2.294343036002832e-06
0.0,0.0032161498496299235,0.0001535535866864622,-0.0001535535866864622,2.275276796348323e-06
0.0,-0.011732825699560245,0.0001641292932879953,-0.0001641292932879953,-8.300429805184761e-06
0.0,0.029825423296426123,0.0001347287603344968,-0.0001347287603344968,2.1100103148313727e-05
0.0,0.0019495059855065833,0.00015444967845084577,-0.00015444967845084577,1.3791850319647585e-06
0.0,0.008265549753183832,0.0001499813705357248,-0.0001499813705357248,5.847492947085722e-06
0.0,0.009035052675189448,0.0001494369829216455,-0.0001494369829216455,6.391880561165046e-06
0.0,7.9107947907886e-05,0.00015577289828010014,-0.00015577289828010014,5.596520271039494e-08
0.0,-0.0124780022540123,0.0001646564711257203,-0.0001646564711257203,-8.827607642909782e-06
0.0,0.01070708742195392,0.00014825409591703683,-0.00014825409591703683,7.57476756577371e-06
0.0,-0.0042913365279230176,0.000158864784967759,-0.000158864784967759,-3.0359214849484525e-06
0.0,0.015473984880403524,0.00014488173713871988,-0.00014488173713871988,1.094712634409065e-05
0.0,0.00018792399994027598,0.00015569591597211222,-0.00015569591597211222,1.3294751069831972e-07
0.0,0.002943716919978634,0.00015374632034390298,-0.00015374632034390298,2.082543138907548e-06
0.0,-0.002536961462655807,0.00015762364600821894,-0.00015762364600821894,-1.7947825254084062e-06
0.0,0.0022615979258335805,0.00015422888788344262,-0.00015422888788344262,1.599975599367907e-06
0.0,0.00888576974833133,0.0001495425936659988,-0.0001495425936659988,6.286269816811724e-06
0.0,0.0003095972599744812,0.00015560983778600913,-0.00015560983778600913,2.1902569680141387e-07
0.0,0.002336608362904613,0.00015417582147953383,-0.00015417582147953383,1.6530420032767006e-06
0.0,-0.004947922948427275,0.0001593292893961029,-0.0001593292893961029,-3.5004259132923744e-06
0.0,0.003552954600872571,0.0001533153129519562,-0.0001533153129519562,2.5135505308543334e-06
0.0,0.011107929092462498,0.00014797051903332208,-0.00014797051903332208,7.858344449488446e-06
0.0,0.004938656879440728,0.00015233499288340097,-0.00015233499288340097,3.493870599409572e-06
0.0,0.0006694597815233294,0.0001553552517488412,-0.0001553552517488412,4.736117339693366e-07
0.0,0.00047134296924533636,0.00015549541020134442,-0.00015549541020134442,3.3345328146611027e-07
0.0,-0.00102581731454221,0.0001565545816371866,-0.0001565545816371866,-7.257181543760502e-07
0.0,0.008679141952454561,0.0001496887732445073,-0.0001496887732445073,6.140090238303245e-06
0.0,-0.005753890884025226,0.00015989947431540254,-0.00015989947431540254,-4.070610832592012e-06
0.0,-0.0015928775670267514,0.00015695575045547344,-0.00015695575045547344,-1.1268869726629101e-06
0.0,-0.0025221231757218687,0.00015761314860867698,-0.00015761314860867698,-1.7842851258664562e-06
0.0,-0.0004569466961219515,0.00015615213206899718,-0.00015615213206899718,-3.2326858618666e-07
0.0,0.008899605562620927,0.00014953280546934022,-0.00014953280546934022,6.296058013470324e-06
0.0,0.0010951470667548424,0.00015505409774549175,-0.00015505409774549175,7.747657373187831e-07
0.0,0.014605356896842503,0.00014549625113466526,-0.00014549625113466526,1.0332612348145269e-05
0.0,-0.0004238741534883239,0.00015612873477957698,-0.00015612873477957698,-2.9987129676645707e-07
0.0,0.00202338180532724,0.0001543974147359979,-0.0001543974147359979,1.4314487468126508e-06
0.0,0.0021602108339675574,0.00015430061454680023,-0.00015430061454680023,1.5282489360103083e-06
0.0,0.0014741105602813498,0.00015478599865689264,-0.00015478599865689264,1.0428648259178972e-06
0.0,-0.006886302644093845,0.0001607006030942412,-0.0001607006030942412,-4.87173961143065e-06
0.0,0.006800039312997219,0.0001510181511757023,-0.0001510181511757023,4.810712307108232e-06
0.0,-0.0009395233752043097,0.0001564935326789536,-0.0001564935326789536,-6.646691961430851e-07
0.0,-0.0053832058728249255,0.00015963723186894588,-0.00015963723186894588,-3.8083683861353543e-06
0.0,0.01102570580548079,0.00014802868819388233,-0.00014802868819388233,7.800175288928188e-06
0.0,0.0023489303072772305,0.00015416710427560126,-0.00015416710427560126,1.6617592072092653e-06
0.0,0.000719922777789872,0.00015531955152035443,-0.00015531955152035443,5.093119624561058e-07
0.0,-0.0033401068031253534,0.00015819183407242743,-0.00015819183407242743,-2.3629705896168903e-06
0.0,0.004272002277298181,0.00015280662008311253,-0.00015280662008311253,3.0222433996979984e-06
0.0,0.0016722378083675604,0.0001546458328215393,-0.0001546458328215393,1.1830306612712389e-06
0.0,0.0013545591394890089,0.00015487057574018078,-0.00015487057574018078,9.582877426297576e-07
0.0,0.0033563334079245166,0.00015345441332317692,-0.00015345441332317692,2.374450159633598e-06
0.0,-0.0047369876733168725,0.00015918006247589417,-0.00015918006247589417,-3.3511989930836435e-06
0.0,0.006158039788692005,0.00015147233605178524,-0.00015147233605178524,4.356527431025298e-06
0.0,-0.003245756135652589,0.00015812508535285348,-0.00015812508535285348,-2.2962218700429374e-06
0.0,-0.003869693865664492,0.00015856649234750135,-0.00015856649234750135,-2.7376288646908027e-06
0.0,-0.015370160722531612,0.0001667025390524189,-0.0001667025390524189,-1.0873675569608377e-05
0.0,0.0069006220464606915,0.00015094699355859404,-0.00015094699355859404,4.881869924216484e-06
0.0,0.009817931917032618,0.00014888313218191287,-0.00014888313218191287,6.9457313008976795e-06
0.0,0.0036312500921620305,0.00015325992252460715,-0.00015325992252460715,2.568940958203388e-06
0.0,0.00016046065922270536,0.0001557153450114314,-0.0001557153450114314,1.1351847137912046e-07
0.0,0.018131549330308916,0.0001430016335955452,-0.0001430016335955452,1.282722988726533e-05
0.0,-0.0011962619960680376,0.00015667516334110854,-0.00015667516334110854,-8.46299858297999e-07
0.0,0.005967198922915307,0.00015160734710972668,-0.00015160734710972668,4.2215163730838556e-06
0.0,0.0011193985360786751,0.00015503694095615986,-0.00015503694095615986,7.919225266506666e-07
0.0,0.00397384638616094,0.0001530175515423159,-0.0001530175515423159,2.8113119404946336e-06
0.0,-0.003000518154814724,0.00015795159085991252,-0.00015795159085991252,-2.1227273771019715e-06
0.0,-0.0018711970276237277,0.00015715264856043623,-0.00015715264856043623,-1.3237850776256964e-06
0.0,-0.0072065416718331,0.0001609271573479816,-0.0001609271573479816,-5.098293865171072e-06
0.0,0.003108858515779689,0.00015362949032707982,-0.00015362949032707982,2.19937315573071e-06
0.0,0.013885824750712539,0.00014600528674334643,-0.00014600528674334643,9.8235767394641e-06
0.0,-0.0028167751776319028,0.00015782160122882486,-0.00015782160122882486,-1.9927377460143097e-06
0.0,-0.00494150905632218,0.00015932475186502903,-0.00015932475186502903,-3.495888382218478e-06
0.0,-0.001607929836799582,0.00015696639923794557,-0.00015696639923794557,-1.1375357551350445e-06
0.0,0.0036984360198231148,0.0001532123915980659,-0.0001532123915980659,2.6164718847446346e-06
0.0,0.007504645877610239,0.00015051967472343028,-0.00015051967472343028,5.30918875938025e-06
0.0,-0.003988635996082901,0.00015865063838611966,-0.00015865063838611966,-2.821774903309116e-06
0.0,-0.010202524371008104,0.00016304667610065362,-0.00016304667610065362,-7.217812617843087e-06
0.0,-0.0006290422223540482,0.00015627388166895327,-0.00015627388166895327,-4.45018186142738e-07
0.0,-0.011358438273891824,0.00016386443155508632,-0.00016386443155508632,-8.03556807227578e-06
0.0,-0.017081454337735447,0.00016791319988492345,-0.00016791319988492345,-1.2084336402112919e-05
0.0,0.007448895819775148,0.00015055911530266879,-0.00015055911530266879,5.269748180141738e-06
0.0,0.013779387810288313,0.00014608058594025713,-0.00014608058594025713,9.748277542553415e-06
0.0,-0.012475001040294531,0.0001646543479062647,-0.0001646543479062647,-8.825484423454163e-06
0.0,-0.000503600390907244,0.00015618513739342916,-0.00015618513739342916,-3.562739106186379e-07
0.0,0.015486673802446171,0.00014487276031511273,-0.00014487276031511273,1.0956103167697805e-05
0.0,-0.004055288780130728,0.0001586977921382912,-0.0001586977921382912,-2.868928655480672e-06
0.0,-0.005934396967956612,0.00016002717399469954,-0.00016002717399469954,-4.1983105118889965e-06
0.0,0.0011692656800530443,0.00015500166226552358,-0.00015500166226552358,8.272012172869562e-07
0.0,-0.008407570124922548,0.00016177682925346915,-0.00016177682925346915,-5.947965770658617e-06
0.0,0.003679773444691614,0.00015322559450406907,-0.00015322559450406907,2.6032689787414533e-06
0.0,0.013644592157896263,0.0001461759476101033,-0.0001461759476101033,9.65291587270723e-06
0.0,0.006680165568110796,0.00015110295628833188,-0.00015110295628833188,4.725907194478658e-06
0.0,0.002414323726029899,0.00015412084146594425,-0.00015412084146594425,1.7080220168662706e-06
0.0,-0.0038835019016946193,0.0001585762608923302,-0.0001585762608923302,-2.747397409519678e-06
0.0,0.005658384242170911,0.00015182581916803277,-0.00015182581916803277,4.003044314777775e-06
0.0,-0.002496683664631072,0.0001575951513349175,-0.0001575951513349175,-1.7662878521069651e-06
0.0,-0.0076588713308223255,0.00016124715959461722,-0.00016124715959461722,-5.4182961118066755e-06
0.0,-0.016147208958519288,0.0001672522646260546,-0.0001672522646260546,-1.1423401143244069e-05
0.0,0.00035058102206497743,0.00015558084367588634,-0.00015558084367588634,2.480198069242044e-07
0.0,-0.004278673417828949,0.00015885582640490784,-0.00015885582640490784,-3.0269629220972986e-06
0.0,-0.006702266480503982,0.00016057040604737375,-0.00016057040604737375,-4.74154256456321e-06
0.0,0.002517410777005402,0.00015404791216039107,-0.00015404791216039107,1.7809513224194706e-06
0.0,-0.0033873413051768164,0.00015822525029105205,-0.00015822525029105205,-2.396386808241507e-06
0.0,-0.01111286391927968,0.00016369069909330706,-0.00016369069909330706,-7.861835610496514e-06
0.0,-0.005745837446504476,0.00015989377688201836,-0.00015989377688201836,-4.064913399207833e-06
0.0,-0.004403818556987793,0.00015894436078440406,-0.00015894436078440406,-3.1154973015935354e-06
0.0,-0.015051375861739213,0.00016647701355432324,-0.00016647701355432324,-1.0648150071512716e-05
0.0,-0.007387777046316768,0.00016105537296650686,-0.00016105537296650686,-5.226509483696321e-06
0.0,0.016035901237667627,0.0001444842073876361,-0.0001444842073876361,1.1344656095174451e-05
0.0,0.0004863370186602989,0.00015548480260707418,-0.00015548480260707418,3.4406087573634927e-07
0.0,0.0016937032123527374,0.00015463064704416722,-0.00015463064704416722,1.1982164386433149e-06
0.0,0.001380031526917458,0.00015485255520793779,-0.00015485255520793779,9.763082748727478e-07
0.0,-0.002165632329979128,0.00015736094787570357,-0.00015736094787570357,-1.5320843928930281e-06
0.0,0.011078977592776207,0.00014799100087606437,-0.00014799100087606437,7.837862606746173e-06
0.0,-0.014334892170861036,0.00016597013458629113,-0.00016597013458629113,-1.014127110348058e-05
0.0,-0.0022766655169013106,0.00015743949870375583,-0.00015743949870375583,-1.6106352209453086e-06
0.0,-0.024642584749729912,0.00017326234883162264,-0.00017326234883162264,-1.7433485348812102e-05
0.0,0.00010955419561042845,0.00015575135897248938,-0.00015575135897248938,7.750451032115179e-08
0.0,0.005726850663809513,0.00015177738235141452,-0.00015177738235141452,4.051481131396018e-06
0.0,0.023049400920118535,0.00013952248177323006,-0.00013952248177323006,1.6306381709580477e-05
0.0,-0.00010646449242102118,0.0001559041821714806,-0.0001559041821714806,-7.531868867006464e-08
0.0,0.008114163624478143,0.00015008846919780137,-0.00015008846919780137,5.740394285009174e-06
0.0,-0.012620113782869202,0.00016475700843872484,-0.00016475700843872484,-8.928144955914307e-06
0.0,0.011650737147309576,0.0001475865075196152,-0.0001475865075196152,8.24235596319532e-06
0.0,-0.007023250955987548,0.00016079748767080612,-0.00016079748767080612,-4.968624187995598e-06
0.0,0.010814652782245693,0.00014817799841542606,-0.00014817799841542606,7.650865067384489e-06
0.0,0.010337815429059649,0.0001485153387186029,-0.0001485153387186029,7.313524764207634e-06
0.0,0.0014447466011910937,0.00015480677229552601,-0.00015480677229552601,1.0220911872845264e-06
0.0,0.009815695418065262,0.00014888471440116364,-0.00014888471440116364,6.944149081646898e-06
0.0,-0.0016863570122068738,0.00015702188282569815,-0.00015702188282569815,-1.1930193428876127e-06
0.0,-0.022261677039013494,0.00017157796709516118,-0.00017157796709516118,-1.5749103612350654e-05
0.0,0.007174604262178752,0.00015075316385314448,-0.00015075316385314448,5.07569962966604e-06
0.0,-0.015954853497705423,0.00016711618206239823,-0.00016711618206239823,-1.1287318579587704e-05
0.0,0.004772721486371312,0.00015245238447496103,-0.00015245238447496103,3.3764790078494885e-06
0.0,0.008984905521485453,0.00014947245970617365,-0.00014947245970617365,6.356403776636881e-06
0.0,-0.002109799583246086,0.00015732144879790634,-0.00015732144879790634,-1.4925853150957976e-06
0.0,0.02492023877666627,0.00013819895079247589,-0.00013819895079247589,1.7629912690334656e-05
0.0,0.0024593113157624913,0.00015408901483353346,-0.00015408901483353346,1.7398486492770658e-06
0.0,0.0062321108631679945,0.00015141993420332808,-0.00015141993420332808,4.4089292794824524e-06
0.0,-0.0046870230309741245,0.00015914471480968598,-0.00015914471480968598,-3.315851326875435e-06
0.0,-0.00943264946713962,0.00016250202532666546,-0.00016250202532666546,-6.673161843854922e-06
0.0,-0.0016388318166757898,0.00015698826095492422,-0.00015698826095492422,-1.159397472113701e-06
0.0,-0.008125926498228409,0.0001615775794552266,-0.0001615775794552266,-5.748715972416069e-06
0.0,-1.4923577632885987e-05,0.0001558394212215647,-0.0001558394212215647,-1.0557738754155217e-08
0.0,-0.004987097282612596,0.00015935700341993626,-0.00015935700341993626,-3.528139937125721e-06
0.0,0.01649736234989274,0.0001441577450615154,-0.0001441577450615154,1.1671118421295142e-05
0.0,-0.002314313728559836,0.0001574661330667102,-0.0001574661330667102,-1.6372695838996683e-06
0.0,0.007409672577889825,0.0001505868639264307,-0.0001505868639264307,5.241999556379851e-06
0.0,0.006680490923747229,0.00015110272611431488,-0.00015110272611431488,4.726137368495649e-06
0.0,0.002717099891568653,0.00015390664137697238,-0.00015390664137697238,1.922222105838156e-06
0.0,-0.010061659913606968,0.0001629470210328427,-0.0001629470210328427,-7.118157550032151e-06
0.0,-0.00890905606969361,0.00016213160729155207,-0.00016213160729155207,-6.302743808741548e-06
0.0,-0.009040932945028057,0.00016222490406205483,-0.00016222490406205483,-6.396040579244301e-06
0.0,-0.000313861457302278,0.000156050905901372,-0.000156050905901372,-2.220424185614721e-07
0.0,0.016540974699349675,0.0001441268913477915,-0.0001441268913477915,1.1701972135019026e-05
0.0,0.01908056557933535,0.0001423302486316214,-0.0001423302486316214,1.3498614851189146e-05
0.0,-0.0004833595887074882,0.00015617081796500147,-0.00015617081796500147,-3.4195448219092347e-07
0.0,-0.0043168283608459035,0.00015888281925678706,-0.00015888281925678706,-3.053955773976529e-06
0.0,-0.0028999798130677767,0.00015788046464788402,-0.00015788046464788402,-2.0516011650734834e-06
0.0,-0.0075036694675360005,0.00016113736147736654,-0.00016113736147736654,-5.308497994556003e-06
0.0,0.01904028588598905,0.0001423587446457749,-0.0001423587446457749,1.3470118837035635e-05
0.0,0.0023292692665812798,0.0001541810135496647,-0.0001541810135496647,1.6478499331458367e-06
0.0,0.005106758007594747,0.00015221606913475385,-0.00015221606913475385,3.6127943480566777e-06
0.0,0.0006208264404641284,0.00015538965758116075,-0.00015538965758116075,4.3920590164979247e-07
0.0,0.0004136855394443195,0.00015553620015775098,-0.00015553620015775098,2.9266332505956057e-07
0.0,0.002188441817939202,0.00015428064243549572,-0.00015428064243549572,1.5482210473148094e-06
0.0,-0.0012519007957618733,0.00015671452521037423,-0.00015671452521037423,-8.856617275637061e-07
0.0,-0.00012814640056846294,0.00015591952111550217,-0.00015591952111550217,-9.065763269162708e-08
0.0,0.0011396405267545262,0.00015502262068694045,-0.00015502262068694045,8.062427958700759e-07
0.0,0.007100510313353237,0.00015080558188414263,-0.00015080558188414263,5.023281598667916e-06
0.0,0.0018721339981915275,0.0001545044155419815,-0.0001545044155419815,1.3244479408290454e-06
0.0,-2.1174829462955458e-05,0.00015584384369219016,-0.00015584384369219016,-1.4980209379621787e-08
0.0,-0.003497536135912971,0.0001583032080210006,-0.0001583032080210006,-2.474344538190052e-06
0.0,0.0002264032488046297,0.00015566869368889303,-0.00015566869368889303,1.601697939175083e-07
0.0,-0.008072242646582573,0.00016153960062099956,-0.00016153960062099956,-5.710737138189041e-06
0.0,0.006454730908207917,0.0001512624408505418,-0.0001512624408505418,4.566422632268747e-06
0.0,-0.0004890148137838279,0.00015617481877435298,-0.00015617481877435298,-3.45955291542454e-07
0.0,-0.0008081822874276279,0.00015640061495328863,-0.00015640061495328863,-5.717514704780887e-07
0.0,0.0008443492265819419,0.00015523152558094704,-0.00015523152558094704,5.973379018634987e-07
0.0,-0.00780580496271055,0.00016135110832178143,-0.00016135110832178143,-5.522244838970906e-06
0.0,0.0050732955705157234,0.00015223974225640394,-0.00015223974225640394,3.5891212264066e-06
0.0,-0.0011659590635981765,0.0001566537254223754,-0.0001566537254223754,-8.248619395648532e-07
0.0,-0.0010676612969652277,0.0001565841843132823,-0.0001565841843132823,-7.553208304717721e-07
0.0,0.020435540463669577,0.00014137166676880328,-0.00014137166676880328,1.445719671400725e-05
0.0,0.0040499740579702515,0.000152963694746667,-0.000152963694746667,2.86516873614353e-06
0.0,-0.006147829935223559,0.00016017816791622161,-0.00016017816791622161,-4.349304433411071e-06
0.0,0.0031349558295050706,0.00015361102768847695,-0.00015361102768847695,2.2178357943335775e-06
0.0,0.002092692232889659,0.00015434838082434854,-0.00015434838082434854,1.4804826584619788e-06
0.0,0.01630974737217783,0.00014429047395332723,-0.00014429047395332723,1.1538389529483317e-05
0.0,0.003958951318527193,0.00015302808911156848,-0.00015302808911156848,2.8007743712420683e-06
0.0,-0.003124690820504483,0.00015803943725955,-0.00015803943725955,-2.210573776739456e-06
0.0,-0.0012797755200721905,0.00015673424528449802,-0.00015673424528449802,-9.053818016874815e-07
0.0,0.001185553958514829,0.0001549901390642521,-0.0001549901390642521,8.387244185584465e-07
0.0,-0.0005407337436069692,0.0001562114075175585,-0.0001562114075175585,-3.825440347479677e-07
0.0,-7.531901909729743e-05,0.0001558821481941854,-0.0001558821481941854,-5.3284711374849806e-08
0.0,-0.002232653981520283,0.000157408362584512,-0.000157408362584512,-1.5794991017014747e-06
0.0,-0.0105018557847808,0.00016325843918757991,-0.00016325843918757991,-7.429575704769377e-06
0.0,-0.0057367349435899495,0.00015988733728354243,-0.00015988733728354243,-4.05847380073188e-06
0.0,0.009648981834660786,0.00014900265652627946,-0.00014900265652627946,6.8262069565310755e-06
0.0,-0.004477753072888002,0.0001589966660240049,-0.0001589966660240049,-3.167802541194342e-06
0.0,0.002651506710448004,0.00015395304550923619,-0.00015395304550923619,1.875817973574338e-06
0.0,0.0008722869484341089,0.00015521176093898534,-0.00015521176093898534,6.171025438251856e-07
0.0,0.0036244096381636837,0.000153264761828429,-0.000153264761828429,2.5641016543815473e-06
0.0,0.007174435557619541,0.0001507532832037926,-0.0001507532832037926,5.0755802790179184e-06
0.0,-0.00032158936312698394,0.00015605637303618518,-0.00015605637303618518,-2.2750955337465307e-07
0.0,-0.0034567355331607263,0.00015827434348761142,-0.00015827434348761142,-2.4454800048008845e-06
0.0,-0.00989094181235195,0.0001628262458971484,-0.0001628262458971484,-6.997382414337873e-06
0.0,-0.006188030354815854,0.00016020660784787227,-0.00016020660784787227,-4.377744365061751e-06
0.0,0.00019538952303133073,0.00015569063446090913,-0.00015569063446090913,1.3822902190142303e-07
0.0,-0.0029661372528556607,0.00015792726796697455,-0.00015792726796697455,-2.0984044841640117e-06
0.0,0.008077922524027725,0.00015011410809486283,-0.00015011410809486283,5.714755387947691e-06
0.0,0.010269933278491461,0.00014856336219054773,-0.00014856336219054773,7.265501292262819e-06
0.0,0.004117058019306619,0.00015291623595656948,-0.00015291623595656948,2.912627526241052e-06
0.0,-0.0024437290975140025,0.00015755768843565737,-0.00015755768843565737,-1.7288249528468444e-06
0.0,-0.016571304555192734,0.00016755229258360005,-0.00016755229258360005,-1.1723429100789524e-05
0.0,0.00043958226653084687,0.0001555178794248883,-0.0001555178794248883,3.109840579222165e-07
0.0,-0.01444390628760639,0.0001660472570158737,-0.0001660472570158737,-1.0218393533063161e-05
0.0,-0.0030853828766044256,0.00015801162871304268,-0.00015801162871304268,-2.18276523023213e-06
0.0,0.002995542646406335,0.00015370965604705487,-0.00015370965604705487,2.1192074357556605e-06
0.0,-0.0007289817322603254,0.00015634458423523896,-0.00015634458423523896,-5.157207524284294e-07
0.0,0.00015587969925845435,0.00015571858582805968,-0.00015571858582805968,1.102776547508591e-07
0.0,0.010926475234507071,0.00014809888921876645,-0.00014809888921876645,7.729974264044079e-06
0.0,-0.009379454163327194,0.00016246439211736302,-0.00016246439211736302,-6.635528634552489e-06
0.0,0.002163809008205897,0.00015429806900547395,-0.00015429806900547395,1.530794477336579e-06
0.0,0.007853184882181896,0.0001502730995491375,-0.0001502730995491375,5.555763933673042e-06
0.0,-0.023705000038029778,0.00017259905114995906,-0.00017259905114995906,-1.6770187667148508e-05
0.0,-0.01220484261628385,0.00016446322335603262,-0.00016446322335603262,-8.63435987322207e-06
0.0,0.001698692425988746,0.00015462711740700825,-0.00015462711740700825,1.201746075802274e-06
0.0,0.00013048788935265954,0.00015573654935544402,-0.00015573654935544402,9.231412736652708e-08
0.0,-0.0039854205221913075,0.00015864836358753226,-0.00015864836358753226,-2.8195001047217155e-06
0.0,-0.013852035718884714,0.00016562853604999304,-0.00016562853604999304,-9.799672567182522e-06
0.0,-0.0015935449138314572,0.00015695622257237436,-0.00015695622257237436,-1.1273590895638185e-06
0.0,0.00483994963594836,0.00015240482367837326,-0.00015240482367837326,3.4240398044372754e-06
0.0,0.019862053761098286,0.0001417773820023534,-0.0001417773820023534,1.4051481480457134e-05
0.0,0.0006633863793055195,0.00015535954839911783,-0.00015535954839911783,4.693150836927136e-07
0.0,0.002320181125065268,0.00015418744298811754,-0.00015418744298811754,1.6414204946929952e-06
0.0,0.013026314842639719,0.00014661335012394253,-0.00014661335012394253,9.215513358868013e-06
0.0,-0.0020295818770267315,0.0001572646984926809,-0.0001572646984926809,-1.4358350098703786e-06
0.0,-0.0052265872985560735,0.00015952643149440735,-0.00015952643149440735,-3.697568011596811e-06
0.0,0.007856028682432292,0.0001502710876924064,-0.0001502710876924064,5.557775790404134e-06
0.0,0.004269642628790704,0.00015280828942494909,-0.00015280828942494909,3.0205740578614483e-06
0.0,0.00016250753698754394,0.0001557138969403834,-0.0001557138969403834,1.1496654242712665e-07
0.0,-0.004745224843287543,0.0001591858898914619,-0.0001591858898914619,-3.35702640865136e-06
0.0,-0.0017098123935156417,0.0001570384764196961,-0.0001570384764196961,-1.2096129368855674e-06
0.0,0.0015848622233496368,0.0001547076469939049,-0.0001547076469939049,1.1212164889056329e-06
0.0,0.0033065906083264984,0.00015348960404593627,-0.00015348960404593627,2.3392594368742714e-06
0.0,0.0029209195962771606,0.0001537624483926762,-0.0001537624483926762,2.0664150901343315e-06
0.0,0.0003385605486661003,0.00015558934760309255,-0.00015558934760309255,2.3951587971797223e-07
0.0,0.0065488820784729285,0.0001511958332659861,-0.0001511958332659861,4.633030216824445e-06
0.0,0.0004482397633895907,0.00015551175464754952,-0.00015551175464754952,3.17108835261004e-07
0.0,-0.0063214251654488685,0.00016030097848716992,-0.00016030097848716992,-4.472115004359387e-06
0.0,-0.004135401260425775,0.00015875446800105744,-0.00015875446800105744,-2.9256045182468945e-06
0.0,0.011870590853387819,0.00014743097122329226,-0.00014743097122329226,8.397892259518258e-06
0.0,0.011486656421599406,0.0001477025870200711,-0.0001477025870200711,8.126276462739425e-06
0.0,-0.007589201039747917,0.00016119787109623003,-0.00016119787109623003,-5.369007613419489e-06
0.0,0.00548810949285139,0.00015194628065280321,-0.00015194628065280321,3.882582830007309e-06
0.0,-0.009378687628036508,0.0001624638498292104,-0.0001624638498292104,-6.634986346399877e-06
0.0,-0.002440296594621194,0.00015755526009912128,-0.00015755526009912128,-1.7263966163107517e-06
0.0,-0.00478746019469678,0.0001592157694429567,-0.0001592157694429567,-3.386905960146174e-06
0.0,-0.001218442012279497,0.00015669085467347427,-0.00015669085467347427,-8.619911906637375e-07
0.0,-0.011049941573072375,0.00016364618445282358,-0.00016364618445282358,-7.817320970013033e-06
0.0,0.016941941334216226,0.0001438432260575916,-0.0001438432260575916,1.1985637425218956e-05
0.0,0.025403420320955883,0.00013785712226844972,-0.00013785712226844972,1.79717412143608e-05
0.0,-0.0020856174946130013,0.00015730434109219405,-0.00015730434109219405,-1.4754776093835072e-06
0.0,0.004865096315322948,0.00015238703356946625,-0.00015238703356946625,3.441829913344295e-06
0.0,-0.0031231161538831653,0.00015803832325597648,-0.00015803832325597648,-2.2094597731659345e-06
0.0,-0.003242371304872038,0.00015812269074212492,-0.00015812269074212492,-2.2938272593143863e-06
0.0,0.002655865938542279,0.00015394996155761807,-0.00015394996155761807,1.8789019251924614e-06
0.0,0.007597415119266371,0.00015045404478924692,-0.00015045404478924692,5.374818693563609e-06
0.0,-4.7513986152325494e-05,0.00015586247742346908,-0.00015586247742346908,-3.3613940658530404e-08
0.0,-0.0009306715612543703,0.00015648727043128869,-0.00015648727043128869,-6.584069484781615e-07
0.0,0.0011286697641588184,0.00015503038199245772,-0.00015503038199245772,7.984814903528183e-07
0.0,0.00019699191031485874,0.00015568950084625326,-0.00015568950084625326,1.393626365572807e-07
0.0,0.005642922184040833,0.00015183675785675438,-0.00015183675785675438,3.992105626056165e-06
0.0,0.0034032703971196288,0.00015342120758109426,-0.00015342120758109426,2.407655901716287e-06
0.0,0.004428106846314561,0.0001526961833434414,-0.0001526961833434414,3.1326801393691286e-06
0.0,0.001507477027169024,0.00015476239342970013,-0.00015476239342970013,1.0664700531104006e-06
0.0,6.614683421224399e-06,0.00015582418390119675,-0.00015582418390119675,4.6795816137838285e-09
0.0,0.005445481690718124,0.00015197643784497643,-0.00015197643784497643,3.852425637834093e-06
0.0,-0.0018496216125600817,0.0001571373849553304,-0.0001571373849553304,-1.308521472519875e-06
0.0,0.005105995170664235,0.00015221660880648824,-0.00015221660880648824,3.6122546763222927e-06
0.0,-0.0038996213232838084,0.00015858766463519892,-0.00015858766463519892,-2.7588011523883935e-06
0.0,-0.0025633010773032927,0.00015764228006348197,-0.00015764228006348197,-1.8134165806714336e-06
0.0,0.010052705569688847,0.00014871704071563863,-0.00014871704071563863,7.111822767171903e-06
0.0,-0.011538744820964397,0.00016399199007131377,-0.00016399199007131377,-8.163126588503226e-06
0.0,0.010416510240551347,0.00014845966579073833,-0.00014845966579073833,7.3691976920721945e-06
0.0,0.0005491705981217621,0.0001554403507649448,-0.0001554403507649448,3.885127178657284e-07
0.0,-0.0018053993582290984,0.00015710609976220637,-0.00015710609976220637,-1.2772362793958424e-06
0.0,0.005657940611518475,0.00015182613301613587,-0.00015182613301613587,4.002730466674662e-06
0.0,-0.000606117484177382,0.0001562576634803506,-0.0001562576634803506,-4.287999975400735e-07
0.0,0.001595272232703504,0.00015470028239528854,-0.00015470028239528854,1.1285810875220029e-06
0.0,0.000592263093356804,0.0001554098648239628,-0.0001554098648239628,4.189986588477146e-07
0.0,0.0006906716689645265,0.00015534024532266137,-0.00015534024532266137,4.886181601491558e-07
0.0,-0.0010450813177572682,0.00015656821002565396,-0.00015656821002565396,-7.393465428434113e-07
0.0,0.007336475471722448,0.0001506386474828597,-0.0001506386474828597,5.190215999950836e-06
0.0,-0.012404137955230099,0.0001646042155614726,-0.0001646042155614726,-8.775352078662047e-06
0.0,-0.006303057332801343,0.00016028798409779875,-0.00016028798409779875,-4.459120614988217e-06
0.0,0.008772467921830174,0.00014962274945129334,-0.00014962274945129334,6.206114031517196e-06
0.0,-0.018309580659152336,0.0001687820422749713,-0.0001687820422749713,-1.295317879216076e-05
0.0,0.006109463971145868,0.00015150670118888827,-0.00015150670118888827,4.322162293922282e-06
0.0,0.012725994077109837,0.00014682581313133327,-0.00014682581313133327,9.003050351477255e-06
0.0,-0.0008640799292052304,0.00015644015994131888,-0.00015644015994131888,-6.112964585083586e-07
0.0,0.002323855425648391,0.00015418484359093444,-0.00015418484359093444,1.6440198918761056e-06
0.0,0.00461072337316093,0.00015256699062370197,-0.00015256699062370197,3.2618728591085633e-06
0.0,0.00956601649469957,0.0001490613506548931,-0.0001490613506548931,6.767512827917439e-06
0.0,0.001084512714484509,0.0001550616210563125,-0.0001550616210563125,7.672424264980302e-07
0.0,0.0018164914425815581,0.0001545437800683836,-0.0001545437800683836,1.28508341442694e-06
0.0,0.004481139122655131,0.0001526586654685112,-0.0001526586654685112,3.1701980142993393e-06
0.0,0.0032490857396794137,0.00015353028607240492,-0.00015353028607240492,2.2985774104056275e-06
0.0,-0.0024032529493148713,0.00015752905343881056,-0.00015752905343881056,-1.7001899560000288e-06
0.0,0.00131405176760091,0.00015489923282633884,-0.00015489923282633884,9.296306564717077e-07
0.0,0.005602990523162488,0.00015186500765408475,-0.00015186500765408475,3.963855828725794e-06
0.0,-0.0016184626244926115,0.00015697385069654026,-0.00015697385069654026,-1.1449872137297275e-06
0.0,-0.005510332450180511,0.00015972716802403197,-0.00015972716802403197,-3.89830454122142e-06
0.0,-0.0024225306518709244,0.00015754269151892607,-0.00015754269151892607,-1.7138280361155246e-06
0.0,0.006697492376419811,0.00015109069837537898,-0.00015109069837537898,4.738165107431567e-06
0.0,-0.008282433828555424,0.00016168830112983778,-0.00016168830112983778,-5.859437647027237e-06
0.0,0.007174256352702191,0.00015075340998295692,-0.00015075340998295692,5.075453499853607e-06
0.0,-0.0033400389194234714,0.000158191786047858,-0.000158191786047858,-2.362922565047463e-06
0.0,0.0077851108025177584,0.00015032125880201262,-0.00015032125880201262,5.507604680797931e-06
0.0,-0.0005883499068413123,0.00015624509374376178,-0.00015624509374376178,-4.162302609512341e-07
0.0,0.00405666949441863,0.00015295895803603329,-0.00015295895803603329,2.8699054467772627e-06
0.0,-0.0044735804606589324,0.00015899371409445283,-0.00015899371409445283,-3.1648506116422865e-06
0.0,0.005172264111710456,0.00015216972660543087,-0.00015216972660543087,3.6591368773796818e-06
0.0,-0.010546128701639845,0.00016328976022209193,-0.00016328976022209193,-7.460896739281383e-06
0.0,0.004048451943253761,0.00015296477157220615,-0.00015296477157220615,2.864091910604381e-06
0.0,-0.00429489561132812,0.00015886730285413447,-0.00015886730285413447,-3.0384393713239365e-06
0.0,0.006302737952936344,0.00015136996881425828,-0.00015136996881425828,4.4588946685522514e-06
0.0,0.0035443321494683655,0.00015332141293626194,-0.00015332141293626194,2.5074505465485996e-06
0.0,0.01218913260513399,0.0001472056177135671,-0.0001472056177135671,8.623245769243437e-06
0.0,0.0035522505198095633,0.00015331581105664047,-0.00015331581105664047,2.513052426170065e-06
0.0,-0.002836767069231527,0.00015783574456455188,-0.00015783574456455188,-2.0068810817413343e-06
0.0,-0.022966290584432447,0.00017207644848602952,-0.00017207644848602952,-1.624758500321898e-05
0.0,0.014307223290395576,0.0001457071668284842,-0.0001457071668284842,1.012169665432634e-05
0.0,-0.014327681394279534,0.00016596503329642385,-0.00016596503329642385,-1.013616981361331e-05
0.0,-0.006701003439812281,0.00016056951250468667,-0.00016056951250468667,-4.740649021876136e-06
0.0,0.008847902373522176,0.00014956938307671356,-0.00014956938307671356,6.259480406096982e-06
0.0,0.004661629963028435,0.00015253097657332427,-0.00015253097657332427,3.2978869094862482e-06
0.0,0.01041921875000007,0.00014845774964597223,-0.00014845774964597223,7.371113836838297e-06
0.0,6.340190171760796e-06,0.00015582437809243487,-0.00015582437809243487,4.4853903756701404e-09
0.0,0.0040347322693841114,0.0001529744776049063,-0.0001529744776049063,2.8543858779042344e-06
0.0,-0.0018421130247733286,0.0001571320729778532,-0.0001571320729778532,-1.303209495042672e-06
0.0,0.007186011722218666,0.00015074509360444725,-0.00015074509360444725,5.083769878363275e-06
0.0,0.002484899676771457,0.00015407091225536318,-0.00015407091225536318,1.7579512274473532e-06
0.0,-0.009307883608932754,0.00016241375927084496,-0.00016241375927084496,-6.5848957880344105e-06
0.0,0.009407983261396247,0.00014917315183506145,-0.00014917315183506145,6.6557116477490694e-06
0.0,0.010534666895180678,0.00014837607543979645,-0.00014837607543979645,7.452788043014081e-06
0.0,0.0019077786269059427,0.00015447919862099827,-0.00015447919862099827,1.3496648618122801e-06
0.0,0.005230269513137653,0.0001521286904752439,-0.0001521286904752439,3.7001730075666373e-06
0.0,0.004139081299929126,0.00015290065550736074,-0.00015290065550736074,2.928207975449793e-06
0.0,-0.0036871039064235722,0.00015843731842311008,-0.00015843731842311008,-2.608454940299545e-06
0.0,0.004321655306021466,0.00015277149286908192,-0.00015277149286908192,3.0573706137286213e-06
0.0,4.2889368592202715e-05,0.00015579852124450374,-0.00015579852124450374,3.0342238306805985e-08
0.0,0.010142153479971716,0.0001486537604692994,-0.0001486537604692994,7.1751030135111335e-06
0.0,0.0051141362697153525,0.00015221084935663863,-0.00015221084935663863,3.6180141261719046e-06
0.0,-0.005009741163373271,0.00015937302291494827,-0.00015937302291494827,-3.544159432137737e-06
0.0,0.010300096519028301,0.00014854202309737578,-0.00014854202309737578,7.28684038543475e-06
0.0,-0.000707617924973758,0.0001563294703328173,-0.0001563294703328173,-5.006068500067567e-07
0.0,0.001722386289245481,0.00015461035509809715,-0.00015461035509809715,1.2185083847133788e-06
0.0,-0.008273657594813577,0.00016168209235166333,-0.00016168209235166333,-5.853228868852784e-06
0.0,-0.002923832356719225,0.00015789733921581196,-0.00015789733921581196,-2.068475733001427e-06
0.0,-0.0005513654411685165,0.00015621892895029596,-0.00015621892895029596,-3.9006546748542703e-07
0.0,0.006340981548631053,0.00015134291324472282,-0.00015134291324472282,4.485950238087704e-06
0.0,-0.007047981897774669,0.00016081498366465934,-0.00016081498366465934,-4.986120181848793e-06
0.0,0.00367034439193481,0.00015323226512140725,-0.00015323226512140725,2.596598361403281e-06
0.0,-0.014307241527974024,0.00016595057303937745,-0.00016595057303937745,-1.012170955656691e-05
0.0,0.005935988427895333,0.00015162942708685513,-0.00015162942708685513,4.199436395955408e-06
0.0,-0.005510807488524838,0.00015972750409161984,-0.00015972750409161984,-3.8986406088092995e-06
0.0,-0.013779732742503992,0.00016557738504890246,-0.00016557738504890246,-9.748521566091913e-06
0.0,0.008490293972530871,0.00014982237442817323,-0.00014982237442817323,6.006489054637295e-06
0.0,0.012831541229424204,0.0001467511434182261,-0.0001467511434182261,9.077720064584422e-06
0.0,-0.00034681344994402785,0.0001560742179072662,-0.0001560742179072662,-2.453544244556755e-07
0.0,-0.010153367167240024,0.00016301189965977361,-0.00016301189965977361,-7.183036176963086e-06
0.0,-0.008369555515669425,0.00016174993568121666,-0.00016174993568121666,-5.92107219840612e-06
0.0,0.014784291377196501,0.00014536966329198035,-0.00014536966329198035,1.0459200190830194e-05
0.0,-0.005885016114436148,0.00015999223933199657,-0.00015999223933199657,-4.1633758491860395e-06
0.0,0.007567364431436019,0.0001504753042566012,-0.0001504753042566012,5.3535592262093205e-06
0.0,0.007791157767295331,0.0001503169808549983,-0.0001503169808549983,5.511882627812225e-06
0.0,-0.013851474486292426,0.00016562813900397396,-0.00016562813900397396,-9.799275521163432e-06
0.0,-0.02501035094286319,0.0001735225263497236,-0.0001735225263497236,-1.7693662866913067e-05
0.0,0.002669776576555538,0.00015394012042664663,-0.00015394012042664663,1.8887430561638966e-06
0.0,-0.012145015629135836,0.00016442089853846572,-0.00016442089853846572,-8.592035055655198e-06
0.0,0.009497272121224087,0.00014910998410953957,-0.00014910998410953957,6.718879373270957e-06
0.0,0.009590486444071455,0.0001490440393010642,-0.0001490440393010642,6.7848241817463285e-06
0.0,0.0061998311850259835,0.00015144277057790764,-0.00015144277057790764,4.386092904902903e-06
0.0,-0.004289562412875814,0.0001588635298636781,-0.0001588635298636781,-3.034666380867584e-06
0.0,0.005403747467634501,0.00015200596287143214,-0.00015200596287143214,3.822900611378402e-06
0.0,-0.0005449081736377259,0.0001562143607331209,-0.0001562143607331209,-3.8549725031037477e-07
0.0,0.0008240472350893313,0.0001552458882979604,-0.0001552458882979604,5.829751848501377e-07
0.0,0.010201732142340214,0.00014861161132999232,-0.00014861161132999232,7.217252152818219e-06
0.0,0.0052515464964768555,0.00015211363799673655,-0.00015211363799673655,3.715225486073989e-06
0.0,0.007229670722828763,0.00015071420688719702,-0.00015071420688719702,5.114656595613512e-06
0.0,0.00018159245054127915,0.00015570039524954207,-0.00015570039524954207,1.2846823326846726e-07
0.0,0.013554249906357896,0.00014623986056138533,-0.00014623986056138533,9.5890029214252e-06
0.0,0.003086483632862347,0.0001536453195185986,-0.0001536453195185986,2.183543964211945e-06
0.0,0.001374879432867404,0.0001548562000754324,-0.0001548562000754324,9.726634073781438e-07
0.0,-0.003708760911961373,0.00015845263974969076,-0.00015845263974969076,-2.6237762668802124e-06
0.0,0.0027740472164057284,0.00015386635378688052,-0.00015386635378688052,1.9625096959300227e-06
0.0,0.0050329647425946256,0.0001522682744458966,-0.0001522682744458966,3.5605890369139522e-06
0.0,0.0016100503211176065,0.0001546898275834063,-0.0001546898275834063,1.1390358994042479e-06
0.0,0.0020330263437824403,0.00015439059167252615,-0.00015439059167252615,1.4382718102843766e-06
0.0,-0.0018519369130487462,0.0001571390229230013,-0.0001571390229230013,-1.3101594401907652e-06
0.0,-0.0038112215188927934,0.00015852512587514838,-0.00015852512587514838,-2.696262392337847e-06
0.0,0.0025564722015867236,0.00015402027801486378,-0.00015402027801486378,1.8085854679467438e-06
0.0,0.0008282942843145236,0.0001552428837076873,-0.0001552428837076873,5.859797751232374e-07
0.0,-0.003736037754951127,0.0001584719368505206,-0.0001584719368505206,-2.643073367710065e-06
0.0,0.00037381693747806644,0.00015556440534382683,-0.00015556440534382683,2.6445813898370007e-07
0.0,-0.00013640921141577778,0.00015592536667080042,-0.00015592536667080042,-9.650318798988969e-08
0.0,0.01254056989753427,0.00014695699213510972,-0.00014695699213510972,8.871871347700812e-06
0.0,0.0016404581697111453,0.00015466831544138352,-0.00015466831544138352,1.1605480414270188e-06
0.0,-0.0014798348405500317,0.00015687577797142454,-0.00015687577797142454,-1.046914488614001e-06
0.0,-0.005723033522392118,0.0001598776441637607,-0.0001598776441637607,-4.04878068095016e-06
0.0,-0.0038058649299111957,0.00015852133633697784,-0.00015852133633697784,-2.69247285416729e-06
0.0,0.003885449938943575,0.00015308008792732185,-0.00015308008792732185,2.748775555488679e-06
0.0,-0.003569960525698801,0.000158354444916442,-0.000158354444916442,-2.5255814336314587e-06
0.0,-0.0011529207361400395,0.0001566445014106484,-0.0001566445014106484,-8.156379278378798e-07
0.0,0.002776056134700333,0.00015386493257039645,-0.00015386493257039645,1.963930912414074e-06
0.0,-0.005176618120080079,0.00015949108061909532,-0.00015949108061909532,-3.6622171362847972e-06
0.0,-0.014281601380197961,0.00016593243382447223,-0.00016593243382447223,-1.0103570341661692e-05
0.0,-0.0033045953891290836,0.0001581667113946764,-0.0001581667113946764,-2.337847911865874e-06
0.0,-0.005900302398330837,0.00016000305366860217,-0.00016000305366860217,-4.174190185791649e-06
0.0,0.0038211953199089876,0.00015312554508901613,-0.00015312554508901613,2.703318393794419e-06
0.0,-0.005779602928505545,0.00015991766439389017,-0.00015991766439389017,-4.088800911079642e-06
0.0,0.008619376484360286,0.000149731054540198,-0.000149731054540198,6.097808942612546e-06
0.0,0.003947010921615535,0.00015303653638837537,-0.00015303653638837537,2.792327094435171e-06
0.0,-0.00403965777164117,0.00015868673392502918,-0.00015868673392502918,-2.857870442218654e-06
0.0,-0.015874194741040237,0.00016705911973444615,-0.00016705911973444615,-1.1230256251635626e-05
0.0,0.002747645185721348,0.00015388503199859367,-0.00015388503199859367,1.943831484216859e-06
0.0,0.0019634016027962886,0.00015443984794633934,-0.00015443984794633934,1.3890155364712078e-06
0.0,-0.0031743183568806455,0.00015807454643892782,-0.00015807454643892782,-2.2456829561172784e-06
0.0,0.004164221602432239,0.00015288286990979442,-0.00015288286990979442,2.9459935730161166e-06
0.0,0.008116953209842404,0.00015008649569558675,-0.00015008649569558675,5.7423677872237755e-06
0.0,0.0012098628337211537,0.00015497294166292184,-0.00015497294166292184,8.559218198886867e-07
0.0,5.443114110303959e-05,0.00015579035597596512,-0.00015579035597596512,3.850750684541585e-08
0.0,0.009992880823750605,0.00014875936394765358,-0.00014875936394765358,7.069499535156959e-06
0.0,0.007345789391592916,0.0001506320583166967,-0.0001506320583166967,5.196805166113837e-06
0.0,0.0030522833735622257,0.00015366951461523676,-0.00015366951461523676,2.159348867573766e-06
0.0,-0.0033804153149811222,0.00015822035047433926,-0.00015822035047433926,-2.391486991528734e-06
0.0,0.002714679741101511,0.00015390835352113824,-0.00015390835352113824,1.920509961672301e-06
0.0,0.0056931530442476674,0.00015180122185375923,-0.00015180122185375923,4.027641629051292e-06
0.0,0.004217739327674108,0.0001528450086022903,-0.0001528450086022903,2.983854880520237e-06
0.0,0.012177672896303449,0.00014721372492585948,-0.00014721372492585948,8.615138556951062e-06
0.0,-0.0018429538196846895,0.00015713266780124197,-0.00015713266780124197,-1.3038043184314291e-06
0.0,-0.007216886263627376,0.0001609344756667098,-0.0001609344756667098,-5.1056121838992615e-06
0.0,-0.004719586526811925,0.00015916775197211678,-0.00015916775197211678,-3.33888848930624e-06
0.0,-0.0025971430708935372,0.00015766622170375314,-0.00015766622170375314,-1.8373582209426145e-06
0.0,-0.00273946595048713,0.00015776690853759766,-0.00015776690853759766,-1.938045054787138e-06
0.0,0.0034854258676535466,0.00015336308639752428,-0.00015336308639752428,2.465777085286266e-06
0.0,-0.004073801130465626,0.0001587108887672209,-0.0001587108887672209,-2.882025284410357e-06
0.0,-0.0060292307798877065,0.00016009426451656092,-0.00016009426451656092,-4.265401033750379e-06
0.0,0.007998543475556064,0.00015017026508864364,-0.00015017026508864364,5.658598394166894e-06
0.0,-0.0006666695473820372,0.00015630050125558563,-0.00015630050125558563,-4.7163777277508705e-07
0.0,-0.008979414583967338,0.00016218138267592075,-0.00016218138267592075,-6.352519193110213e-06
0.0,0.0070532243451535415,0.0001508390345126792,-0.0001508390345126792,4.989828970131341e-06
0.0,-0.008506361953748875,0.00016184671988864066,-0.00016184671988864066,-6.0178564058301174e-06
0.0,-0.012332078852067663,0.00016455323708936874,-0.00016455323708936874,-8.724373606558196e-06
0.0,0.0005739063518743759,0.00015542285136684928,-0.00015542285136684928,4.0601211596124445e-07
0.0,0.02183049604365883,0.00014038480041882542,-0.00014038480041882542,1.5444063063985122e-05
0.0,0.006286271807078414,0.0001513816178484599,-0.0001513816178484599,4.447245634350644e-06
0.0,0.004074720335558668,0.00015294618790344595,-0.00015294618790344595,2.8826755793645935e-06
0.0,-0.007063723409320266,0.0001608261200537064,-0.0001608261200537064,-4.99725657089586e-06
0.0,0.013827532394934838,0.00014604652588042232,-0.00014604652588042232,9.782337602388211e-06
0.0,0.0067439531397044394,0.00015105782954103213,-0.00015105782954103213,4.7710339417784215e-06
0.0,0.006548755402622897,0.0001511959228832725,-0.0001511959228832725,4.632940599538028e-06
0.0,9.173641713244862e-05,0.00015576396422405691,-0.00015576396422405691,6.489925875363326e-08
0.0,0.005737513079636436,0.00015176983918692956,-0.00015176983918692956,4.059024295880971e-06
0.0,-0.004724557241463034,0.00015917126852210223,-0.00015917126852210223,-3.342405039291695e-06
0.0,0.003258134764679621,0.00015352388430707207,-0.00015352388430707207,2.3049791757384576e-06
0.0,0.004394843515520774,0.00015271971560663276,-0.00015271971560663276,3.109147876177763e-06
0.0,0.001329699787098182,0.00015488816257857812,-0.00015488816257857812,9.4070090423241e-07
0.0,0.00558419502875096,0.00015187830459431137,-0.00015187830459431137,3.9505588884991555e-06
0.0,-0.004875923596155185,0.00015927835319498167,-0.00015927835319498167,-3.449489712171135e-06
0.0,-0.0038393812241105385,0.0001585450475600417,-0.0001585450475600417,-2.716184077231142e-06
0.0,0.002903421198789946,0.00015377482769701132,-0.00015377482769701132,2.0540357857992055e-06
0.0,0.003570558689741876,0.0001533028588758721,-0.0001533028588758721,2.5260046069384414e-06
0.0,-0.0028055878101066467,0.00015781368668536992,-0.00015781368668536992,-1.984823202559388e-06
0.0,0.004265540341705787,0.00015281119160272458,-0.00015281119160272458,3.0176718800859493e-06
0.0,-0.013182771972194418,0.00016515506300157252,-0.00016515506300157252,-9.326199518761972e-06
0.0,0.013427559516743681,0.00014632948813388255,-0.00014632948813388255,9.499375348928003e-06
0.0,0.000722931253898329,0.00015531742316309436,-0.00015531742316309436,5.114403197161781e-07
0.0,-0.0023703916199453445,0.0001575058055729749,-0.0001575058055729749,-1.6769420901643473e-06
0.0,0.008095344244797742,0.0001501017830357475,-0.0001501017830357475,5.727080447063031e-06
0.0,0.00483725876385388,0.00015240672734552957,-0.00015240672734552957,3.422136137280966e-06
0.0,0.004222034052096646,0.0001528419702840271,-0.0001528419702840271,2.986893198783435e-06
0.0,-0.00369819718572606,0.00015844516640351288,-0.00015844516640351288,-2.6163029207023443e-06
0.0,-0.0020429655768170463,0.0001572741668393084,-0.0001572741668393084,-1.4453033564978528e-06
0.0,-0.0036356111002209257,0.00015840088965187444,-0.00015840088965187444,-2.572026169063894e-06
0.0,0.00812856425584818,0.00015007828141926462,-0.00015007828141926462,5.750582063545918e-06
0.0,0.004961457973002625,0.0001523188621676264,-0.0001523188621676264,3.510001315184125e-06
0.0,-0.0012633420978621634,0.000156722619400759,-0.000156722619400759,-8.937559179484597e-07
0.0,0.00014980445507073448,0.00015572288378144455,-0.00015572288378144455,1.0597970136598817e-07
0.0,0.0024850813860768373,0.00015407078370446053,-0.00015407078370446053,1.7580797783499983e-06
0.0,-0.0007856896412440362,0.00015638470244972295,-0.00015638470244972295,-5.558389669124083e-07
0.0,-0.002719020284730922,0.00015775244417770898,-0.00015775244417770898,-1.923580694898451e-06
0.0,-0.0031928479771501372,0.00015808765528553493,-0.00015808765528553493,-2.2587918027244016e-06
0.0,-0.0013034931835718133,0.0001567510244309767,-0.0001567510244309767,-9.221609481661503e-07
0.0,-0.004339572538419101,0.00015889890970714038,-0.00015889890970714038,-3.070046224329853e-06
0.0,0.011237870620775636,0.00014787859143104107,-0.00014787859143104107,7.950272051769459e-06
0.0,0.0018171001772671058,0.00015454334941683752,-0.00015454334941683752,1.2855140659730171e-06
0.0,-0.003179659038540561,0.00015807832472340634,-0.00015807832472340634,-2.2494612405958104e-06
0.0,-0.01131687458772268,0.00016383502717558508,-0.00016383502717558508,-8.006163692774546e-06
0.0,-0.0037705618911193506,0.0001584963610750158,-0.0001584963610750158,-2.667497592205254e-06
0.0,-0.00010141014414954963,0.00015590060645458915,-0.00015590060645458915,-7.174297177861887e-08
0.0,0.006320039831068547,0.00015135772853824877,-0.00015135772853824877,4.4711349445617726e-06
0.0,-0.003100987910356179,0.00015802266855038285,-0.00015802266855038285,-2.193805067572322e-06
0.0,0.01664796429762072,0.0001440512011710963,-0.0001440512011710963,1.1777662311714228e-05
0.0,-0.0005799292044108562,0.00015623913648749426,-0.00015623913648749426,-4.102730046837205e-07
0.0,0.0048187283492318045,0.00015241983675410428,-0.00015241983675410428,3.409026728706246e-06
0.0,0.00531812014989308,0.00015206654022581535,-0.00015206654022581535,3.762323256995173e-06
0.0,0.0029157468493599126,0.0001537661078711161,-0.0001537661078711161,2.0627556116944353e-06
0.0,0.004745529147706984,0.00015247162179290148,-0.00015247162179290148,3.35724168990906e-06
0.0,-0.00033658435338035364,0.00015606698129605495,-0.00015606698129605495,-2.381178132444123e-07
0.0,-0.00017925389411521664,0.00015595567729591143,-0.00015595567729591143,-1.2681381310089218e-07
0.0,0.003959675229718407,0.00015302757697798858,-0.00015302757697798858,2.8012865048219683e-06
0.0,-0.008861912729460575,0.0001620982555656843,-0.0001620982555656843,-6.269392082873761e-06
0.0,-0.00033296507498215,0.00015606442082451475,-0.00015606442082451475,-2.3555734170422427e-07
0.0,-0.0025117674736410134,0.00015760582242993655,-0.00015760582242993655,-1.7769589471260043e-06
0.0,0.006081764662643874,0.00015152629716446654,-0.00015152629716446654,4.302566318343989e-06
0.0,-0.0002122089839386998,0.00015597899149291802,-0.00015597899149291802,-1.501280101074695e-07
0.0,0.0003483091890779111,0.00015558245089231665,-0.00015558245089231665,2.464125904938986e-07
0.0,0.002306686808393188,0.00015419698959105648,-0.00015419698959105648,1.6318738917540514e-06
0.0,-0.012576216507389826,0.00016472595315306,-0.00016472595315306,-8.897089670249483e-06
0.0,0.010817971767347556,0.00014817565038746007,-0.00014817565038746007,7.653213095350464e-06
0.0,0.005166188100786506,0.00015217402510124604,-0.00015217402510124604,3.654838381564503e-06
0.0,-0.0013471203041567348,0.00015678188859458828,-0.00015678188859458828,-9.530251117777383e-07
0.0,-0.0038951743709020326,0.0001585845186227176,-0.0001585845186227176,-2.755655139907077e-06
0.0,0.0027737519941737343,0.00015386656264291198,-0.00015386656264291198,1.962300839898548e-06
0.0,0.0005748652214816463,0.0001554221730110916,-0.0001554221730110916,4.066904717189518e-07
0.0,-0.00888957673985069,0.0001621178265694862,-0.0001621178265694862,-6.288963086675656e-06
0.0,-0.02087544856898549,0.00017059727477056224,-0.00017059727477056224,-1.4768411287751698e-05
0.0,-0.004876293940238585,0.00015927861519623751,-0.00015927861519623751,-3.4497517134269915e-06
0.0,0.00614065260021901,0.00015148463668090265,-0.00015148463668090265,4.344226801907879e-06
0.0,-0.010209232261157553,0.00016305142162170304,-0.00016305142162170304,-7.222558138892503e-06
0.0,0.011267044743841437,0.00014785795209258703,-0.00014785795209258703,7.9709113902235e-06
0.0,-0.0064652996420466735,0.00016040276300390425,-0.00016040276300390425,-4.5738995210937104e-06
0.0,-0.02283191982018462,0.0001719813874048315,-0.0001719813874048315,-1.6152523922020958e-05
0.0,0.007641088938743268,0.00015042314758833598,-0.00015042314758833598,5.4057158944745435e-06
0.0,-0.0020282227794392593,0.00015726373699419691,-0.00015726373699419691,-1.4348735113863747e-06
0.0,0.012439792925644788,0.00014702828716689216,-0.00014702828716689216,8.800576315918393e-06
0.0,0.013301886798946505,0.0001464183957507869,-0.0001464183957507869,9.410467732023632e-06
0.0,0.0015692347655638095,0.00015471870269520877,-0.00015471870269520877,1.1101607876017594e-06
0.0,0.011062113608869106,0.00014800293136222695,-0.00014800293136222695,7.825932120583585e-06
0.0,-0.00026926239009483766,0.00015601935413062117,-0.00015601935413062117,-1.904906478106332e-07
0.0,0.005810025082904069,0.00015171854030901485,-0.00015171854030901485,4.110323173795681e-06
0.0,0.004809216724759979,0.0001524265657870997,-0.0001524265657870997,3.402297695710842e-06
0.0,0.0011584739056558213,0.00015500929694519506,-0.00015500929694519506,8.195665376154687e-07
0.0,-0.006524484290135191,0.00016044463339638963,-0.00016044463339638963,-4.615769913579104e-06
0.0,0.006031458262132583,0.00015156188660872218,-0.00015156188660872218,4.266976874088362e-06
0.0,-0.0019187235651341172,0.00015718627138059825,-0.00015718627138059825,-1.3574078977877018e-06
0.0,0.00618651346579302,0.00015145219224635214,-0.00015145219224635214,4.376671236458403e-06
0.0,-0.0013476817370097205,0.00015678228578228253,-0.00015678228578228253,-9.534222994719787e-07
0.0,2.1699977565736717e-05,0.00015581351175551392,-0.00015581351175551392,1.535172729662495e-08
0.0,0.004948082937896281,0.000152328324384392,-0.000152328324384392,3.500539098418538e-06
0.0,0.0027826887923012578,0.0001538602402728845,-0.0001538602402728845,1.9686232099260335e-06
0.0,-0.007378510346287226,0.00016104881720619042,-0.00016104881720619042,-5.219953723379878e-06
0.0,0.01526770113133269,0.00014502767332007617,-0.00014502767332007617,1.0801190162734357e-05
0.0,-5.335132643191631e-05,0.00015586660707087716,-0.00015586660707087716,-3.7743588066617035e-08
0.0,0.0017184082710823834,0.00015461316936137627,-0.00015461316936137627,1.2156941214342626e-06
0.0,0.0005380892952486782,0.0001554481902725795,-0.0001554481902725795,3.806732102310524e-07
0.0,-0.0004632463094992323,0.00015615658875317345,-0.00015615658875317345,-3.277252703629094e-07
0.0,-0.005082138985368356,0.00015942424101491042,-0.00015942424101491042,-3.595377532099879e-06
0.0,0.00030517087837123036,0.00015561296924561908,-0.00015561296924561908,2.1589423719146486e-07
0.0,-0.011701095130556172,0.00016410684538265338,-0.00016410684538265338,-8.27798189984285e-06
0.0,-0.0028217776974703845,0.00015782514027950467,-0.00015782514027950467,-1.99627679669414e-06
0.0,0.009613634629240364,0.000149027663034082,-0.000149027663034082,6.801200448728556e-06
0.0,0.0072196189337276895,0.00015072131806160517,-0.00015072131806160517,5.107545421205363e-06
0.0,-0.006131649335692324,0.0001601667208927974,-0.0001601667208927974,-4.33785740998688e-06
0.0,0.006040504799839086,0.00015155548660303423,-0.00015155548660303423,4.273376879776302e-06
0.0,-0.0029326714097337447,0.00015790359243570716,-0.00015790359243570716,-2.0747289528966206e-06
0.0,-0.004864709743258144,0.00015927041991435506,-0.00015927041991435506,-3.4415564315445387e-06
0.0,0.004403939814465518,0.00015271328039717758,-0.00015271328039717758,3.115583085632946e-06
0.0,-0.007000319763734719,0.00016078126491624403,-0.00016078126491624403,-4.952401433433504e-06
0.0,-0.0019000838946738874,0.00015717308467858726,-0.00015717308467858726,-1.3442211957767179e-06
0.0,0.0046402218845611465,0.00015254612179555223,-0.00015254612179555223,3.2827416872583002e-06
0.0,0.007924102207026662,0.0001502229288322174,-0.0001502229288322174,5.605934650593138e-06
0.0,0.0070393485966973035,0.00015084885096090783,-0.00015084885096090783,4.9800125219027e-06
0.0,0.002853326841976367,0.0001538102671301892,-0.0001538102671301892,2.01859635262135e-06
0.0,-0.0011264502910314222,0.0001566257747989044,-0.0001566257747989044,-7.96911316093847e-07
0.0,-0.012537288005457836,0.00016469841304413984,-0.00016469841304413984,-8.869549561329294e-06
0.0,-0.010750112394172895,0.00016343406922016528,-0.00016343406922016528,-7.605205737354748e-06
0.0,0.0037505537703756975,0.00015317552070769872,-0.00015317552070769872,2.653342775111825e-06
0.0,0.010918212704340347,0.00014810473457549622,-0.00014810473457549622,7.72412890731431e-06
0.0,-0.020884795550912827,0.00017060388732659647,-0.00017060388732659647,-1.4775023843785929e-05
0.0,-0.009486773662544357,0.00016254031568367093,-0.00016254031568367093,-6.711452200860393e-06
0.0,0.008217286225508769,0.0001500155147422336,-0.0001500155147422336,5.813348740576929e-06
0.0,0.006757307791485534,0.0001510483817445234,-0.0001510483817445234,4.780481738287136e-06
0.0,0.010488490558689278,0.00014840874305538387,-0.00014840874305538387,7.42012042742666e-06
0.0,0.001363852909705754,0.00015486400082896287,-0.00015486400082896287,9.648626538476494e-07
0.0,0.003775123551313042,0.00015315813872766922,-0.00015315813872766922,2.670724755141311e-06
0.0,0.004092139025126507,0.0001529338649887655,-0.0001529338649887655,2.894998494045033e-06
0.0,-0.002213313863220212,0.00015739468034815356,-0.00015739468034815356,-1.5658168653430394e-06
0.0,0.0017169605671216726,0.0001546141935447582,-0.0001546141935447582,1.2146699380523329e-06
0.0,-0.008096390978489132,0.0001615566844453941,-0.0001615566844453941,-5.727820962583552e-06
0.0,0.0032360358580392212,0.0001535395182581796,-0.0001535395182581796,2.2893452246309383e-06
0.0,0.004760757069291355,0.00015246084874492253,-0.00015246084874492253,3.3680147378880024e-06
0.0,0.002992016977140688,0.00015371215029447703,-0.00015371215029447703,2.116713188333499e-06
0.0,-0.0001432614814260713,0.0001559302143339025,-0.0001559302143339025,-1.0135085109194582e-07
0.0,-0.0013484450597095465,0.00015678282579767615,-0.00015678282579767615,-9.539623148656147e-07
0.0,0.001871216126306141,0.00015450506489375317,-0.00015450506489375317,1.323798589057367e-06
0.0,-0.008988392160571124,0.00016218773389482815,-0.00016218773389482815,-6.358870412017623e-06
0.0,0.005616468420812426,0.00015185547266684216,-0.00015185547266684216,3.973390815968379e-06
0.0,-0.0013736249452109828,0.00015680063939837722,-0.00015680063939837722,-9.717759155666883e-07
0.0,0.001519476431128819,0.00015475390440814447,-0.00015475390440814447,1.0749590746660574e-06
0.0,0.009672737603931392,0.00014898585042173585,-0.00014898585042173585,6.843013061074692e-06
0.0,0.0004217577030636299,0.00015553048947652092,-0.00015553048947652092,2.9837400628962123e-07
0.0,-0.004701005088166399,0.00015915460646641287,-0.00015915460646641287,-3.325742983602331e-06
0.0,-0.00936180703333589,0.00016245190759168213,-0.00016245190759168213,-6.623044108871579e-06
0.0,0.00374696520677964,0.0001531780594499415,-0.0001531780594499415,2.6508040328690566e-06
0.0,0.0038447864907102947,0.0001531088554302525,-0.0001531088554302525,2.720008052558012e-06
0.0,-0.00649839809746755,0.00016042617862541914,-0.00016042617862541914,-4.597315142608596e-06
0.0,0.008116098951240547,0.00015008710004391185,-0.00015008710004391185,5.741763438898678e-06
0.0,0.0023622298736216685,0.00015415769544948314,-0.00015415769544948314,1.671168033327388e-06
0.0,0.004248391856225497,0.00015282332336054996,-0.00015282332336054996,3.0055401222605765e-06
0.0,0.005987805879090757,0.0001515927686443499,-0.0001515927686443499,4.236094838460637e-06
0.0,-0.0011140717108722997,0.00015661701752778064,-0.00015661701752778064,-7.881540449701056e-07
0.0,0.0053671102654548886,0.00015203188199208877,-0.00015203188199208877,3.7969814907217617e-06
0.0,0.0018436779311643559,0.0001545245468891044,-0.0001545245468891044,1.3043165937061162e-06
0.0,0.0007278261010281728,0.0001553139602858601,-0.0001553139602858601,5.149031969504237e-07
0.0,-0.00037921654875650024,0.00015609714159624366,-0.00015609714159624366,-2.6827811343312903e-07
0.0,0.001891663548679423,0.0001544905992911394,-0.0001544905992911394,1.3382641916711307e-06
0.0,0.006525279593556643,0.00015121253092896108,-0.00015121253092896108,4.6163325538494554e-06
0.0,0.004627758701298612,0.00015255493891944624,-0.00015255493891944624,3.2739245633642923e-06
0.0,0.0009387712266117898,0.0001551647263968986,-0.0001551647263968986,6.641370859119143e-07
0.0,-0.00024598362294592224,0.00015600288548294681,-0.00015600288548294681,-1.7402200013626642e-07
0.0,-0.0035370410325543666,0.00015833115590243424,-0.00015833115590243424,-2.502292419623701e-06
0.0,-0.00708889350376507,0.0001608439267276892,-0.0001608439267276892,-5.015063244878651e-06
0.0,0.003134561695468774,0.00015361130652002069,-0.00015361130652002069,2.217556962789848e-06
0.0,0.0008367051734305964,0.0001552369333938844,-0.0001552369333938844,5.919300889261409e-07
0.0,0.0021725690603942027,0.00015429187167499784,-0.00015429187167499784,1.5369918078126903e-06
0.0,0.007718881307192449,0.00015036811309705265,-0.00015036811309705265,5.460750385757892e-06
0.0,0.0012774785766593855,0.0001549251066620145,-0.0001549251066620145,9.037568207960339e-07
0.0,0.0017300583227324307,0.00015460492749037058,-0.00015460492749037058,1.2239359924399506e-06
0.0,-0.00013246407875799893,0.00015592257567249051,-0.00015592257567249051,-9.371218967997167e-08
0.0,-0.006435310620591883,0.0001603815471626495,-0.0001603815471626495,-4.552683679838947e-06
0.0,0.0048975112174378665,0.00015236410153019996,-0.00015236410153019996,3.4647619526105823e-06
0.0,-0.00117888399729138,0.00015666286921327488,-0.00015666286921327488,-8.34005730464357e-07
0.0,0.001910868625069062,0.00015447701259066696,-0.00015447701259066696,1.3518508921435823e-06
0.0,-0.0003722566922789161,0.00015609221782070777,-0.00015609221782070777,-2.6335433789723976e-07
0.0,0.006677770440579822,0.00015110465072993141,-0.00015110465072993141,4.724212752879132e-06
0.0,0.0006588129971369927,0.0001553627838548072,-0.0001553627838548072,4.660796280033341e-07
0.0,0.005479508115899812,0.00015195236572791154,-0.00015195236572791154,3.876497754899001e-06
0.0,-0.003923521850109468,0.00015860457314899632,-0.00015860457314899632,-2.7757096661857785e-06
0.0,-0.00704880201475111,0.00016081556385936854,-0.00016081556385936854,-4.986700376558005e-06
0.0,0.004644267890169251,0.00015254325943431024,-0.00015254325943431024,3.2856040485002913e-06
0.0,-0.004131071874054704,0.00015875140516107388,-0.00015875140516107388,-2.9225416782633474e-06
0.0,0.0014709227452411877,0.00015478825388812596,-0.00015478825388812596,1.0406095946845745e-06
0.0,0.004843552990250188,0.0001524022744723924,-0.0001524022744723924,3.4265890104181214e-06
0.0,-0.0019320956634630848,0.0001571957315197301,-0.0001571957315197301,-1.366868036919555e-06
0.0,0.004201084929208676,0.0001528567908164772,-0.0001528567908164772,2.972072666333328e-06
0.0,-0.01183402645755216,0.00016420088812878244,-0.00016420088812878244,-8.372024645971911e-06
0.0,0.010264935568841116,0.00014856689783824262,-0.00014856689783824262,7.261965644567913e-06
0.0,-0.0023202504717819705,0.00015747033303708806,-0.00015747033303708806,-1.6414695542775273e-06
0.0,0.005016150134305564,0.00015228017000110033,-0.00015228017000110033,3.5486934817102074e-06
0.0,0.0017544380056517817,0.0001545876799958687,-0.0001545876799958687,1.241183486941835e-06
0.0,0.00048815592189166424,0.0001554835158174311,-0.0001554835158174311,3.4534766537943906e-07
0.0,-0.004849150767687549,0.00015925941266104105,-0.00015925941266104105,-3.430549178230518e-06
0.0,0.0002881549022029084,0.00015562500725925437,-0.00015562500725925437,2.0385622355616923e-07
0.0,-0.004527786939807377,0.00015903206266338919,-0.00015903206266338919,-3.2031991805786456e-06
0.0,6.091277451791832e-05,0.0001557857705210576,-0.0001557857705210576,4.309296175293719e-08
0.0,-0.019999240340662028,0.00016997739810315407,-0.00016997739810315407,-1.414853462034354e-05
0.0,-0.002859121137017251,0.0001578515590303308,-0.0001578515590303308,-2.0226955475202554e-06
0.0,0.007189032358413172,0.0001507429566444905,-0.0001507429566444905,5.085906838320026e-06
0.0,-0.009685469956760784,0.00016268088409275892,-0.00016268088409275892,-6.8520206099483765e-06
0.0,1.563854864095049e-05,0.00015581779993524125,-0.00015581779993524125,1.1063547569281826e-08
0.0,-0.0055566200056119674,0.00015975991432185915,-0.00015975991432185915,-3.9310508390486184e-06
0.0,0.011531402436471216,0.0001476709312906658,-0.0001476709312906658,8.157932192144758e-06
0.0,0.0027594252503462258,0.0001538766981494406,-0.0001538766981494406,1.952165333369924e-06
0.0,-0.00163664161317445,0.00015698671148756766,-0.00015698671148756766,-1.1578480047571185e-06
0.0,0.006707160027472625,0.0001510838589608168,-0.0001510838589608168,4.745004521993731e-06
0.0,0.004345814053963171,0.00015275440167582583,-0.00015275440167582583,3.0744618069847174e-06
0.0,-6.137292417629503e-05,0.00015587228197909685,-0.00015587228197909685,-4.3418496286308695e-08
0.0,0.008531672245722488,0.00014979310121975085,-0.00014979310121975085,6.035762263059683e-06
0.0,0.005000651911710952,0.00015229113427450263,-0.00015229113427450263,3.5377292083078906e-06
0.0,0.002477812999687634,0.0001540759257505938,-0.0001540759257505938,1.7529377322167465e-06
0.0,0.0029498896671826813,0.000153741953411658,-0.000153741953411658,2.0869100711525456e-06
0.0,-0.0019925870761225983,0.00015723852638751845,-0.00015723852638751845,-1.4096629047079323e-06
0.0,0.004787778824361766,0.0001524417321069601,-0.0001524417321069601,3.387131375850437e-06
0.0,0.0010510808940034089,0.0001550852725181401,-0.0001550852725181401,7.435909646704407e-07
0.0,4.9987292607633904e-05,0.00015579349979259085,-0.00015579349979259085,3.536369021969258e-08
0.0,-0.0016899010514689339,0.00015702439006904046,-0.00015702439006904046,-1.1955265862299092e-06
0.0,0.00332041473363498,0.00015347982411868945,-0.00015347982411868945,2.3490393641210753e-06
0.0,-0.0005440661600049079,0.00015621376504754326,-0.00015621376504754326,-3.8490156473273286e-07
0.0,-0.0007791410646480479,0.0001563800696356208,-0.0001563800696356208,-5.51206152810268e-07
0.0,-0.0015344207755288997,0.000156914394987755,-0.000156914394987755,-1.0855315049444707e-06
0.0,0.005035885365550108,0.00015226620824066605,-0.00015226620824066605,3.562655242144488e-06
0.0,-0.003073114142502442,0.00015800294915290774,-0.00015800294915290774,-2.1740856700972e-06
0.0,-0.006545009043329442,0.00016045915370697125,-0.00016045915370697125,-4.630290224160723e-06
0.0,0.0036460744169486414,0.0001532494350026366,-0.0001532494350026366,2.579428480173917e-06
0.0,0.0008819054148185845,0.00015520495632029396,-0.00015520495632029396,6.239071625165604e-07
0.0,-0.005962558462297207,0.00016004709694531424,-0.00016004709694531424,-4.218233462503696e-06
0.0,-0.0007101514711097545,0.00015633126269915754,-0.00015633126269915754,-5.023992163470173e-07
0.0,0.007484376300642026,0.0001505340145086716,-0.0001505340145086716,5.2948489741389385e-06
0.0,0.0012956437010964716,0.000154912255679297,-0.000154912255679297,9.166078035135332e-07
0.0,0.0048911800862372345,0.00015236858051177385,-0.00015236858051177385,3.4602829710366696e-06
0.0,-0.00047726958102545236,0.00015616650956712936,-0.00015616650956712936,-3.376460843188176e-07
0.0,-0.00801332329681892,0.00016149791791476978,-0.00016149791791476978,-5.669054431959231e-06
0.0,-0.0057765015647701645,0.00015991547032294384,-0.00015991547032294384,-4.086606840133302e-06
0.0,0.00783249148610099,0.00015028773916673675,-0.00015028773916673675,5.541124316073772e-06
0.0,-0.016168772358634453,0.00016726751973114185,-0.00016726751973114185,-1.1438656248331308e-05
0.0,0.008575824615237426,0.00014976186546689167,-0.00014976186546689167,6.0669980159188645e-06
0.0,-0.002546802239196233,0.00015763060790103094,-0.00015763060790103094,-1.8017444182204147e-06
0.0,-0.002785928622506484,0.0001577997787222858,-0.0001577997787222858,-1.97091523947525e-06
0.0,-0.013248560995234304,0.00016520160568290755,-0.00016520160568290755,-9.372742200097016e-06
0.0,5.143341477165109e-06,0.00015582522480735514,-0.00015582522480735514,3.638675455385348e-09
0.0,0.0111655096821337,0.00014792978343774218,-0.00014792978343774218,7.899080045068364e-06
0.0,-0.0015651598591330806,0.00015693614146317924,-0.00015693614146317924,-1.1072779803686964e-06
0.0,-0.015126053030587783,0.00016652984418642755,-0.00016652984418642755,-1.0700980703617027e-05
0.0,0.017461650296527242,0.000143475556080107,-0.000143475556080107,1.2353307402703553e-05
0.0,-0.02066141501469354,0.00017044585596158587,-0.00017044585596158587,-1.4616992478775349e-05
0.0,-0.011451012338901223,0.0001639299234108479,-0.0001639299234108479,-8.101059928037341e-06
0.0,-0.016467929557809624,0.00016747915956932355,-0.00016747915956932355,-1.1650296086513021e-05
0.0,0.0015788647774723774,0.0001547118899085948,-0.0001547118899085948,1.1169735742157426e-06
0.0,-0.008100314924121665,0.00016155946045486668,-0.00016155946045486668,-5.730596972056141e-06
0.0,0.0001449777086941495,0.00015572629848055559,-0.00015572629848055559,1.0256500225494835e-07
0.0,0.012884107385910504,0.00014671395530146587,-0.00014671395530146587,9.11490818134467e-06
0.0,0.00914265720638352,0.00014936085770843877,-0.00014936085770843877,6.468005774371757e-06
0.0,0.019574487182363987,0.00014198082201435244,-0.00014198082201435244,1.3848041468458094e-05
0.0,-0.0072993302004167315,0.0001609928009267713,-0.0001609928009267713,-5.163937443960764e-06
0.0,0.012303377138681793,0.0001471247950067766,-0.0001471247950067766,8.704068476033937e-06
0.0,0.007053449392805167,0.00015083887530190738,-0.00015083887530190738,4.989988180903151e-06
0.0,-0.0015015683952100956,0.0001568911534529575,-0.0001568911534529575,-1.0622899701469592e-06
0.0,0.011939073060167393,0.0001473825232394192,-0.0001473825232394192,8.446340243391341e-06
0.0,-0.0013853554985293615,0.00015680893822057817,-0.00015680893822057817,-9.800747377676205e-07
0.0,0.0062301242403934864,0.00015142133964676611,-0.00015142133964676611,4.407523836044407e-06
0.0,0.011731393541549506,0.0001475294468629694,-0.0001475294468629694,8.29941661984114e-06
0.0,-0.00011892184463624389,0.0001559129951701792,-0.0001559129951701792,-8.413168736864707e-08
0.0,-0.0028298416808328897,0.0001578308451735826,-0.0001578308451735826,-2.001981690772057e-06
0.0,0.005700497411807115,0.0001517960260544734,-0.0001517960260544734,4.032837428337134e-06
0.0,0.0037755130048497954,0.00015315786320736175,-0.00015315786320736175,2.6710002754487786e-06
0.0,0.00034958621780534216,0.0001555815474537433,-0.0001555815474537433,2.473160290672376e-07
0.0,0.003120184693883088,0.00015362147758158138,-0.00015362147758158138,2.207385901229163e-06
0.0,0.0006966942090356198,0.00015533598465499368,-0.00015533598465499368,4.928788278168683e-07
0.0,-0.0007011166816754955,0.00015632487100482713,-0.00015632487100482713,-4.960075220165966e-07
0.0,0.0005298447465655887,0.00015545402290824387,-0.00015545402290824387,3.7484057456665504e-07
0.0,0.00024027020881067784,0.00015565888345808512,-0.00015565888345808512,1.6998002472540492e-07
0.0,0.0007353590216279127,0.0001553086310940467,-0.0001553086310940467,5.202323887638258e-07
0.0,0.005133983312177293,0.00015219680849495583,-0.00015219680849495583,3.632054987854699e-06
0.0,-0.0015011590075549863,0.0001568908638301862,-0.0001568908638301862,-1.0620003473756543e-06
0.0,0.0019670962134916703,0.00015443723418069415,-0.00015443723418069415,1.3916293021163967e-06
0.0,0.0052368773596394025,0.00015212401573043343,-0.00015212401573043343,3.7048477523771106e-06
0.0,0.0028640233144536786,0.00015380269987220425,-0.00015380269987220425,2.026163610606299e-06
0.0,-0.0011500296768531815,0.00015664245612034174,-0.00015664245612034174,-8.135926375312069e-07
0.0,0.0028059818899186517,0.00015384376148706858,-0.00015384376148706858,1.9851019957419466e-06
0.0,-0.002542427180532325,0.0001576275127500193,-0.0001576275127500193,-1.7986492672087796e-06
0.0,-0.006829362527492333,0.00016066032060364153,-0.00016066032060364153,-4.831457120830999e-06
0.0,0.006384461097458161,0.0001513121534812829,-0.0001513121534812829,4.5167100015276436e-06
0.0,0.0037647427417917267,0.00015316548266875889,-0.00015316548266875889,2.6633808140516638e-06
0.0,-0.0011618962070774064,0.00015665085113989453,-0.00015665085113989453,-8.219876570839967e-07
0.0,0.0016652165347093018,0.0001546508000468809,-0.0001546508000468809,1.178063435929644e-06
0.0,-0.007256565211683386,0.0001609625466814437,-0.0001609625466814437,-5.1336831986331486e-06
0.0,-0.00023782354133117245,0.00015599711260381416,-0.00015599711260381416,-1.6824912100363361e-07
0.0,-0.01635096881921505,0.0001673964152734884,-0.0001673964152734884,-1.1567551790677857e-05
0.0,0.0045356892119050585,0.0001526200738113708,-0.0001526200738113708,3.2087896714397465e-06
0.0,-0.016213587335965784,0.00016729922424828757,-0.00016729922424828757,-1.1470360765477044e-05
0.0,-0.006342586611898127,0.00016031594922868829,-0.00016031594922868829,-4.487085745877761e-06
0.0,-0.008489022887163578,0.00016183445330352603,-0.00016183445330352603,-6.005589820715494e-06
0.0,0.020352415732846962,0.00014143047365905597,-0.00014143047365905597,1.4398389823754558e-05
0.0,0.02401520473971619,0.00013883922038203337,-0.00013883922038203337,1.6989643100777156e-05
0.0,0.004570048934014581,0.0001525957659021937,-0.0001525957659021937,3.233097580616854e-06
0.0,0.003810463907886641,0.00015313313706510806,-0.00015313313706510806,2.6957264177024752e-06
0.0,0.0017463617463617798,0.00015459339357459575,-0.00015459339357459575,1.2354699082147902e-06
0.0,-0.00013929653841071588,0.00015592740932068372,-0.00015592740932068372,-9.85458378731993e-08
0.0,0.003309574570383944,0.00015348749303122989,-0.00015348749303122989,2.3413704515806515e-06
0.0,0.0008617745425745227,0.00015521919797837854,-0.00015521919797837854,6.096655044319916e-07
0.0,-0.0048886047197381766,0.00015928732450154045,-0.00015928732450154045,-3.4584610187299157e-06
0.0,-0.010310858415930158,0.00016312331741097504,-0.00016312331741097504,-7.294453928164517e-06
0.0,-0.0003399636723855348,0.00015606937200745815,-0.00015606937200745815,-2.4050852464762394e-07
0.0,-0.018278105145113743,0.00016875977480918346,-0.00016875977480918346,-1.2930911326372938e-05
0.0,-0.008893471722946522,0.00016212058208930785,-0.00016212058208930785,-6.2917186064973254e-06
0.0,0.01162984267174294,0.000147601289391621,-0.000147601289391621,8.227574091189542e-06
0.0,0.017888280629516196,0.0001431737349142245,-0.0001431737349142245,1.265512856858605e-05
0.0,-0.008403811034715436,0.00016177416987156113,-0.00016177416987156113,-5.945306388750587e-06
0.0,-0.008093685160912578,0.00016155477020500265,-0.00016155477020500265,-5.725906722192113e-06
0.0,-0.0025785552362955766,0.00015765307167320966,-0.00015765307167320966,-1.8242081903991163e-06
0.0,-0.005813067327385291,0.00015994133890342323,-0.00015994133890342323,-4.1124754206127066e-06
0.0,-0.009247875921837956,0.0001623713066164498,-0.0001623713066164498,-6.542443133639268e-06
0.0,0.013424199395820402,0.00014633186526353354,-0.00014633186526353354,9.49699821927699e-06
0.0,0.0015499523698385698,0.00015473234409552373,-0.00015473234409552373,1.096519387286817e-06
0.0,0.004731623968765364,0.00015248145906183303,-0.00015248145906183303,3.3474044209775208e-06
0.0,0.015269721916580492,0.00014502624370827335,-0.00014502624370827335,1.0802619774537196e-05
0.0,-0.005491522439307173,0.00015971386081408212,-0.00015971386081408212,-3.884997331271582e-06
0.0,0.002568460857030219,0.00015401179659738472,-0.00015401179659738472,1.8170668854258265e-06
0.0,-0.013387862410411011,0.00016530015497086641,-0.00016530015497086641,-9.471291488055884e-06
0.0,-0.013495609366348305,0.00016537638094297075,-0.00016537638094297075,-9.54751746016023e-06
0.0,0.009534685287099887,0.0001490835160305709,-0.0001490835160305709,6.7453474522396445e-06
0.0,-0.012991965252009852,0.00016502007610005322,-0.00016502007610005322,-9.191212617242682e-06
0.0,0.01296246371066978,0.00014665852183725944,-0.00014665852183725944,9.170341645551082e-06
0.0,0.014439495293299576,0.00014561359052355904,-0.00014561359052355904,1.0215272959251505e-05
0.0,-0.0041560462088314765,0.00015876907334417436,-0.00015876907334417436,-2.940209861363822e-06
0.0,0.010291406686777416,0.00014854817075050423,-0.00014854817075050423,7.280692732306314e-06
0.0,-0.0034181723141418763,0.00015824706179940395,-0.00015824706179940395,-2.41819831659342e-06
0.0,-0.004247194360987749,0.00015883355643275153,-0.00015883355643275153,-3.0046929499410095e-06
0.0,0.010675561019232394,0.0001482763993842067,-0.0001482763993842067,7.552464098603835e-06
0.0,-2.903358867545336e-05,0.0001558494033997039,-0.0001558494033997039,-2.053991689335676e-08
0.0,0.009644506431775834,0.00014900582266617174,-0.00014900582266617174,6.823040816638803e-06
0.0,0.004074738491730789,0.00015294617505879658,-0.00015294617505879658,2.8826884240139632e-06
0.0,0.0015975744623728527,0.00015469865367461586,-0.00015469865367461586,1.1302098081946844e-06
0.0,-0.0003143092177338991,0.00015605122267110227,-0.00015605122267110227,-2.2235918829174685e-07
0.0,-0.0010620573331896477,0.00015658021976892265,-0.00015658021976892265,-7.513562861121177e-07
0.0,0.006126533626735764,0.0001514946251995528,-0.0001514946251995528,4.334238283257735e-06
0.0,-0.0003033391953459752,0.00015604346188924768,-0.00015604346188924768,-2.1459840643715232e-07
0.0,0.002758770892866691,0.00015387716107699665,-0.00015387716107699665,1.951702405813898e-06
0.0,-0.0007657236475081541,0.00015637057743553292,-0.00015637057743553292,-5.417139527223774e-07
0.0,-0.001476028227480719,0.00015687308496929646,-0.00015687308496929646,-1.0442214864859192e-06
0.0,-0.0029563045487578377,0.00015792031178504112,-0.00015792031178504112,-2.0914483022306014e-06
0.0,0.006124919257840311,0.00015149576729064318,-0.00015149576729064318,4.333096192167361e-06
0.0,-0.0045385421527393,0.00015903967147752035,-0.00015903967147752035,-3.210807994709805e-06
0.0,-0.00438850348301556,0.0001589335260801544,-0.0001589335260801544,-3.1046625973438592e-06
0.0,0.0011960799848387271,0.00015498269238901235,-0.00015498269238901235,8.461710937981817e-07
0.0,-0.014173946589881803,0.00016585627305526856,-0.00016585627305526856,-1.0027409572458016e-05
0.0,0.0039444211911976446,0.00015303836850248824,-0.00015303836850248824,2.7904949803222975e-06
0.0,-0.01696133008584244,0.0001678282175502097,-0.0001678282175502097,-1.1999354067399159e-05
0.0,-0.0019176795748703235,0.00015718553280592544,-0.00015718553280592544,-1.356669323114915e-06
0.0,0.012601439566208406,0.00014691392966874125,-0.00014691392966874125,8.914933814069288e-06
0.0,-0.006074710968194674,0.0001601264396396076,-0.0001601264396396076,-4.297576156797057e-06
0.0,0.013533671171787054,0.00014625441906128628,-0.00014625441906128628,9.574444421524259e-06
0.0,-0.003320173700583018,0.00015817773232723074,-0.00015817773232723074,-2.3488688444202145e-06
0.0,0.012158421402569175,0.00014722734446444958,-0.00014722734446444958,8.601519018360944e-06
0.0,-0.004872579408787825,0.0001592759873375822,-0.0001592759873375822,-3.447123854771651e-06
0.0,0.00901275466979845,0.0001494527577258813,-0.0001494527577258813,6.376105756929222e-06
0.0,-0.0017457310425351702,0.00015706388719733126,-0.00015706388719733126,-1.2350237145207316e-06
0.0,-0.006139421956948832,0.0001601722196617039,-0.0001601722196617039,-4.343356178893364e-06
0.0,-0.014558905652342857,0.00016612861373070767,-0.00016612861373070767,-1.0299750247897139e-05
0.0,-0.002377499996742527,0.00015751083441974587,-0.00015751083441974587,-1.681970936935337e-06
0.0,0.0023685613495147972,0.0001541532162240553,-0.0001541532162240553,1.6756472587552493e-06
0.0,0.012236645187396533,0.00014717200476609544,-0.00014717200476609544,8.656858716715084e-06
0.0,-0.008795775050879251,0.00016205146622673053,-0.00016205146622673053,-6.222602743919998e-06
0.0,-0.003965371271123064,0.00015863417967264254,-0.00015863417967264254,-2.8053161898319954e-06
0.0,0.0035296669586522,0.00015333178787833184,-0.00015333178787833184,2.4970756044786954e-06
0.0,0.0066088151237357895,0.00015115343341722383,-0.00015115343341722383,4.675430065586708e-06
0.0,-0.0020619040578628844,0.00015728756493594453,-0.00015728756493594453,-1.4587014531340019e-06
0.0,0.002682533127767339,0.00015393109575854015,-0.00015393109575854015,1.8977677242703842e-06
0.0,0.004457481018385057,0.00015267540247959838,-0.00015267540247959838,3.153461003212159e-06
0.0,0.005202865037342352,0.0001521480778703618,-0.0001521480778703618,3.6807856124487414e-06
0.0,-0.00458128059365126,0.0001590699069414961,-0.0001590699069414961,-3.241043458685551e-06
0.0,0.0016297588743277025,0.00015467588469644358,-0.00015467588469644358,1.1529787863669581e-06
0.0,0.005148195696902835,0.00015218675389218583,-0.00015218675389218583,3.642109590624692e-06
0.0,-0.0007784436134247175,0.00015637957622124048,-0.00015637957622124048,-5.507127384299614e-07
0.0,-0.011311245518606405,0.0001638310448703617,-0.0001638310448703617,-8.002181387551183e-06
0.0,0.009235131672624686,0.00014929543631418457,-0.00014929543631418457,6.533427168625956e-06
0.0,-0.0014806053255762563,0.00015687632305383178,-0.00015687632305383178,-1.0474595710212477e-06
0.0,0.005087480356207541,0.00015222970717866977,-0.00015222970717866977,3.5991563041407672e-06
0.0,0.002357715893671175,0.0001541608888808594,-0.0001541608888808594,1.667974601951135e-06
0.0,0.002252800575326619,0.00015423511160074862,-0.00015423511160074862,1.5937518820619067e-06
0.0,-0.004141314249916261,0.00015875865116677228,-0.00015875865116677228,-2.9297876839617333e-06
0.0,0.0027692316953564777,0.0001538697605445933,-0.0001538697605445933,1.9591029382172414e-06
0.0,-0.0037403355807980043,0.00015847497736289762,-0.00015847497736289762,-2.646113880087084e-06
0.0,-0.010128906614839228,0.0001629945949538658,-0.0001629945949538658,-7.165731471055245e-06
0.0,0.010923001659165044,0.0001481013466121547,-0.0001481013466121547,7.727516870655834e-06
0.0,0.002940748690645867,0.00015374842022843662,-0.00015374842022843662,2.0804432543739147e-06
0.0,-0.011837383677612334,0.0001642032632062074,-0.0001642032632062074,-8.374399723396872e-06
0.0,-0.004455724813014705,0.00015898108205220722,-0.00015898108205220722,-3.152218569396694e-06
0.0,0.0037738134388320965,0.00015315906557146315,-0.00015315906557146315,2.669797911347374e-06
0.0,0.013457901176364917,0.00014630802281748664,-0.00014630802281748664,9.520840665323892e-06
0.0,-0.005089560528435566,0.0001594294914122872,-0.0001594294914122872,-3.600627929476688e-06
0.0,-0.0029496376848567873,0.00015791559528815894,-0.00015791559528815894,-2.0867318053484003e-06
0.0,-0.00030495478248648844,0.0001560446048421899,-0.0001560446048421899,-2.1574135937938275e-07
0.0,0.010779286625573148,0.00014820301833036014,-0.00014820301833036014,7.625845152450389e-06
0.0,0.0007684139066803652,0.00015528524629654592,-0.00015528524629654592,5.436171862646203e-07
0.0,0.003047948049283322,0.0001536725816560146,-0.0001536725816560146,2.1562818267959335e-06
0.0,-0.0006433745436266181,0.00015628402112126549,-0.00015628402112126549,-4.5515763845496163e-07
0.0,-0.0009305162517933008,0.00015648716055705102,-0.00015648716055705102,-6.582970742404715e-07
0.0,0.0023378744854138933,0.0001541749257566038,-0.0001541749257566038,1.6539377262067222e-06
0.0,-0.002233886303356414,0.00015740923439503405,-0.00015740923439503405,-1.5803709122235202e-06
0.0,-0.010281980197837881,0.00016310288741156045,-0.00016310288741156045,-7.274023928749904e-06
0.0,0.009162641262365545,0.00014934671991604764,-0.00014934671991604764,6.482143566762886e-06
0.0,-0.0012667608976734135,0.0001567250380430007,-0.0001567250380430007,-8.961745601901426e-07
0.0,-0.0063184691730722164,0.00016029888725971496,-0.00016029888725971496,-4.4700237769044375e-06
0.0,0.002059461282371222,0.0001543718901799975,-0.0001543718901799975,1.45697330281305e-06
0.0,-0.0010085961899480855,0.00015654239849055847,-0.00015654239849055847,-7.135350077479342e-07
0.0,0.0021188711112078984,0.00015432986048258065,-0.00015432986048258065,1.4990030002298755e-06
0.0,-0.008623167576889856,0.00016192935444748943,-0.00016192935444748943,-6.100490964678879e-06
0.0,-0.0014361829335245435,0.00015684489627255629,-0.00015684489627255629,-1.0160327897457483e-06
0.0,-0.006474509789282434,0.00016040927875574302,-0.00016040927875574302,-4.580415272932478e-06
0.0,0.00041835300422188304,0.00015553289814298091,-0.00015553289814298091,2.9596533982960784e-07
0.0,0.012042424827124476,0.00014730940665959126,-0.00014730940665959126,8.519456823219272e-06
0.0,0.0017386264178671507,0.0001545988659606035,-0.0001545988659606035,1.2299975222070341e-06
0.0,-0.0069942998817651425,0.00016077700612905982,-0.00016077700612905982,-4.948142646249284e-06
0.0,-0.004622572493653387,0.00015909911904489444,-0.00015909911904489444,-3.2702555620839005e-06
0.0,0.0056898566086796,0.0001518035539289763,-0.0001518035539289763,4.0253095538342305e-06
0.0,0.0019796413026920145,0.00015442835911214938,-0.00015442835911214938,1.4005043706611498e-06
0.0,0.009902710578908236,0.00014882315521217893,-0.00014882315521217893,7.005708270631615e-06
0.0,-0.0053035017498218595,0.00015958084490001685,-0.00015958084490001685,-3.75198141720633e-06
0.0,0.006094866554531064,0.00015151702818385525,-0.00015151702818385525,4.311835298955268e-06
0.0,0.0006358685039113965,0.0001553790160191904,-0.0001553790160191904,4.4984746362014234e-07
0.0,-0.00735329696164333,0.00016103097990640035,-0.00016103097990640035,-5.2021164235898006e-06
0.0,-0.0029735743006855664,0.00015793252933325158,-0.00015793252933325158,-2.1036658504410415e-06
0.0,-0.0003900796440671206,0.00015610482673215225,-0.00015610482673215225,-2.7596324934171207e-07
0.0,-0.02086619391956246,0.0001705907275354908,-0.0001705907275354908,-1.4761864052680242e-05
0.0,0.0026584898861461426,0.00015394810523643371,-0.00015394810523643371,1.8807582463768092e-06
0.0,0.006936040108400654,0.00015092193692309153,-0.00015092193692309153,4.906926559718993e-06
0.0,-0.0003080227407983305,0.00015604677528034905,-0.00015604677528034905,-2.179117975385069e-07
0.0,-0.003861756863082544,0.00015856087728643404,-0.00015856087728643404,-2.7320138036235014e-06
0.0,0.00608097510857486,0.0001515268557373368,-0.0001515268557373368,4.30200774547373e-06
0.0,-0.016652749054007043,0.00016760991078766592,-0.00016760991078766592,-1.17810473048554e-05
0.0,0.0022622025726091177,0.0001542284601239032,-0.0001542284601239032,1.600403358907322e-06
0.0,0.012338485100151564,0.00014709995775296877,-0.00014709995775296877,8.728905729841764e-06
0.0,0.011066049239604414,0.0001480001470860863,-0.0001480001470860863,7.828716396724224e-06
0.0,0.004453159211633695,0.00015267845995735265,-0.00015267845995735265,3.150403525457879e-06
0.0,-0.000734986066058041,0.000156348832022813,-0.000156348832022813,-5.199685400024581e-07
0.0,0.008014680412562258,0.00015015884895443006,-0.00015015884895443006,5.6700145283804644e-06
0.0,0.001106182994042637,0.00015504629033897833,-0.00015504629033897833,7.825731438321941e-07
0.0,0.00077123387202227,0.0001552832513019067,-0.0001552832513019067,5.456121809038411e-07
0.0,-0.0042616893616069795,0.00015884381097315358,-0.00015884381097315358,-3.014947490343032e-06
0.0,-0.0023877098952062026,0.00015751805744919212,-0.00015751805744919212,-1.6891939663816006e-06
0.0,-0.005676040278268291,0.00015984439862392605,-0.00015984439862392605,-4.01553514111551e-06
0.0,-0.01070332804283558,0.00016340097146228492,-0.00016340097146228492,-7.572107979474391e-06
0.0,-0.005775015185050969,0.00015991441877825726,-0.00015991441877825726,-4.085555295446714e-06
0.0,0.012386154626733425,0.00014706623377467307,-0.00014706623377467307,8.762629708137458e-06
0.0,0.007318795346650031,0.00015065115535102958,-0.00015065115535102958,5.1777081317809385e-06
0.0,2.836730636679441e-05,0.00015580879492973652,-0.00015580879492973652,2.0068553074011233e-08
0.0,-0.002271519985995063,0.00015743585847938097,-0.00015743585847938097,-1.606994996570432e-06
0.0,-0.002756886733696673,0.00015777923293343248,-0.00015777923293343248,-1.950369450621943e-06
0.0,-0.002249704779339723,0.00015742042523284982,-0.00015742042523284982,-1.5915617500392887e-06
0.0,0.0031146787487494887,0.00015362537278229967,-0.00015362537278229967,2.2034907005108607e-06
0.0,-0.00775298528243118,0.00016131374084870053,-0.00016131374084870053,-5.484877365890006e-06
0.0,-0.0028748824444340126,0.00015786270942403822,-0.00015786270942403822,-2.033845941227687e-06
0.0,0.012808166466444781,0.00014676767997849656,-0.00014676767997849656,9.061183504313966e-06
0.0,-0.00955710249815489,0.0001625900700717624,-0.0001625900700717624,-6.761206588951873e-06
0.0,0.0009500546545004873,0.00015515674389519356,-0.00015515674389519356,6.721195876169817e-07
0.0,-0.0012752120935421996,0.00015673101687196098,-0.00015673101687196098,-9.021533891504463e-07
0.0,0.003911964108786803,0.00015306133038235683,-0.00015306133038235683,2.7675331004537174e-06
0.0,0.00521142418513576,0.00015214202267042356,-0.00015214202267042356,3.6868408123869838e-06
0.0,-0.002625530186397551,0.00015768630427087264,-0.00015768630427087264,-1.857440788062108e-06
0.0,-0.008254876246131082,0.00016166880541888364,-0.00016166880541888364,-5.839941936073104e-06
0.0,-0.021100170073477753,0.00017075625480840798,-0.00017075625480840798,-1.4927391325597438e-05
0.0,-0.031850965718637325,0.00017836194391413445,-0.00017836194391413445,-2.253308043132392e-05
0.0,-0.03941369286646568,0.0001837122224773511,-0.0001837122224773511,-2.7883358994540553e-05
0.0,-0.01352199497897244,0.00016539504753966807,-0.00016539504753966807,-9.566184056857532e-06
0.0,0.03903385877450183,0.00012821421948486965,-0.00012821421948486965,2.761464399794087e-05
0.0,0.024297748621125326,0.0001386393336953498,-0.0001386393336953498,1.718952978746073e-05
0.0,0.0006087363616984476,0.00015539821075093445,-0.00015539821075093445,4.306527318760823e-07
0.0,-0.008391670369217175,0.00016176558091402123,-0.00016176558091402123,-5.936717431210689e-06
0.0,-0.029576446640986798,0.00017675282719936902,-0.00017675282719936902,-2.092396371655849e-05
0.0,0.01829297500443139,0.00014288743242089907,-0.00014288743242089907,1.2941431061911472e-05
0.0,0.0011647935451044589,0.0001550048260935025,-0.0001550048260935025,8.240373893080374e-07
0.0,-0.015329595723932221,0.00016667384119803638,-0.00016667384119803638,-1.084497771522584e-05
0.0,0.02508305358648033,0.00013808376686878077,-0.00013808376686878077,1.7745096614029762e-05
0.0,-0.01389756050907287,0.00016566074272680124,-0.00016566074272680124,-9.831879243990711e-06
0.0,0.005277955033794246,0.00015209495518188243,-0.00015209495518188243,3.733908300928114e-06
0.0,0.004487043210972708,0.0001526544885999632,-0.0001526544885999632,3.174374882847339e-06
0.0,-0.004089655710746709,0.00015872210514715216,-0.00015872210514715216,-2.8932416643416406e-06
0.0,0.01283131142251781,0.00014675130599594986,-0.00014675130599594986,9.077557486860682e-06
0.0,0.008705414349693852,0.00014967018674244182,-0.00014967018674244182,6.158676740368714e-06
0.0,-0.002561059320011938,0.00015764069412421092,-0.00015764069412421092,-1.8118306414003978e-06
0.0,-0.016164165744279924,0.00016726426076522276,-0.00016726426076522276,-1.143539728241223e-05
0.0,0.004565783605198437,0.00015259878342442924,-0.00015259878342442924,3.2300800583812886e-06
0.0,-0.012318429274285614,0.00016454358064639827,-0.00016454358064639827,-8.714717163587723e-06
0.0,-0.002048642890328245,0.00015727818327520272,-0.00015727818327520272,-1.4493197923921913e-06
0.0,-0.003362984329369434,0.00015820801886077832,-0.00015820801886077832,-2.37915537796778e-06
0.0,-0.00046579328582951884,0.00015615839062075305,-0.00015615839062075305,-3.2952713794249875e-07
0.0,-0.02566609046896018,0.0001739864316395684,-0.0001739864316395684,-1.815756815675788e-05
0.0,0.001232853252514099,0.0001549566770083306,-0.0001549566770083306,8.721864744799328e-07
0.0,0.019075555906861608,0.0001423337927424588,-0.0001423337927424588,1.3495070740351735e-05
0.0,0.001973884228037459,0.00015443243197535192,-0.00015443243197535192,1.3964315074586276e-06
0.0,0.014315289284541954,0.00014570146051187,-0.00014570146051187,1.0127402970940552e-05
0.0,0.018289840800508328,0.0001428896497247545,-0.0001428896497247545,1.293921375805606e-05
0.0,-0.0035882361830883447,0.00015836737409609486,-0.00015836737409609486,-2.5385106132843365e-06
0.0,0.008035633639867479,0.0001501440255182952,-0.0001501440255182952,5.68483796451534e-06
0.0,0.008818435459823082,0.0001495902295509558,-0.0001495902295509558,6.238633931854725e-06
0.0,0.000725111326717931,0.00015531588086272507,-0.00015531588086272507,5.129826200854724e-07
0.0,0.0012754772073804155,0.00015492652253792024,-0.00015492652253792024,9.023409448902863e-07
0.0,-0.006825423947869114,0.00016065753424129953,-0.00016065753424129953,-4.828670758488986e-06
0.0,-0.0047162741982138545,0.0001591654086533184,-0.0001591654086533184,-3.3365451705078516e-06
0.0,0.01485277361914017,0.0001453212152832303,-0.0001453212152832303,1.0507648199580243e-05
0.0,0.004570474275370051,0.0001525954649929196,-0.0001525954649929196,3.2333984898909475e-06
0.0,0.00027054553471672627,0.000155637465069715,-0.000155637465069715,1.913984130955369e-07
0.0,-0.0014210903493528937,0.0001568342189695175,-0.0001568342189695175,-1.0053554867069486e-06
0.0,-0.005825414995899281,0.00015995007430599228,-0.00015995007430599228,-4.121210823181749e-06
0.0,0.01662757156411132,0.00014406562808387633,-0.00014406562808387633,1.1763235398934219e-05
0.0,0.011030344539323389,0.00014802540650491573,-0.00014802540650491573,7.8034569778948e-06
0.0,-0.0019131006866738298,0.00015718229345497675,-0.00015718229345497675,-1.3534299721662164e-06
0.0,-0.002554118539720318,0.00015763578384419153,-0.00015763578384419153,-1.8069203613809851e-06
0.0,0.01184003327863703,0.00014745258928962435,-0.00014745258928962435,8.376274193186196e-06
0.0,-0.0004497742019048401,0.0001561470578621265,-0.0001561470578621265,-3.1819437931597767e-07
0.0,-0.004809877003672414,0.00015923162829521644,-0.00015923162829521644,-3.4027648124059034e-06
0.0,0.011873817006551102,0.00014742868886961566,-0.00014742868886961566,8.400174613194884e-06
0.0,0.002728067346863705,0.00015389888241121687,-0.00015389888241121687,1.9299810715936513e-06
0.0,-0.003545367230984642,0.0001583370463015064,-0.0001583370463015064,-2.508182818695864e-06
0.0,-0.0011321483923818487,0.00015662980594123045,-0.00015662980594123045,-8.009424584199293e-07
0.0,-0.0003476213457177524,0.00015607478945604152,-0.00015607478945604152,-2.459259732310023e-07
0.0,-0.009822729385718598,0.00016277798877021159,-0.00016277798877021159,-6.949125287401037e-06
0.0,0.0015105949543003927,0.00015476018764091964,-0.00015476018764091964,1.0686758418908965e-06
0.0,-0.003228085812548187,0.00015811258441912116,-0.00015811258441912116,-2.2837209363106214e-06
0.0,-0.013990375564759017,0.00016572640507228517,-0.00016572640507228517,-9.897541589474633e-06
0.0,-0.011207364706699363,0.0001637575540157782,-0.0001637575540157782,-7.928690532967676e-06
0.0,0.014903265264943455,0.00014528549478652554,-0.00014528549478652554,1.0543368696284981e-05
0.0,-0.0013393792481354305,0.00015677641215662113,-0.00015677641215662113,-9.475486738106042e-07
0.0,0.01616245179852549,0.00014439467873749627,-0.00014439467873749627,1.1434184745314274e-05
0.0,-0.00112310916925773,0.00015662341111027017,-0.00015662341111027017,-7.945476274596464e-07
0.0,0.003810195689989637,0.00015313332681682546,-0.00015313332681682546,2.6955366659850644e-06
0.0,-0.0012348607728660532,0.00015670247018479495,-0.00015670247018479495,-8.736067019844207e-07
0.0,0.0012219959743400288,0.00015496435802888497,-0.00015496435802888497,8.645054539255568e-07
0.0,-0.00012913227667687988,0.00015592021857710638,-0.00015592021857710638,-9.135509429585344e-08
0.0,0.0005936176807606053,0.0001554089065162245,-0.0001554089065162245,4.1995696658603384e-07
0.0,-0.004640997274763192,0.00015911215372266038,-0.00015911215372266038,-3.2832902398498513e-06
0.0,0.01068057336863748,0.00014827285337956457,-0.00014827285337956457,7.556010103245968e-06
0.0,-0.010995693172566212,0.00016360780622647167,-0.00016360780622647167,-7.778942743661146e-06
0.0,-0.014373526666262015,0.00016599746669923186,-0.00016599746669923186,-1.0168603216421334e-05
0.0,0.0205256690573854,0.00014130790497051746,-0.00014130790497051746,1.4520958512293083e-05
0.0,-0.006989502964787397,0.00016077361253286445,-0.00016077361253286445,-4.944749050053905e-06
0.0,-0.0064899016523778386,0.0001604201677847345,-0.0001604201677847345,-4.591304301923951e-06
0.0,-0.007738985017979982,0.00016130383631118272,-0.00016130383631118272,-5.474972828372198e-06
0.0,0.0022513871531610885,0.00015423611153135108,-0.00015423611153135108,1.5927519514594672e-06
0.0,-0.019422767297482935,0.00016956957017218356,-0.00016956957017218356,-1.3740706689373028e-05
0.0,0.004755560017433602,0.00015246452541798014,-0.00015246452541798014,3.364338064830395e-06
0.0,0.010618561082731848,0.0001483167241946094,-0.0001483167241946094,7.512139288201129e-06
0.0,0.014514969430300617,0.0001455601960734644,-0.0001455601960734644,1.0268667409346124e-05
0.0,-0.015040520909943678,0.00016646933417957375,-0.00016646933417957375,-1.0640470696763213e-05
0.0,-0.01779722000676387,0.00016841957088581153,-0.00016841957088581153,-1.2590707403000984e-05
0.0,0.0077784025360287945,0.00015032600458930476,-0.00015032600458930476,5.5028588935057694e-06
0.0,0.008816736053143037,0.00014959143180233323,-0.00014959143180233323,6.237431680477318e-06
0.0,0.01241806830075265,0.0001470436563310286,-0.0001470436563310286,8.78520715178192e-06
0.0,-0.001598636221499028,0.0001569598244363237,-0.0001569598244363237,-1.13096095351317e-06
0.0,-0.00217855994238203,0.0001573700935616659,-0.0001573700935616659,-1.5412300788553574e-06
0.0,0.010629762908764828,0.0001483087994224311,-0.0001483087994224311,7.520064060379422e-06
0.0,-0.007217228595965963,0.00016093471785095587,-0.00016093471785095587,-5.105854368145346e-06
0.0,-0.00941191309542666,0.0001624873553058005,-0.0001624873553058005,-6.6584918229899495e-06
0.0,-0.015303731089594375,0.00016665554316930438,-0.00016665554316930438,-1.0826679686493842e-05
0.0,0.0020122259542274534,0.00015440530698304408,-0.00015440530698304408,1.423556499766456e-06
0.0,-0.013115396702646942,0.00016510739812443167,-0.00016510739812443167,-9.27853464162115e-06
0.0,-0.023700443014411654,0.00017259582726718506,-0.00017259582726718506,-1.6766963784374538e-05
0.0,-0.010838374390218508,0.00016349651048720547,-0.00016349651048720547,-7.667647004394926e-06
0.0,0.0008532721255336551,0.00015522521304394156,-0.00015522521304394156,6.036504388689898e-07
0.0,0.00780279851675636,0.00015030874556485975,-0.00015030874556485975,5.520117917950783e-06
0.0,-0.02496545230421965,0.00017349076264608118,-0.00017349076264608118,-1.766189916327064e-05
0.0,0.016695905386662213,0.00014401728507496033,-0.00014401728507496033,1.1811578407850212e-05
0.0,-0.021599098001850003,0.00017110922316857505,-0.00017110922316857505,-1.528035968576453e-05
0.0,0.0005318215543925753,0.0001554526244084258,-0.0001554526244084258,3.7623907438472164e-07
0.0,-0.011693855152413501,0.00016410172343403646,-0.00016410172343403646,-8.27285995122594e-06
0.0,0.005195438361131455,0.0001521533318991996,-0.0001521533318991996,3.6755315836109396e-06
0.0,0.020283701024494727,0.00014147908612700415,-0.00014147908612700415,1.4349777355806377e-05
0.0,-0.015637982053378963,0.00016689201021767393,-0.00016689201021767393,-1.1063146734863386e-05
0.0,0.014144335590226431,0.00014582240231872357,-0.00014582240231872357,1.0006461164086965e-05
0.0,-0.010863483795639506,0.00016351427422651974,-0.00016351427422651974,-7.68541074370921e-06
0.0,0.005528577205787588,0.00015191765162351356,-0.00015191765162351356,3.911211859296977e-06
0.0,0.0247602174153414,0.00013831215848097474,-0.00013831215848097474,1.75167050018358e-05
0.0,-0.00044323658717015935,0.00015614243280303265,-0.00015614243280303265,-3.1356932022210627e-07
0.0,-0.018743090830274922,0.00016908873060712403,-0.00016908873060712403,-1.3259867124313477e-05
0.0,0.004992038934619414,0.00015229722755617176,-0.00015229722755617176,3.5316359266387826e-06
0.0,0.0015267325638141926,0.00015474877103093814,-0.00015474877103093814,1.0800924518723949e-06
0.0,-0.018481246310869337,0.00016890348775865316,-0.00016890348775865316,-1.3074624275842638e-05
0.0,-0.014153935656373462,0.0001658421162482746,-0.0001658421162482746,-1.0013252765464077e-05
0.0,-0.0006636203533073592,0.00015629834409225366,-0.00015629834409225366,-4.6948060944313723e-07
0.0,-0.00018895027740828407,0.00015596253703720046,-0.00015596253703720046,-1.3367355438992276e-07
0.0,-0.012301161792504733,0.00016453136470421137,-0.00016453136470421137,-8.70250122140085e-06
0.0,0.019518049565855122,0.00014202074900945144,-0.00014202074900945144,1.3808114473359093e-05
0.0,0.01651665412216241,0.00014414409702773033,-0.00014414409702773033,1.1684766455080217e-05
0.0,0.01648043921048603,0.00014416971739744926,-0.00014416971739744926,1.1659146085361266e-05
0.0,-0.004665713707027619,0.00015912963945169948,-0.00015912963945169948,-3.300775968888949e-06
0.0,-2.6032942938902792e-05,0.00015584728058206862,-0.00015584728058206862,-1.841709925809619e-08
0.0,0.014454197186153817,0.00014560318961650008,-0.00014560318961650008,1.0225673866310452e-05
0.0,-0.012454371867771763,0.00016463975372385298,-0.00016463975372385298,-8.810890241042444e-06
0.0,0.004439786812972857,0.00015268792030895538,-0.00015268792030895538,3.1409431738551616e-06
0.0,0.011348275359951865,0.00014780048520061047,-0.00014780048520061047,8.028378282200067e-06
0.0,-0.0018701144822791393,0.00015715188270983265,-0.00015715188270983265,-1.3230192270221182e-06
0.0,-0.008120976341902342,0.00016157407744930226,-0.00016157407744930226,-5.745213966491721e-06
0.0,0.023868791801894718,0.00013894280074230444,-0.00013894280074230444,1.6886062740506096e-05
0.0,0.004094308735004493,0.0001529323300196966,-0.0001529323300196966,2.896533463113952e-06
0.0,0.0034987406745825567,0.0001533536667893997,-0.0001533536667893997,2.4751966934108442e-06
0.0,0.0033058923144386743,0.0001534900980564626,-0.0001534900980564626,2.3387654263479333e-06
0.0,0.0008850141950174084,0.00015520275700254386,-0.00015520275700254386,6.261064802666786e-07
0.0,-0.011240108649505087,0.00016378071883606647,-0.00016378071883606647,-7.951855353255946e-06
0.0,0.0050523932937867055,0.00015225452964737015,-0.00015225452964737015,3.574333835440393e-06
0.0,0.00015580493345068724,0.0001557186387213997,-0.0001557186387213997,1.1022476141083257e-07
0.0,0.01639550053418848,0.0001442298075699624,-0.0001442298075699624,1.1599055912848128e-05
0.0,-0.001260972921287129,0.00015672094331825674,-0.00015672094331825674,-8.920798354461944e-07
0.0,-0.0018369416879204792,0.00015712841449696844,-0.00015712841449696844,-1.2995510141579138e-06
0.0,0.005600351545632654,0.00015186687460824435,-0.00015186687460824435,3.9619888745661784e-06
0.0,0.006595236486620859,0.0001511630396729638,-0.0001511630396729638,4.66582380984673e-06
0.0,0.004405643688967897,0.00015271207498502318,-0.00015271207498502318,3.116788497787358e-06
0.0,0.0009855772666846896,0.00015513161329524415,-0.00015513161329524415,6.972501875663888e-07
0.0,-0.000877387766836879,0.00015644957461898894,-0.00015644957461898894,-6.207111361784135e-07
0.0,-0.006386031602501285,0.0001603466845437882,-0.0001603466845437882,-4.517821060977682e-06
0.0,-0.0003780702927851376,0.00015609633067332769,-0.00015609633067332769,-2.674671905171408e-07
0.0,0.0005452554858313974,0.00015544312052523767,-0.00015544312052523767,3.85742957572877e-07
0.0,0.008816651779288476,0.0001495914914221752,-0.0001495914914221752,6.237372060635337e-06
0.0,0.004350315260639448,0.00015275121728094843,-0.00015275121728094843,3.077646201862114e-06
0.0,-0.00203975921756705,0.000157271898488907,-0.000157271898488907,-1.443035006096483e-06
0.0,0.006330915127309877,0.0001513500347707478,-0.0001513500347707478,4.4788287120627365e-06
0.0,-0.003208322345054082,0.00015809860268285042,-0.00015809860268285042,-2.269739200039876e-06
0.0,-0.010144492387214377,0.00016300562116467571,-0.00016300562116467571,-7.1767576818651744e-06
0.0,0.010507619269939372,0.00014839521037970447,-0.00014839521037970447,7.433653103106057e-06
0.0,-0.011975786526205012,0.00016430117679999958,-0.00016430117679999958,-8.472313317189047e-06
0.0,0.0027865779152880243,0.0001538574888988181,-0.0001538574888988181,1.9713745839924356e-06
0.0,-0.0027397858070188352,0.0001577671348212532,-0.0001577671348212532,-1.9382713384426816e-06
0.0,0.0096621337827838,0.00014899335213320382,-0.00014899335213320382,6.835511349606701e-06
0.0,0.01004013710204088,0.00014872593232335038,-0.00014872593232335038,7.102931159460166e-06
0.0,0.0001729273803483533,0.0001557065253846634,-0.0001557065253846634,1.2233809814713196e-07
0.0,-0.0009842848497145784,0.00015652519934533586,-0.00015652519934533586,-6.963358625253341e-07
0.0,0.006541025289023228,0.00015120139157998405,-0.00015120139157998405,4.627471902826497e-06
0.0,0.0030844851678346608,0.0001536467333398813,-0.0001536467333398813,2.18213014292923e-06
0.0,0.0007615448773992117,0.0001552901058160545,-0.0001552901058160545,5.38757666756024e-07
0.0,-0.005194027008290192,0.00015950339659976995,-0.00015950339659976995,-3.6745331169594075e-06
0.0,4.785972478082989e-05,0.00015579500494811385,-0.00015579500494811385,3.385853469668689e-08
0.0,-0.0018120458796383465,0.0001571108018677195,-0.0001571108018677195,-1.2819383849089405e-06
0.0,0.0018727515871905798,0.00015450397862641944,-0.00015450397862641944,1.3248848563911064e-06
0.0,0.001649352800310755,0.00015466202290292556,-0.00015466202290292556,1.1668405798849859e-06
0.0,-0.009230768513682652,0.00016235920391892596,-0.00016235920391892596,-6.530340436115426e-06
0.0,-0.005063088369821722,0.00015941076358831776,-0.00015941076358831776,-3.5819001055072103e-06
0.0,0.007809946463542827,0.0001503036887241573,-0.0001503036887241573,5.525174758653231e-06
0.0,-0.008676638198860664,0.00016196718243161474,-0.00016196718243161474,-6.138318948804212e-06
0.0,-0.005936889314214544,0.00016002893721403765,-0.00016002893721403765,-4.200073731227109e-06
0.0,-0.0002390081258001331,0.00015599795064236385,-0.00015599795064236385,-1.6908715955331464e-07
0.0,0.0031746390805036384,0.00015358295362961086,-0.00015358295362961086,2.245909853199677e-06
0.0,0.0007534970439868616,0.000155295799284792,-0.000155295799284792,5.330641980185197e-07
0.0,0.012483643435067249,0.00014699726496604273,-0.00014699726496604273,8.831598516767791e-06
0.0,-0.009561518078546327,0.00016259319389001615,-0.00016259319389001615,-6.764330407205616e-06
0.0,-0.0001694649071644072,0.00015594875204183114,-0.00015594875204183114,-1.1988855902061478e-07
0.0,-0.00847828902508041,0.00016182685959412974,-0.00016182685959412974,-5.9979961113191976e-06
0.0,0.009796652464963085,0.00014889818640693238,-0.00014889818640693238,6.930677075878163e-06
0.0,-0.009411297455333645,0.00016248691976899902,-0.00016248691976899902,-6.658056286188484e-06
0.0,0.00020517873267866804,0.00015568370904928139,-0.00015568370904928139,1.451544335291613e-07
0.0,-0.003706707658226005,0.00015845118716793942,-0.00015845118716793942,-2.622323685128888e-06
0.0,0.006019504059596059,0.0001515703436523681,-0.0001515703436523681,4.258519830442423e-06
0.0,-0.0020854589704891735,0.0001573042289437316,-0.0001573042289437316,-1.4753654609210689e-06
0.0,0.013681382686285826,0.00014614992001826712,-0.00014614992001826712,9.678943464543413e-06
0.0,0.006974740643369559,0.00015089455809022057,-0.00015089455809022057,4.934305392589964e-06
0.0,-0.00021044390350322129,0.00015597774278040575,-0.00015597774278040575,-1.4887929759521054e-07
0.0,0.004286857336424754,0.0001527961108180225,-0.0001527961108180225,3.032752664788045e-06
0.0,-0.0010052630048559275,0.0001565400404167582,-0.0001565400404167582,-7.111769339476745e-07
0.0,0.0011350423274503196,0.00015502587369960188,-0.00015502587369960188,8.029897832086634e-07
0.0,0.0028246780734553223,0.00015383053480467812,-0.00015383053480467812,1.9983286781324303e-06
0.0,-0.002911814656949452,0.00015788883725081964,-0.00015788883725081964,-2.0599737680090958e-06
0.0,0.004897281193053882,0.000152364264261779,-0.000152364264261779,3.4645992210315374e-06
0.0,0.0012894462510633087,0.00015491664008764744,-0.00015491664008764744,9.122233951630932e-07
0.0,0.0033095665337075086,0.00015348749871680557,-0.00015348749871680557,2.3413647660049573e-06
0.0,-0.0017177585589538413,0.00015704409796305906,-0.00015704409796305906,-1.21523448024853e-06
0.0,-0.009175181182794367,0.00016231987846145214,-0.00016231987846145214,-6.491014978641607e-06
0.0,-0.008115191387155773,0.0001615699848622282,-0.0001615699848622282,-5.741121379417674e-06
0.0,-0.0017988851350955182,0.00015710149125158497,-0.00015710149125158497,-1.2726277687744308e-06
0.0,-0.0018407128700851372,0.00015713108243337542,-0.00015713108243337542,-1.3022189505648682e-06
0.0,0.0031329906996742096,0.0001536124179266546,-0.0001536124179266546,2.2164455561559364e-06
0.0,-0.0032579654199809127,0.00015813372285503188,-0.00015813372285503188,-2.304859372221342e-06
0.0,0.00580818525653326,0.00015171984190080832,-0.00015171984190080832,4.109021582002223e-06
0.0,0.002712061607464289,0.00015391020572921095,-0.00015391020572921095,1.918657753599597e-06
0.0,-0.0016515636618127383,0.00015699726814462906,-0.00015699726814462906,-1.1684046618185379e-06
0.0,0.01336407865930278,0.0001463743978951501,-0.0001463743978951501,9.454465587660444e-06
0.0,-0.035919799994431734,0.00018124045537931604,-0.00018124045537931604,-2.54115918965055e-05
0.0,-0.01809650217612302,0.00016863129913460004,-0.00016863129913460004,-1.280243565178952e-05
0.0,0.01777016508725926,0.00014325729618007042,-0.00014325729618007042,1.257156730274011e-05
0.0,0.017032672570028273,0.00014377903791798393,-0.00014377903791798393,1.2049825564826604e-05
0.0,0.013565044705922347,0.0001462322237415484,-0.0001462322237415484,9.59663974126214e-06
0.0,0.00194860235588723,0.00015445031772687504,-0.00015445031772687504,1.3785457559354889e-06
0.0,-0.006847477437932237,0.00016067313606228585,-0.00016067313606228585,-4.844272579475311e-06
0.0,0.005352963242081676,0.0001520418903547346,-0.0001520418903547346,3.7869731280759194e-06
0.0,-0.0008715778419239317,0.00015644546436668075,-0.00015644546436668075,-6.166008838702145e-07
0.0,0.015253349296718177,0.00014503782657717244,-0.00014503782657717244,1.0791036905638085e-05
0.0,0.003408615474199461,0.00015341742618706007,-0.00015341742618706007,2.4114372957504722e-06
0.0,0.007009293213798395,0.00015087011374980528,-0.00015087011374980528,4.958749733005249e-06
0.0,0.00013476775533982632,0.00015573352154883444,-0.00015573352154883444,9.53419339760983e-08
0.0,0.00525920411762093,0.00015210822058507386,-0.00015210822058507386,3.7206428977366778e-06
0.0,-0.0009289473209127541,0.00015648605061124795,-0.00015648605061124795,-6.571871284374197e-07
0.0,0.002382294987840705,0.00015414350031215025,-0.00015414350031215025,1.685363170660279e-06
0.0,-0.0014351736522938419,0.000156844182252914,-0.000156844182252914,-1.0153187701034515e-06
0.0,0.004270300173431885,0.00015280782424262408,-0.00015280782424262408,3.0210392401864616e-06
0.0,-0.003612528916297486,0.00015838456007771106,-0.00015838456007771106,-2.5556965949005227e-06
0.0,0.004553964713003289,0.00015260714474228676,-0.00015260714474228676,3.2217187405237715e-06
0.0,-0.0030114751244342264,0.00015795934240753906,-0.00015795934240753906,-2.1304789247285275e-06
0.0,0.0003227842443460638,0.00015560050860641324,-0.00015560050860641324,2.2835487639729695e-07
0.0,-0.0011985421207814095,0.0001566767764235505,-0.0001566767764235505,-8.479129407399481e-07
0.0,0.0016062090221755643,0.00015469254512417998,-0.00015469254512417998,1.136318358630558e-06
0.0,0.0016313092573088106,0.0001546747878724188,-0.0001546747878724188,1.1540756103917387e-06
0.0,-0.0012697872845152114,0.00015672717907127358,-0.00015672717907127358,-8.983155884630352e-07
0.0,-0.006361619481225378,0.00016032941410065415,-0.00016032941410065415,-4.500550617843601e-06
0.0,0.0031339432802557354,0.00015361174402009082,-0.00015361174402009082,2.2171194627197264e-06
0.0,0.00021257188969192597,0.00015567847873372068,-0.00015567847873372068,1.5038474908984986e-07
0.0,0.008603496447961101,0.00014974228892915173,-0.00014974228892915173,6.0865745536588135e-06
0.0,-0.0009071655678379864,0.0001564706410315729,-0.0001564706410315729,-6.417775487623588e-07
0.0,0.0003897939364765346,0.00015555310235833297,-0.00015555310235833297,2.75761124477575e-07
0.0,-0.0028646859974036376,0.0001578554959108569,-0.0001578554959108569,-2.0266324280463667e-06
0.0,0.004734588012062169,0.0001524793621387256,-0.0001524793621387256,3.3495013440849338e-06
0.0,-0.0007960463737501922,0.0001563920293574415,-0.0001563920293574415,-5.631658746309509e-07
0.0,0.0027929092187690685,0.00015385300979536379,-0.00015385300979536379,1.9758536874467466e-06
0.0,-0.00547907701986905,0.00015970505625726968,-0.00015970505625726968,-3.876192774459143e-06
0.0,0.001868589648029051,0.00015450692300527142,-0.00015450692300527142,1.3219404775391292e-06
0.0,0.0021996173129046337,0.000154272736291326,-0.000154272736291326,1.5561271914845163e-06
0.0,-0.0014402713809749113,0.00015684778865943246,-0.00015684778865943246,-1.0189251766219324e-06
0.0,-0.000563323157221185,0.00015622738847959156,-0.00015622738847959156,-3.9852499678101913e-07
0.0,0.0019517694055308787,0.0001544480771861963,-0.0001544480771861963,1.3807862966142467e-06
0.0,-0.005240276852734871,0.0001595361162188237,-0.0001595361162188237,-3.7072527360131673e-06
0.0,-0.0013652276243513173,0.00015679469868348618,-0.00015679469868348618,-9.658352006756557e-07
0.0,-0.0015788165944199406,0.00015694580296975226,-0.00015694580296975226,-1.116939486941731e-06
0.0,0.005228047221710774,0.00015213026264331898,-0.00015213026264331898,3.698600839491545e-06
0.0,-0.0019536804841114863,0.00015721100177885073,-0.00015721100177885073,-1.3821382960401924e-06
0.0,-0.0023758642617150993,0.00015750967721310847,-0.00015750967721310847,-1.680813730297932e-06
0.0,-4.1384533048027805e-05,0.00015585814111979089,-0.00015585814111979089,-2.9277636980354933e-08
0.0,0.004201041336424849,0.00015285682165634915,-0.00015285682165634915,2.9720418264613793e-06
0.0,0.0029816787577114923,0.0001537194641050526,-0.0001537194641050526,2.1093993777579397e-06
0.0,-0.0001463852229309781,0.00015593242423608247,-0.00015593242423608247,-1.0356075327194607e-07
0.0,-0.0022230136296667036,0.00015740154248286667,-0.00015740154248286667,-1.5726790000561467e-06
0.0,-0.02452206896667508,0.00017317708950677807,-0.00017317708950677807,-1.7348226023967535e-05
0.0,0.01467705274849096,0.0001454455296461535,-0.0001454455296461535,1.0383333836657047e-05
0.0,-0.014830674258895948,0.00016632087741037962,-0.00016632087741037962,-1.0492013927569066e-05
0.0,-0.0005876766502063147,0.00015624461744593012,-0.00015624461744593012,-4.157539631195973e-07
0.0,0.010109273363029914,0.00014867702162647077,-0.00014867702162647077,7.151841856339769e-06
0.0,-0.0037722947474507773,0.00015849758699046956,-0.00015849758699046956,-2.6687235076590236e-06
0.0,-1.8603060785604697e-05,0.00015584202428517533,-0.00015584202428517533,-1.3160802364794749e-08
0.0,0.0002991382171499968,0.0001556172370735309,-0.0001556172370735309,2.116264092796272e-07
0.0,0.010917162352442444,0.00014810547765072997,-0.00014810547765072997,7.723385832080558e-06
0.0,0.006499784427785649,0.00015123056757582456,-0.00015123056757582456,4.598295906985979e-06
0.0,-0.00573677446354337,0.0001598873652420758,-0.0001598873652420758,-4.058501759265286e-06
0.0,-0.008587762798917709,0.00016190430720977779,-0.00016190430720977779,-6.075443726967253e-06
0.0,0.006444170055012188,0.00015126991216417746,-0.00015126991216417746,4.558951318633082e-06
0.0,0.005296554012835575,0.00015208179726716232,-0.00015208179726716232,3.7470662156482174e-06
0.0,-0.009321411497187015,0.00016242332962412064,-0.00016242332962412064,-6.5944661413101e-06
0.0,0.007967969231286176,0.00015019189494788702,-0.00015019189494788702,5.636968534923499e-06
0.0,-0.0032606955294726125,0.0001581356542808262,-0.0001581356542808262,-2.3067907980156565e-06
0.0,-0.0049555622707156965,0.00015933469386217425,-0.00015933469386217425,-3.5058303793637157e-06
0.0,0.0042966906501935576,0.00015278915420477516,-0.00015278915420477516,3.0397092780353864e-06
0.0,0.00048155976529717925,0.00015548818229217456,-0.00015548818229217456,3.406811906359694e-07
0.0,-0.0032534833570118105,0.00015813055200343908,-0.00015813055200343908,-2.301688520628546e-06
0.0,0.004605905039596125,0.000152570399371139,-0.000152570399371139,3.2584641116715224e-06
0.0,-0.012446471596532338,0.00016463416464850626,-0.00016463416464850626,-8.805301165695724e-06
0.0,0.001146589037580359,0.00015501770493792677,-0.00015501770493792677,8.111585448837642e-07
0.0,-0.0030992637479612117,0.00015802144878548574,-0.00015802144878548574,-2.192585302675218e-06
0.0,0.00020160447857309194,0.00015568623766822355,-0.00015568623766822355,1.4262581458697928e-07
0.0,-0.003037994040303138,0.00015797810331009707,-0.00015797810331009707,-2.149239827286532e-06
0.0,0.006160403318245855,0.00015147066396428846,-0.00015147066396428846,4.358199518522085e-06
0.0,0.0021919710189710617,0.00015427814568951282,-0.00015427814568951282,1.5507177932977006e-06
0.0,-0.0013757239543792377,0.00015680212434997438,-0.00015680212434997438,-9.732608671638292e-07
0.0,-8.414160005176807e-05,0.00015588838976086236,-0.00015588838976086236,-5.952627805182586e-08
0.0,0.004749839541692946,0.00015246857238914919,-0.00015246857238914919,3.3602910936613473e-06
0.0,-0.0037977277864983394,0.00015851557968555875,-0.00015851557968555875,-2.686716202748215e-06
0.0,-0.0017404116452881535,0.0001570601239705873,-0.0001570601239705873,-1.231260487776776e-06
0.0,-0.0029867267366989747,0.00015794183407148702,-0.00015794183407148702,-2.1129705886764837e-06
0.0,-0.0031082993435224138,0.0001580278410501136,-0.0001580278410501136,-2.198977567303048e-06
0.0,-0.00012227640782913607,0.0001559153683679938,-0.0001559153683679938,-8.650488518327936e-08
0.0,-0.006786883476427641,0.00016063026864594762,-0.00016063026864594762,-4.801405163137078e-06
0.0,-0.00652550029741239,0.00016044535217439777,-0.00016044535217439777,-4.616488691587224e-06
0.0,-0.004423400838946101,0.00015895821434031484,-0.00015895821434031484,-3.1293508575043132e-06
0.0,-0.0016661307322337615,0.000157007573671072,-0.000157007573671072,-1.1787101882614492e-06
0.0,0.022223543967337278,0.0001401067372493803,-0.0001401067372493803,1.5722126233430216e-05
0.0,0.0037719744542996647,0.00015316036656769504,-0.00015316036656769504,2.6684969151155076e-06
0.0,0.011077020753253342,0.00014799238524923375,-0.00014799238524923375,7.836478233576787e-06
0.0,0.0019507459501284519,0.00015444880123340743,-0.00015444880123340743,1.3800622494031048e-06
0.0,-0.0013979503036608554,0.0001568178484608375,-0.0001568178484608375,-9.889849780269525e-07
0.0,-0.00011550278622274313,0.0001559105763449884,-0.0001559105763449884,-8.171286217787029e-08
0.0,0.007480797417763307,0.000150536546402256,-0.000150536546402256,5.292317080554523e-06
0.0,-0.0015822634216101639,0.00015694824144006417,-0.00015694824144006417,-1.119377957253629e-06
0.0,0.004676369608375142,0.00015252054895812856,-0.00015252054895812856,3.308314524681984e-06
0.0,-0.002386798421690206,0.00015751741262396993,-0.00015751741262396993,-1.6885491411593954e-06
0.0,0.0074614006258433285,0.000150550268732571,-0.000150550268732571,5.2785947502395345e-06
0.0,0.002165432272904111,0.00015429692062101586,-0.00015429692062101586,1.5319428617946607e-06
0.0,0.0008080244329033981,0.00015525722368708424,-0.00015525722368708424,5.716397957262982e-07
0.0,0.003914386891670674,0.00015305961637587827,-0.00015305961637587827,2.76924710693227e-06
0.0,-0.005254535631502799,0.0001595462036432261,-0.0001595462036432261,-3.717340160415567e-06
0.0,0.0013352930642269722,0.00015488420559452523,-0.00015488420559452523,9.446578882852976e-07
0.0,-0.0026534040390964186,0.00015770602372837175,-0.00015770602372837175,-1.8771602455612238e-06
0.0,-0.0035155289737457407,0.00015831593711893924,-0.00015831593711893924,-2.487073636128716e-06
0.0,0.00039700650631591117,0.00015554799979981894,-0.00015554799979981894,2.8086368299158934e-07
0.0,0.005821305253253195,0.00015171056011186788,-0.00015171056011186788,4.1183033709426445e-06
0.0,0.0034108883546988267,0.0001534158182295634,-0.0001534158182295634,2.413045253247127e-06
0.0,0.013163241364864575,0.0001465164809625573,-0.0001465164809625573,9.312382520253243e-06
0.0,0.0021593430473272335,0.00015430122846558486,-0.00015430122846558486,1.5276350172256666e-06
0.0,0.005938984786955759,0.00015162730730184433,-0.00015162730730184433,4.2015561809662024e-06
0.0,-0.0011374349205595102,0.0001566335459146329,-0.0001566335459146329,-8.046824318223685e-07
0.0,0.006539774750587091,0.00015120227627790539,-0.00015120227627790539,4.626587204905157e-06
0.0,-0.00811717185395111,0.00016157138595059662,-0.00016157138595059662,-5.742522467786081e-06
0.0,0.0038832279549072535,0.0001530816598779324,-0.0001530816598779324,2.7472036048781437e-06
0.0,-0.0017506226204834219,0.00015706734776177122,-0.00015706734776177122,-1.2384842789606834e-06
0.0,0.001975120701520394,0.00015443155722773237,-0.00015443155722773237,1.3973062550781596e-06
0.0,0.0036375121488696482,0.00015325549241003214,-0.00015325549241003214,2.5733710727783973e-06
0.0,-0.0024573614565177593,0.00015756733269714114,-0.00015756733269714114,-1.7384692143305894e-06
0.0,-0.0018629737285675851,0.00015714683095789696,-0.00015714683095789696,-1.317967475086428e-06
0.0,0.0012517152775348706,0.0001549433330007848,-0.0001549433330007848,8.855304820257384e-07
0.0,0.0022483727122095676,0.00015423824410846086,-0.00015423824410846086,1.5906193743496828e-06
0.0,-0.008356529175972627,0.00016174072015027463,-0.00016174072015027463,-5.911856667464089e-06
0.0,-0.000293304709629405,0.00015603636295618125,-0.00015603636295618125,-2.0749947337070084e-07
0.0,-0.004637050227782158,0.0001591093613700556,-0.0001591093613700556,-3.2804978872450503e-06
0.0,0.008486575281279274,0.00014982500522969466,-0.00014982500522969466,6.0038582531158685e-06
0.0,0.005722273788525856,0.00015178062027832077,-0.00015178062027832077,4.048243204489756e-06
0.0,-0.0007706704833204681,0.00015637407709234784,-0.00015637407709234784,-5.452136095373103e-07
0.0,0.0035169592193697863,0.00015334077801426306,-0.00015334077801426306,2.4880854685474833e-06
0.0,-0.0035485942758867184,0.00015833932928604685,-0.00015833932928604685,-2.510465803236312e-06
0.0,0.0,0.00015582886348281054,-0.00015582886348281054,0.0
0.0,0.0028296382793233654,0.0001538270256891691,-0.0001538270256891691,2.0018377936414502e-06
0.0,-0.0021448089967596173,0.00015734621633360752,-0.00015734621633360752,-1.5173528507969925e-06
0.0,0.0018498402425362048,0.0001545201873397265,-0.0001545201873397265,1.3086761430840331e-06
0.0,-0.0029675026899970147,0.0001579282339503988,-0.0001579282339503988,-2.0993704675882456e-06
0.0,0.0017637540575008437,0.00015458108932142977,-0.00015458108932142977,1.2477741613807726e-06
0.0,-0.003609308355419394,0.00015838228168031673,-0.00015838228168031673,-2.5534181975061994e-06
0.0,0.003366237154707852,0.00015344740688183974,-0.00015344740688183974,2.3814566009707837e-06
0.0,-0.002690124758069401,0.00015773200193328472,-0.00015773200193328472,-1.9031384504741783e-06
0.0,0.006564593637664151,0.00015118471806684002,-0.00015118471806684002,4.644145415970516e-06
0.0,0.008026090549617448,0.00015015077681186873,-0.00015015077681186873,5.678086670941799e-06
0.0,-0.0007353844075136395,0.00015634911383091067,-0.00015634911383091067,-5.202503481001284e-07
0.0,-0.000866463892926328,0.00015644184648504092,-0.00015644184648504092,-6.129830022303726e-07
0.0,-0.006009543517695892,0.0001600803366920058,-0.0001600803366920058,-4.251473209195247e-06
0.0,-0.0008899054071440649,0.00015645843026871535,-0.00015645843026871535,-6.295667859048252e-07
0.0,0.00029836348965073256,0.000155617785157291,-0.000155617785157291,2.1107832551954629e-07
0.0,0.0005703094032936118,0.0001554253960410797,-0.0001554253960410797,4.0346744173084055e-07
0.0,0.007264758098647794,0.00015068938419678197,-0.00015068938419678197,5.139479286028569e-06
0.0,-0.002115356985885164,0.00015732538040242225,-0.00015732538040242225,-1.496516919611711e-06
0.0,0.00022682918569594257,0.00015566839235830495,-0.00015566839235830495,1.6047112450557915e-07
0.0,0.0006933223855400961,0.00015533837006367158,-0.00015533837006367158,4.904934191389642e-07
0.0,0.005752546449780516,0.00015175920377506787,-0.00015175920377506787,4.069659707742666e-06
0.0,0.003566050102845164,0.000153306048491913,-0.000153306048491913,2.522814990897513e-06
0.0,0.005245845097992419,0.00015211767147163197,-0.00015211767147163197,3.7111920111785745e-06
0.0,0.004007335176634763,0.00015299385977686174,-0.00015299385977686174,2.8350037059487927e-06
0.0,0.004992308919898214,0.00015229703655411374,-0.00015229703655411374,3.5318269286968117e-06
0.0,-0.0008641180363413437,0.0001564401869003496,-0.0001564401869003496,-6.113234175390717e-07
0.0,0.0016785565287558146,0.00015464136262003931,-0.00015464136262003931,1.1875008627712288e-06
0.0,0.006048066160828425,0.00015155013729096475,-0.00015155013729096475,4.2787261918457734e-06
0.0,-0.001082200145408052,0.00015659446987398507,-0.00015659446987398507,-7.656063911745452e-07
0.0,0.00041898672168572126,0.00015553244981727834,-0.00015553244981727834,2.9641366553217974e-07
0.0,0.0014933641914423035,0.0001547723776061723,-0.0001547723776061723,1.0564858766382196e-06
0.0,0.0010179830611165563,0.00015510868769924105,-0.00015510868769924105,7.201757835694931e-07
0.0,-0.0025783763780462543,0.0001576529451392969,-0.0001576529451392969,-1.8240816564863494e-06
0.0,0.013673854659866258,0.00014615524574767514,-0.00014615524574767514,9.673617735135404e-06
0.0,-0.005859880503598425,0.00015997445705356582,-0.00015997445705356582,-4.145593570755296e-06
0.0,0.0005038772720600271,0.00015547239369162298,-0.00015547239369162298,3.5646979118755676e-07
0.0,-0.0032772408480052917,0.00015814735932602174,-0.00015814735932602174,-2.3184958432112117e-06
0.0,-0.0029133737680216987,0.00015788994024956392,-0.00015788994024956392,-2.061076766753393e-06
0.0,-0.002284215165048731,0.0001574448397295331,-0.0001574448397295331,-1.6159762467225732e-06
0.0,0.0007998953585612867,0.00015526297463001014,-0.00015526297463001014,5.65888852800388e-07
0.0,0.003268670195698986,0.00015351643097844667,-0.00015351643097844667,2.3124325043638784e-06
0.0,0.0003666328125562224,0.00015556948777888148,-0.00015556948777888148,2.5937570392905847e-07
0.0,-0.0033790271755046453,0.00015821936843006627,-0.00015821936843006627,-2.390504947255739e-06
0.0,0.008374752796581397,0.00014990411444930156,-0.00014990411444930156,5.9247490335089614e-06
0.0,-0.0016267102694209612,0.00015697968552265453,-0.00015697968552265453,-1.1508220398439875e-06
0.0,-0.0013143147950017697,0.00015675868021896447,-0.00015675868021896447,-9.298167361539242e-07
0.0,-0.0020098935338483948,0.00015725076990337798,-0.00015725076990337798,-1.421906420567437e-06
0.0,-0.012407972940626899,0.00016460692863570596,-0.00016460692863570596,-8.778065152895413e-06
0.0,0.0018898864360001877,0.00015449185651590584,-0.00015449185651590584,1.3370069669046832e-06
0.0,-0.001060269661328106,0.00015657895507402466,-0.00015657895507402466,-7.500915912141114e-07
0.0,-0.0008439958489141475,0.00015642595138637002,-0.00015642595138637002,-5.97087903559479e-07
0.0,-0.001019587452981141,0.00015655017429918398,-0.00015655017429918398,-7.213108163734402e-07
0.0,0.007251474353500598,0.00015069878183013712,-0.00015069878183013712,5.130081652673425e-06
0.0,0.001085324742930105,0.00015506104658386357,-0.00015506104658386357,7.67816898946959e-07
0.0,0.002935109936855751,0.0001537524093851174,-0.0001537524093851174,2.076454097693156e-06
0.0,-0.002255047489714501,0.00015742420495255,-0.00015742420495255,-1.5953414697394578e-06
0.0,-0.0016421255420062675,0.00015699059111277396,-0.00015699059111277396,-1.1617276299634178e-06
0.0,0.0005595225490382383,0.0001554330272399791,-0.0001554330272399791,3.9583624283142774e-07
0.0,-0.0030548611983906016,0.000157990036041845,-0.000157990036041845,-2.161172559034451e-06
0.0,0.001929509405943275,0.0001544638251030896,-0.0001544638251030896,1.3650383797209384e-06
0.0,-0.0008271302020167459,0.00015641401972371895,-0.00015641401972371895,-5.851562409084128e-07
0.0,0.0006876864837839225,0.00015534235720267064,-0.00015534235720267064,4.865062801398918e-07
0.0,-0.001433879303282093,0.0001568432665610431,-0.0001568432665610431,-1.0144030782325808e-06
0.0,-0.003759951034546627,0.00015848885438631095,-0.00015848885438631095,-2.6599909035004115e-06
0.0,-0.006814694227374907,0.00016064994346188526,-0.00016064994346188526,-4.821079979074717e-06
0.0,0.008613348940219367,0.00014973531874801292,-0.00014973531874801292,6.09354473479761e-06
0.0,-0.0029033798625895946,0.0001578828700251659,-0.0001578828700251659,-2.0540065423553654e-06
0.0,-0.0017163507793208632,0.0001570431020242866,-0.0001570431020242866,-1.2142385414760703e-06
0.0,0.007557263417987681,0.00015048245025495115,-0.00015048245025495115,5.346413227859383e-06
0.0,-0.0030350729326357184,0.00015797603676195532,-0.00015797603676195532,-2.1471732791447902e-06
0.0,0.01084006896297951,0.00014816001764681163,-0.00014816001764681163,7.668845835998895e-06
0.0,0.006090687476747014,0.0001515199846874875,-0.0001515199846874875,4.308878795323051e-06
0.0,-0.00048570348354270987,0.00015617247616184581,-0.00015617247616184581,-3.436126790352882e-07
0.0,0.0005529198041311911,0.00015543769837564802,-0.00015543769837564802,3.911651071625036e-07
0.0,-0.0019131470681601481,0.0001571823262677263,-0.0001571823262677263,-1.3534627849157878e-06
0.0,0.0017322905115801923,0.00015460334832032943,-0.00015460334832032943,1.225515162481099e-06
0.0,0.0011890499458222514,0.0001549876658154382,-0.0001549876658154382,8.411976673723417e-07
0.0,-0.0012713605313821041,0.0001567282920704367,-0.0001567282920704367,-8.994285876261745e-07
0.0,0.0005821026438950216,0.00015541705287053456,-0.00015541705287053456,4.1181061227596564e-07
0.0,0.0040886954080285864,0.00015293630118808603,-0.00015293630118808603,2.8925622947244985e-06
0.0,3.744597299082386e-05,0.00015580237219433015,-0.00015580237219433015,2.649128848038948e-08
0.0,-0.0010252486299153762,0.0001565541793191988,-0.0001565541793191988,-7.253158363882787e-07
0.0,0.0011306013658478609,0.00015502901547388478,-0.00015502901547388478,7.998480089257545e-07
0.0,-0.002162809124616749,0.00015735895058890018,-0.00015735895058890018,-1.5300871060896517e-06
0.0,-0.0014784413679722608,0.00015687479215422981,-0.00015687479215422981,-1.0459286714192846e-06
0.0,0.004776513648450997,0.00015244970169623763,-0.00015244970169623763,3.379161786572903e-06
0.0,-0.0006868970151433507,0.00015631481125051683,-0.00015631481125051683,-4.859477677062921e-07
0.0,-0.018178214414433458,0.00016868910675193693,-0.00016868910675193693,-1.2860243269126388e-05
0.0,0.003686818283279214,0.00015322061060763333,-0.00015322061060763333,2.608252875177196e-06
0.0,0.006767499942466504,0.0001510411712705977,-0.0001510411712705977,4.78769221221283e-06
0.0,0.005160131149745784,0.00015217831011307817,-0.00015217831011307817,3.650553369732371e-06
0.0,0.001837871992654172,0.00015452865432121762,-0.00015452865432121762,1.3002091615929122e-06
0.0,0.002489126548973042,0.00015406792193939812,-0.00015406792193939812,1.76094154341242e-06
0.0,0.00444194837709877,0.0001526863911026281,-0.0001526863911026281,3.1424723801824337e-06
0.0,0.00031054999597146526,0.0001556091637694961,-0.0001556091637694961,2.1969971331442962e-07
0.0,-0.0012046245861250249,0.0001566810794855681,-0.0001566810794855681,-8.522160027575693e-07
0.0,-0.000459968801852062,0.0001561542700685822,-0.0001561542700685822,-3.254065857716678e-07
0.0,0.007571112611303388,0.00015047265259325232,-0.00015047265259325232,5.356210889558199e-06
0.0,0.0037077313104922904,0.00015320581561119846,-0.00015320581561119846,2.6230478716120756e-06
0.0,-0.001217665183814387,0.00015669030510337835,-0.00015669030510337835,-8.614416205678009e-07
0.0,-0.0027790399654609166,0.00015779490531704456,-0.00015779490531704456,-1.9660418342340155e-06
0.0,0.0015682572275503848,0.00015471939425799766,-0.00015471939425799766,1.109469224812871e-06
0.0,0.00026720472849017796,0.00015563982853511425,-0.00015563982853511425,1.8903494769629996e-07
0.0,-0.0008299892344156845,0.0001564160423564884,-0.0001564160423564884,-5.871788736778596e-07
0.0,-0.000978763178264619,0.0001565212930189784,-0.0001565212930189784,-6.924295361678737e-07
0.0,0.004511505177332342,0.00015263718289374508,-0.00015263718289374508,3.1916805890654537e-06
0.0,-0.0009958307964025304,0.0001565333675669111,-0.0001565333675669111,-7.045040841005804e-07
0.0,-0.0022395981461527104,0.0001574132752587955,-0.0001574132752587955,-1.5844117759849827e-06
0.0,0.0002836393681004967,0.00015562820179012098,-0.00015562820179012098,2.006616926895434e-07
0.0,0.008347228657875183,0.00014992358650037685,-0.00014992358650037685,5.90527698243369e-06
0.0,-0.0066966373620162,0.00016056642370722234,-0.00016056642370722234,-4.737560224411796e-06
0.0,-0.0005826443900691647,0.00015624105735536888,-0.00015624105735536888,-4.121938725583433e-07
0.0,-0.00045578207221763645,0.00015615130815162088,-0.00015615130815162088,-3.224446688103395e-07
0.0,0.0015609155178168965,0.00015472458817699495,-0.00015472458817699495,1.104275305815579e-06
0.0,0.000315801794623205,0.00015560544836562188,-0.00015560544836562188,2.2341511718865265e-07
0.0,-0.00807282488613359,0.00016154001252846728,-0.00016154001252846728,-5.711149045656754e-06
0.0,0.008808066374833778,0.00014959756519748307,-0.00014959756519748307,6.231298285327484e-06
0.0,-0.008600023246820632,0.00016191298090781133,-0.00016191298090781133,-6.08411742500081e-06
0.0,0.0015332318107057485,0.0001547441731153131,-0.0001547441731153131,1.0846903674974388e-06
0.0,0.002310833849555216,0.00015419405575184793,-0.00015419405575184793,1.6348077309626162e-06
0.0,0.001453279024245635,0.00015480073600210054,-0.00015480073600210054,1.0281274807099897e-06
0.0,-0.009368823820586791,0.00016245687164309866,-0.00016245687164309866,-6.628008160288128e-06
0.0,0.006403125486305727,0.00015129894929215976,-0.00015129894929215976,4.5299141906507894e-06
0.0,0.0009277662125786179,0.0001551725119337187,-0.0001551725119337187,6.56351549091842e-07
0.0,-0.0007826806116978391,0.00015638257370093135,-0.00015638257370093135,-5.53710218120813e-07
0.0,0.007305607635895495,0.00015066048504450773,-0.00015066048504450773,5.168378438302818e-06
0.0,0.0018745843139260643,0.00015450268205728854,-0.00015450268205728854,1.3261814255219804e-06
0.0,0.004673503078699293,0.00015252257689487355,-0.00015252257689487355,3.30628658793698e-06
0.0,-5.291283677333336e-05,0.00015586629685978865,-0.00015586629685978865,-3.7433376978123355e-08
0.0,0.0005978573436131729,0.00015540590715146731,-0.00015540590715146731,4.22956331343213e-07
0.0,0.005372639356088893,0.00015202797041700283,-0.00015202797041700283,3.8008930658077e-06
0.0,-0.00015365928181010347,0.00015593757029523916,-0.00015593757029523916,-1.087068124286268e-07
0.0,-0.00036787164783502746,0.00015608911560522013,-0.00015608911560522013,-2.602521224095864e-07
0.0,-0.0010637348279797232,0.00015658140651865458,-0.00015658140651865458,-7.525430358440349e-07
0.0,0.002923171678338221,0.00015376085514910964,-0.00015376085514910964,2.0680083337008876e-06
0.0,0.0002826639480466575,0.00015562889185455174,-0.00015562889185455174,1.999716282587929e-07
0.0,-0.0009726882691745153,0.00015651699530265956,-0.00015651699530265956,-6.881318198490185e-07
0.0,-0.001341115577770502,0.00015677764052927608,-0.00015677764052927608,-9.487770464655489e-07
0.0,-0.0007281456077897763,0.00015634399271597038,-0.00015634399271597038,-5.151292331598486e-07
0.0,0.0024491149692504877,0.0001540962282756027,-0.0001540962282756027,1.7326352072078291e-06
0.0,0.0004926487188865458,0.0001554803373720131,-0.0001554803373720131,3.4852611079743904e-07
0.0,-0.002183654185644257,0.00015737369750241226,-0.00015737369750241226,-1.544834019601723e-06
0.0,0.0018891035295691694,0.00015449241038588066,-0.00015449241038588066,1.3364530969298708e-06
0.0,0.001647199789928111,0.00015466354605787633,-0.00015466354605787633,1.165317424934202e-06
0.0,-0.0024144327873969473,0.0001575369626555338,-0.0001575369626555338,-1.7080991727232503e-06
0.0,-0.00036360867105078576,0.000156086099746938,-0.000156086099746938,-2.572362641274629e-07
0.0,-0.014474441722801767,0.00016606885941949752,-0.00016606885941949752,-1.0239995936686995e-05
0.0,0.0012755699762128092,0.0001549264569082756,-0.0001549264569082756,9.024065745349355e-07
0.0,0.010043754544535322,0.0001487233731506269,-0.0001487233731506269,7.105490332183624e-06
0.0,-0.0004988078808476626,0.00015618174691492393,-0.00015618174691492393,-3.528834321133885e-07
0.0,0.0014201029158569245,0.00015482420655948725,-0.00015482420655948725,1.0046569233232883e-06
0.0,-0.015436952160958639,0.0001667497908961305,-0.0001667497908961305,-1.0920927413319958e-05
0.0,-0.0018353673110713675,0.00015712730069839532,-0.00015712730069839532,-1.2984372155847832e-06
0.0,0.001162651069903653,0.00015500634179530095,-0.00015500634179530095,8.225216875095947e-07
0.0,0.00994077978775465,0.00014879622301324747,-0.00014879622301324747,7.032640469563064e-06
0.0,-0.0034535927149730306,0.00015827212008956347,-0.00015827212008956347,-2.443256606752927e-06
0.0,-0.0020744620703185834,0.00015729644914709286,-0.00015729644914709286,-1.467585664282308e-06
0.0,0.0016728693563305974,0.00015464538603065787,-0.00015464538603065787,1.183477452152654e-06
0.0,0.00048707205438569545,0.00015548428260340252,-0.00015548428260340252,3.4458087940802963e-07
0.0,0.000842821736810162,0.0001552326062090884,-0.0001552326062090884,5.962572737221232e-07
0.0,0.004615148933961866,0.0001525638597447716,-0.0001525638597447716,3.265003738038958e-06
0.0,0.005720976220730423,0.00015178153824733177,-0.00015178153824733177,4.047325235478774e-06
0.0,0.001982540682532896,0.0001544263079354368,-0.0001544263079354368,1.402555547373739e-06
0.0,-0.007550806889900619,0.000161170709016617,-0.000161170709016617,-5.34184553380646e-06
0.0,0.0031287267736885838,0.00015361543445645265,-0.00015361543445645265,2.2134290263578743e-06
0.0,-0.00017843612323464875,0.0001559550987609562,-0.0001559550987609562,-1.2623527814565694e-07
0.0,-0.001488850703918465,0.0001568821562764415,-0.0001568821562764415,-1.0532927936309777e-06
0.0,0.01083929931877714,0.000148160562134375,-0.000148160562134375,7.668301348435512e-06
0.0,0.0033639480109453057,0.00015344902634484054,-0.00015344902634484054,2.379837137970008e-06
0.0,0.0007571207193879381,0.0001552932357025763,-0.0001552932357025763,5.35627780234229e-07
0.0,-0.0011007176162897148,0.00015660757012546402,-0.00015660757012546402,-7.787066426534839e-07
0.0,0.0018471814878802117,0.00015452206828528526,-0.00015452206828528526,1.3067951975252743e-06
0.0,0.0014559207541648966,0.00015479886710075311,-0.00015479886710075311,1.0299963820574213e-06
0.0,0.0011101954279371107,0.0001550434517281661,-0.0001550434517281661,7.854117546444446e-07
0.0,0.0006343478158390425,0.000155380091835445,-0.000155380091835445,4.48771647365527e-07
0.0,-0.0030459176984141134,0.0001579837089305703,-0.0001579837089305703,-2.1548454477597736e-06
0.0,0.0006477937229520947,0.000155370579480023,-0.000155370579480023,4.582840027875552e-07
0.0,-0.002222050282888466,0.00015740086095971824,-0.00015740086095971824,-1.5719974769077109e-06
0.0,7.216672978804795e-05,0.0001557778088698627,-0.0001557778088698627,5.105461294783231e-08
0.0,0.004085143947080816,0.0001529388136819266,-0.0001529388136819266,2.8900498008839116e-06
0.0,0.001204615596159142,0.00015497665384003672,-0.00015497665384003672,8.522096427738219e-07
0.0,0.0037051100814438076,0.000153207670009131,-0.000153207670009131,2.621193473679525e-06
0.0,0.003874003457017716,0.00015308818578219286,-0.00015308818578219286,2.740677700617668e-06
0.0,0.0021588381272976687,0.0001543015856730786,-0.0001543015856730786,1.527277809731926e-06
0.0,0.0012467201713795006,0.0001549468668066278,-0.0001549468668066278,8.819966761827309e-07
0.0,0.005646787369921524,0.00015183402341707988,-0.00015183402341707988,3.994840065730648e-06
0.0,-0.0010736344069645076,0.00015658841001146766,-0.00015658841001146766,-7.595465286571231e-07
0.0,-0.0018044339160793177,0.0001571054167566798,-0.0001571054167566798,-1.2765532738692606e-06
0.0,0.002322412261707374,0.00015418586456246309,-0.00015418586456246309,1.6429989203474621e-06
0.0,0.0018035072962026,0.00015455296574951093,-0.00015455296574951093,1.2758977332996028e-06
0.0,-0.0016867529508860502,0.000157022162933943,-0.000157022162933943,-1.1932994511324479e-06
0.0,0.0008781073155288421,0.00015520764329931804,-0.00015520764329931804,6.21220183492504e-07
0.0,0.0017507533144689447,0.000154590286743919,-0.000154590286743919,1.238576738891528e-06
0.0,0.0006725789853143649,0.00015535304505688322,-0.00015535304505688322,4.758184259273128e-07
0.0,0.0007423349056041584,0.00015530369597979916,-0.00015530369597979916,5.251675030113776e-07
0.0,0.00032799789456050554,0.0001555968201907884,-0.0001555968201907884,2.3204329202213507e-07
0.0,0.0051168427389869375,0.0001522089346552032,-0.0001522089346552032,3.619928827607342e-06
0.0,-0.003972484039719171,0.0001586392116264075,-0.0001586392116264075,-2.8103481435969544e-06
0.0,0.001617908278173541,0.00015468426844338112,-0.00015468426844338112,1.1445950394294325e-06
0.0,-0.004663049754275228,0.0001591277548287287,-0.0001591277548287287,-3.298891345918169e-06
0.0,0.001270946219078306,0.00015492972800191612,-0.00015492972800191612,8.991354808944152e-07
0.0,0.008073022498049642,0.00015011757463589194,-0.00015011757463589194,5.711288846918603e-06
0.0,-0.003192470570786421,0.00015808738828804343,-0.00015808738828804343,-2.2585248052328957e-06
0.0,0.0009444586571358826,0.00015516070280368707,-0.00015516070280368707,6.681606791234684e-07
0.0,0.0015921101716727115,0.00015470251940675515,-0.00015470251940675515,1.12634407605538e-06
0.0,0.00018996581088659426,0.00015569447148560322,-0.00015569447148560322,1.34391997207312e-07
0.0,0.0030970753849743904,0.00015363782634541327,-0.00015363782634541327,2.191037137397261e-06
0.0,0.0012712512404724485,0.0001549295122134321,-0.0001549295122134321,8.993512693784505e-07
0.0,-0.00018910292286977715,0.00015596264502678206,-0.00015596264502678206,-1.3378154397151612e-07
0.0,0.001443655000098465,0.00015480754455265115,-0.00015480754455265115,1.0213189301593766e-06
0.0,-0.003761887644002093,0.00015849022444764627,-0.00015849022444764627,-2.661360964835743e-06
0.0,-0.0008976438525517549,0.00015646390485979448,-0.00015646390485979448,-6.35041376983954e-07
0.0,0.0009836343625724275,0.0001551329878097571,-0.0001551329878097571,6.958756730534321e-07
0.0,-0.0023096092988857952,0.000157462804900991,-0.000157462804900991,-1.6339414181804532e-06
0.0,-0.005525675723266343,0.00015973802267784613,-0.00015973802267784613,-3.909159195035591e-06
0.0,0.008196058063241196,0.00015003053268209797,-0.00015003053268209797,5.798330800712565e-06
0.0,-0.0026259630899742037,0.00015768661053006735,-0.00015768661053006735,-1.857747047256818e-06
0.0,0.0012756828808564435,0.00015492637703347877,-0.00015492637703347877,9.024864493317802e-07
0.0,0.006541139295859866,0.00015120131092543677,-0.00015120131092543677,4.6275525573737526e-06
0.0,-0.0007502611166068096,0.00015635963841234758,-0.00015635963841234758,-5.307749295370316e-07
0.0,0.0020560951489239088,0.00015437427156323027,-0.00015437427156323027,1.454591919580249e-06
0.0,-0.0003842577408796899,0.00015610070800577063,-0.00015610070800577063,-2.7184452296008164e-07
0.0,0.00984851271879017,0.0001488614976835512,-0.0001488614976835512,6.967365799259344e-06
0.0,-0.000369225702197995,0.00015609007353585677,-0.00015609007353585677,-2.6121005304624776e-07
0.0,0.008190950433802913,0.00015003414609294282,-0.00015003414609294282,5.7947173898677286e-06
0.0,-0.002024530803113933,0.0001572611250922463,-0.0001572611250922463,-1.4322616094357711e-06
0.0,-0.0010521566439205543,0.00015657321549063493,-0.00015657321549063493,-7.443520078243958e-07
0.0,-0.0037393815604747083,0.00015847430243778331,-0.00015847430243778331,-2.645438954972792e-06
0.0,-0.00011410565998426492,0.00015590958794299827,-0.00015590958794299827,-8.072446018772526e-08
0.0,0.0029323579853828274,0.0001537543562631,-0.0001537543562631,2.0745072197105457e-06
0.0,0.005506306319651655,0.0001519334072421347,-0.0001519334072421347,3.895456240675837e-06
0.0,0.003201957471006933,0.00015356362713584288,-0.00015356362713584288,2.2652363469676465e-06
0.0,0.001548922064604108,0.0001547330729886732,-0.0001547330729886732,1.0957904941373273e-06
0.0,-0.0004729570906678582,0.0001561634586802914,-0.0001561634586802914,-3.3459519748086784e-07
0.0,-0.004070859227173984,0.00015870880750713988,-0.00015870880750713988,-2.879944024329349e-06
0.0,0.008974343513216354,0.00014947993183697013,-0.00014947993183697013,6.348931645840399e-06
0.0,0.005362807225250732,0.00015203492619338162,-0.00015203492619338162,3.7939372894289026e-06
0.0,-0.0032302694598687065,0.000158114129248284,-0.000158114129248284,-2.2852657654734658e-06
0.0,-0.0008278931807477186,0.00015641455949577058,-0.00015641455949577058,-5.856960129600443e-07
0.0,0.0019856558213586784,0.00015442410411925313,-0.00015442410411925313,1.404759363557404e-06
0.0,-0.0004581666477052604,0.00015615299512813932,-0.00015615299512813932,-3.2413164532878623e-07
0.0,-0.0010584151831672939,0.00015657764311676958,-0.00015657764311676958,-7.487796339590364e-07
0.0,0.0007909409391904099,0.00015526930946624973,-0.00015526930946624973,5.595540165608165e-07
0.0,0.0018339987251561052,0.00015453139447826143,-0.00015453139447826143,1.2974690045491053e-06
0.0,-0.005183153157965359,0.00015949570385518781,-0.00015949570385518781,-3.666840372377278e-06
0.0,0.008303361477520088,0.00014995462049513758,-0.00014995462049513758,5.874242987672948e-06
0.0,0.006398818768781567,0.00015130199609498588,-0.00015130199609498588,4.526867387824648e-06
0.0,0.004028636080503967,0.00015297879037568928,-0.00015297879037568928,2.8500731071212604e-06
0.0,0.007033767443369587,0.00015085279936793397,-0.00015085279936793397,4.976064114876554e-06
0.0,0.0016623439316436617,0.00015465283228026738,-0.00015465283228026738,1.1760312025431552e-06
0.0,0.0013029315960912946,0.00015490709983173042,-0.00015490709983173042,9.217636510801047e-07
0.0,-0.0011122268282528491,0.00015661571235892587,-0.00015661571235892587,-7.868488761153319e-07
0.0,0.007033646478779465,0.000150852884944769,-0.000150852884944769,4.9759785380415336e-06
0.0,0.006749602987881076,0.00015105383253558765,-0.00015105383253558765,4.775030947222888e-06
0.0,-0.003524487622672101,0.00015832227494739308,-0.00015832227494739308,-2.49341146458255e-06
0.0,0.009415051560751175,0.00014916815134122135,-0.00014916815134122135,6.660712141589169e-06
0.0,-0.0016163897301626484,0.00015697238421997955,-0.00015697238421997955,-1.1435207371690069e-06
0.0,0.004385235112838837,0.00015272651310572154,-0.00015272651310572154,3.1023503770890003e-06
0.0,0.008066726499347698,0.00015012202876285309,-0.00015012202876285309,5.706834719957442e-06
0.0,0.0021743654797181655,0.00015429060079167603,-0.00015429060079167603,1.5382626911344964e-06
0.0,-0.0005599757022828333,0.0001562250203105372,-0.0001562250203105372,-3.961568277266669e-07
0.0,0.0006026209018938911,0.00015540253715500232,-0.00015540253715500232,4.2632632780821544e-07
0.0,0.011841196508761032,0.00014745176635828293,-0.00014745176635828293,8.377097124527613e-06
0.0,-0.006731974332887192,0.00016059142297455598,-0.00016059142297455598,-4.762559491745455e-06
0.0,-0.010898815620283941,0.0001635392698531369,-0.0001635392698531369,-7.710406370326353e-06
0.0,0.0004889853730833948,0.00015548292901919764,-0.00015548292901919764,3.459344636128812e-07
0.0,-0.0006480882520516484,0.00015628735585127053,-0.00015628735585127053,-4.584923684599884e-07
0.0,-0.02120854792396809,0.00017083292710913647,-0.00017083292710913647,-1.5004063626325946e-05
0.0,-0.04097922480422822,0.0001848197636860865,-0.0001848197636860865,-2.8990900203275968e-05
0.0,0.017440920592313836,0.0001434902213840254,-0.0001434902213840254,1.2338642098785155e-05
0.0,-0.005001588416939429,0.0001593672552251158,-0.0001593672552251158,-3.53839174230526e-06
0.0,-0.03753641975808808,0.0001823841388545088,-0.0001823841388545088,-2.6555275371698252e-05
0.0,0.014936090208494734,0.00014526227266196807,-0.00014526227266196807,1.0566590820842476e-05
0.0,0.013914584754042503,0.00014598494037539126,-0.00014598494037539126,9.843923107419279e-06
0.0,0.0026129297463290957,0.0001539803369214642,-0.0001539803369214642,1.8485265613463245e-06
0.0,0.013402458257245842,0.00014634724611033414,-0.00014634724611033414,9.481617372476402e-06
0.0,0.012069112762299383,0.0001472905261837164,-0.0001472905261837164,8.538337299094144e-06
0.0,0.0003734693722488025,0.00015556465123010027,-0.00015556465123010027,2.642122527102565e-07
0.0,-0.005841389459353419,0.0001599613754977062,-0.0001599613754977062,-4.132512014895654e-06
0.0,-0.0054965031281792864,0.00015971738442036615,-0.00015971738442036615,-3.888520937555616e-06
0.0,0.0009735510790762625,0.0001551401212649885,-0.0001551401212649885,6.887422178220267e-07
0.0,0.01602837635051313,0.00014448953089615972,-0.00014448953089615972,1.1339332586650824e-05
0.0,0.011757015343810906,0.0001475113206266646,-0.0001475113206266646,8.317542856145923e-06
0.0,-0.012706888443829278,0.00016481839748520106,-0.00016481839748520106,-8.989534002390536e-06
0.0,-0.011095788639207016,0.000163678619124911,-0.000163678619124911,-7.849755642100467e-06
0.0,-0.013324399541987275,0.00016525525793599386,-0.00016525525793599386,-9.426394453183317e-06
0.0,0.005071602744632031,0.00015224093985217327,-0.00015224093985217327,3.587923630637278e-06
0.0,0.011032026532745043,0.0001480242165726107,-0.0001480242165726107,7.804646910199834e-06
0.0,0.002638858606169414,0.00015396199345616915,-0.00015396199345616915,1.8668700266413987e-06
0.0,-0.00048387472056610203,0.00015617118239689046,-0.00015617118239689046,-3.423189140799098e-07
0.0,0.004463078207817217,0.0001526714427277724,-0.0001526714427277724,3.1574207550381585e-06
0.0,0.01737883151892694,0.00014353414652265044,-0.00014353414652265044,1.2294716960160093e-05
0.0,-0.001273985129042532,0.0001567301488515059,-0.0001567301488515059,-9.012853686953801e-07
0.0,-0.006363576551088879,0.00016033079863677884,-0.00016033079863677884,-4.5019351539683e-06
0.0,-0.005724521948562322,0.00015987869715621643,-0.00015987869715621643,-4.049833673405886e-06
0.0,-0.000781930531963182,0.00015638204305432112,-0.00015638204305432112,-5.531795715105897e-07
0.0,0.001703447167811456,0.00015462375364777824,-0.00015462375364777824,1.2051098350323e-06
0.0,-0.014204195388793028,0.00016587767267702065,-0.00016587767267702065,-1.0048809194210105e-05
0.0,0.0014818054520648882,0.0001547805548779818,-0.0001547805548779818,1.0483086048287307e-06
0.0,-0.0018439898833508828,0.00015713340076821473,-0.00015713340076821473,-1.3045372854041902e-06
0.0,-0.025162888405856454,0.00017363043952738923,-0.00017363043952738923,-1.78015760445787e-05
0.0,-0.02096688071186603,0.0001706619587694003,-0.0001706619587694003,-1.4833095286589762e-05
0.0,0.02715725576151251,0.00013661636506835502,-0.00013661636506835502,1.921249841445551e-05
0.0,-0.017276308813847896,0.00016805105038595477,-0.00016805105038595477,-1.2222186903144231e-05
0.0,-0.00291665716625622,0.0001578922631014724,-0.0001578922631014724,-2.063399618661875e-06
0.0,0.013769718690019195,0.00014608742639422165,-0.00014608742639422165,9.741437088588885e-06
0.0,-0.022337423560165104,0.0001716315542444043,-0.0001716315542444043,-1.5802690761593777e-05
0.0,0.012614865848792123,0.0001469044311967632,-0.0001469044311967632,8.924432286047348e-06
0.0,0.01156648273982852,0.00014764611360368926,-0.00014764611360368926,8.18274987912129e-06
0.0,0.0068628636575538415,0.0001509737058668396,-0.0001509737058668396,4.855157615970916e-06
0.0,-0.021920248779842444,0.0001713364224433164,-0.0001713364224433164,-1.5507558960505877e-05
0.0,0.0033365488963206236,0.00015346840994717896,-0.00015346840994717896,2.360453535631578e-06
0.0,0.0167269537832615,0.0001439953197749435,-0.0001439953197749435,1.1833543707867034e-05
0.0,-0.005525364482924067,0.00015973780248974484,-0.00015973780248974484,-3.908939006934296e-06
0.0,0.008250750063987677,0.00014999184062915814,-0.00014999184062915814,5.837022853652403e-06
0.0,-0.0028866254882486952,0.00015787101708268576,-0.00015787101708268576,-2.042153599875223e-06
0.0,0.008109038386684864,0.00015009209506574038,-0.00015009209506574038,5.7367684170701665e-06
0.0,0.010661504701720004,0.00014828634357666456,-0.00014828634357666456,7.542519906145973e-06
0.0,0.0008313658006817715,0.00015524071075236905,-0.00015524071075236905,5.881527304414753e-07
0.0,-0.005726124690152989,0.00015987983102152815,-0.00015987983102152815,-4.050967538717605e-06
0.0,-0.00853653230061302,0.00016186806400920943,-0.00016186806400920943,-6.0392005263988984e-06
0.0,5.623169212687351e-05,0.00015578908216965734,-0.00015578908216965734,3.978131315317914e-08
0.0,-0.01338056164164636,0.00016529499001570502,-0.00016529499001570502,-9.466126532894474e-06
0.0,0.001837059563023713,0.00015452922907748624,-0.00015452922907748624,1.2996344053243067e-06
0.0,0.010434204774367295,0.00014844714772905093,-0.00014844714772905093,7.381715753759606e-06
0.0,0.0011136248915897262,0.0001550410255417514,-0.0001550410255417514,7.878379410591148e-07
0.0,-0.008187490964434607,0.00016162113345861195,-0.00016162113345861195,-5.792269975801407e-06
0.0,0.0025490454770622506,0.0001540255320778812,-0.0001540255320778812,1.8033314049293291e-06
0.0,-0.007205863568357729,0.00016092667762123528,-0.00016092667762123528,-5.097814138424753e-06
0.0,-0.0022536742393085563,0.00015742323344160357,-0.00015742323344160357,-1.594369958793044e-06
0.0,0.012811178963797909,0.00014676554877639247,-0.00014676554877639247,9.063314706418065e-06
0.0,0.0034579455015175675,0.00015338252748153705,-0.00015338252748153705,2.4463360012734847e-06
0.0,-0.0002656413228280252,0.00015601679239353943,-0.00015601679239353943,-1.87928910728904e-07
0.0,0.009682220255068819,0.00014897914188603023,-0.00014897914188603023,6.849721596780307e-06
0.0,0.009370643723504823,0.00014919956782564737,-0.00014919956782564737,6.629295657163152e-06
0.0,0.0017075955546570487,0.000154620818856561,-0.000154620818856561,1.20804462624955e-06
0.0,0.0008834895573073265,0.00015520383561298392,-0.00015520383561298392,6.250278698266252e-07
0.0,-0.006842140279927467,0.00016066936027062985,-0.00016066936027062985,-4.8404967878193044e-06
0.0,0.004060561678767671,0.00015295620449619511,-0.00015295620449619511,2.8726589866154335e-06
0.0,-0.0008558723207806596,0.00015643435343917346,-0.00015643435343917346,-6.054899563629166e-07
0.0,-0.00263219493841671,0.0001576910192736964,-0.0001576910192736964,-1.8621557908858578e-06
0.0,0.007386752997235124,0.00015060307846632585,-0.00015060307846632585,5.225785016484679e-06
0.0,-0.0031357617896576873,0.00015804726945655733,-0.00015804726945655733,-2.2184059737467787e-06
0.0,0.0032484098921563564,0.00015353076420316963,-0.00015353076420316963,2.2980992796409e-06
0.0,-0.002023213496498033,0.00015726019315893567,-0.00015726019315893567,-1.4313296761251456e-06
0.0,-0.0023572204364039617,0.00015749648757173323,-0.00015749648757173323,-1.667624088922707e-06
0.0,-0.011564187290653005,0.00016400998943814392,-0.00016400998943814392,-8.181125955333396e-06
0.0,0.012695791223314323,0.00014684718024904776,-0.00014684718024904776,8.98168323376278e-06
0.0,-0.006879559974886984,0.00016069583296862233,-0.00016069583296862233,-4.866969485811787e-06
0.0,0.010849230370481022,0.00014815353637607343,-0.00014815353637607343,7.675327106737096e-06
0.0,0.004479598435997323,0.00015265975543283714,-0.00015265975543283714,3.1691080499734053e-06
0.0,0.0007025929724704394,0.00015533181155355315,-0.00015533181155355315,4.970519292573803e-07
0.0,0.008567392465728796,0.00014976783082143588,-0.00014976783082143588,6.061032661374662e-06
0.0,-0.0007141884679080501,0.0001563341186870846,-0.0001563341186870846,-5.052552042740573e-07
0.0,0.0031259043893263616,0.00015361743116243653,-0.00015361743116243653,2.2114323203740163e-06
0.0,0.001068707668436586,0.00015507280239307212,-0.00015507280239307212,7.560610897384279e-07
0.0,0.0017433852107295866,0.00015459549933545083,-0.00015459549933545083,1.233364147359707e-06
0.0,-0.004026127868587581,0.00015867716214637646,-0.00015867716214637646,-2.8482986635659224e-06
0.0,0.002471549778432225,0.00015408035668903233,-0.00015408035668903233,1.7485067937782071e-06
0.0,-0.001017102715529128,0.000156548416462723,-0.000156548416462723,-7.195529799124825e-07
0.0,-0.0021261277624751163,0.00015733300022711935,-0.00015733300022711935,-1.5041367443088066e-06
0.0,-0.004023402292699374,0.00015867523392789625,-0.00015867523392789625,-2.84637044508573e-06
0.0,0.0017121542893689945,0.00015461759376326752,-0.00015461759376326752,1.2112697195430082e-06
0.0,-0.006345510515579966,0.0001603180177548805,-0.0001603180177548805,-4.489154272069975e-06
0.0,0.0018619345065358228,0.00015451163120909397,-0.00015451163120909397,1.3172322737165682e-06
0.0,-0.013724668973416176,0.00016553842998711036,-0.00016553842998711036,-9.709566504299813e-06
0.0,0.0022045770199778936,0.00015426922752869116,-0.00015426922752869116,1.5596359541193703e-06
0.0,-0.008604355128821406,0.00016191604551333712,-0.00016191604551333712,-6.087182030526579e-06
0.0,0.00617868985946779,0.00015145772708482914,-0.00015145772708482914,4.371136397981393e-06
0.0,0.0007584033300001014,0.0001552923283150785,-0.0001552923283150785,5.36535167732029e-07
0.0,0.003067957412152822,0.00015365842596017478,-0.00015365842596017478,2.170437522635767e-06
0.0,-0.00494735062681062,0.00015932888450511358,-0.00015932888450511358,-3.5000210223030533e-06
0.0,0.008620803683929923,0.00014973004486272138,-0.00014973004486272138,6.0988186200891495e-06
0.0,0.008481281595267509,0.00014982875026693264,-0.00014982875026693264,6.000113215877909e-06
0.0,0.008822985887663393,0.0001495870103343886,-0.0001495870103343886,6.241853148421922e-06
0.0,0.003473267180873929,0.0001533716881042846,-0.0001533716881042846,2.4571753785259564e-06
0.0,-0.007094202866256172,0.00016084768285530893,-0.00016084768285530893,-5.018819372498387e-06
0.0,0.008749042674663476,0.00014963932172678393,-0.00014963932172678393,6.189541756026599e-06
0.0,0.0010792374947172778,0.00015506535302953924,-0.00015506535302953924,7.635104532712851e-07
0.0,-0.001028135726814483,0.0001565562218063,-0.0001565562218063,-7.273583234894636e-07
0.0,0.00397369863071062,0.00015301765607244147,-0.00015301765607244147,2.8112074103690597e-06
0.0,0.0021605126279586884,0.0001543004010415541,-0.0001543004010415541,1.5284624412564573e-06
0.0,-0.003952993120479142,0.00015862542270538086,-0.00015862542270538086,-2.7965592225703303e-06
0.0,-0.0009484477101494582,0.00015649984623185783,-0.00015649984623185783,-6.709827490473048e-07
0.0,0.0018380494891383492,0.00015452852875069052,-0.00015452852875069052,1.3003347321200219e-06
0.0,0.004780911145920941,0.00015244659067081183,-0.00015244659067081183,3.382272811998697e-06
0.0,0.009101605057599604,0.00014938990019897416,-0.00014938990019897416,6.438963283836364e-06
0.0,-0.0030322960242857855,0.00015797407222814018,-0.00015797407222814018,-2.14520874532964e-06
0.0,-0.00656220869212365,0.00016047132166046736,-0.00016047132166046736,-4.6424581776568286e-06
0.0,-0.005754170294581917,0.00015989967198540736,-0.00015989967198540736,-4.070808502596837e-06
0.0,0.004884728797982518,0.00015237314449888852,-0.00015237314449888852,3.4557189839220146e-06
0.0,-0.0010403515262938923,0.0001565648639176455,-0.0001565648639176455,-7.360004348349726e-07
0.0,0.004926444803381669,0.00015234363236059934,-0.00015234363236059934,3.4852311222112023e-06
0.0,0.004644183009877123,0.00015254331948317867,-0.00015254331948317867,3.285543999631869e-06
0.0,0.003538227451535869,0.00015332573172680464,-0.00015332573172680464,2.5031317560058884e-06
0.0,0.0028241822564987196,0.00015383088557217008,-0.00015383088557217008,1.997977910640448e-06
0.0,-0.0002623799656497061,0.00015601448513465557,-0.00015601448513465557,-1.856216518450285e-07
0.0,-0.0014416744645237012,0.00015684878127594326,-0.00015684878127594326,-1.019917793132717e-06
0.0,-0.007113887913551609,0.00016086160911292762,-0.00016086160911292762,-5.032745630117098e-06
0.0,-0.004005992185342366,0.00015866291708473178,-0.00015866291708473178,-2.834053601921258e-06
0.0,0.006389254777276809,0.00015130876217522737,-0.00015130876217522737,4.520101307583159e-06
0.0,-0.007602164835758152,0.0001612070423804157,-0.0001612070423804157,-5.3781788976051665e-06
0.0,0.007919408484583057,0.00015022624942306786,-0.00015022624942306786,5.602614059742665e-06
0.0,0.0033231157222237684,0.00015347791329458282,-0.00015347791329458282,2.3509501882277254e-06
0.0,0.0024280177746833775,0.0001541111535618956,-0.0001541111535618956,1.71770992091493e-06
0.0,0.0020685364303643095,0.00015436546993385925,-0.00015436546993385925,1.4633935489512933e-06
0.0,-0.0003981517707819515,0.0001561105373872741,-0.0001561105373872741,-2.8167390446356576e-07
0.0,-0.0016912621251551352,0.00015702535296552262,-0.00015702535296552262,-1.1964894827120774e-06
0.0,0.006198839704363079,0.00015144347200447413,-0.00015144347200447413,4.385391478336416e-06
0.0,0.007670409427647185,0.00015040240470284253,-0.00015040240470284253,5.4264587799679995e-06
0.0,0.00026927832649970007,0.00015563836156073287,-0.00015563836156073287,1.905019220776593e-07
0.0,0.005701434129840033,0.00015179536336992676,-0.00015179536336992676,4.0335001128837704e-06
0.0,-0.004430329054144866,0.00015896311573111407,-0.00015896311573111407,-3.1342522483035235e-06
0.0,0.00013447750859452157,0.00015573372688493993,-0.00015573372688493993,9.513659787060448e-08
0.0,-0.0016543221469484948,0.000156999219644875,-0.000156999219644875,-1.1703561620644548e-06
0.0,-0.002803126684318036,0.00015781194555306529,-0.00015781194555306529,-1.983082070254758e-06
0.0,-0.0036523050860121087,0.00015841269987225753,-0.00015841269987225753,-2.583836389447007e-06
0.0,-0.002213344827027508,0.0001573947022536106,-0.0001573947022536106,-1.565838770800049e-06
0.0,0.0018978268127400888,0.00015448623906777836,-0.00015448623906777836,1.3426244150321826e-06
0.0,0.003739841510076891,0.00015318309913483485,-0.00015318309913483485,2.6457643479756885e-06
0.0,0.00035667194221011833,0.0001555765346324889,-0.0001555765346324889,2.5232885032162084e-07
0.0,0.005282254329749936,0.00015209191362947162,-0.00015209191362947162,3.7369498533389077e-06
0.0,0.00027548183892078804,0.00015563397286352427,-0.00015563397286352427,1.948906192862748e-07
0.0,-0.005569722252617426,0.00015976918355370013,-0.00015976918355370013,-3.940320070889596e-06
0.0,0.005369014643958003,0.00015203053473265677,-0.00015203053473265677,3.79832875015375e-06
0.0,0.0012532727238796504,0.00015494223117975794,-0.00015494223117975794,8.866323030525923e-07
0.0,0.007840591898404803,0.00015028200850087308,-0.00015028200850087308,5.546854981937442e-06
0.0,-0.00036853301202766087,0.00015608958348970056,-0.00015608958348970056,-2.607200068900336e-07
0.0,-0.0035156877607932513,0.00015831604945340798,-0.00015831604945340798,-2.4871859705974604e-06
0.0,-0.0013050961134796202,0.00015675215842951405,-0.00015675215842951405,-9.232949467035087e-07
0.0,-0.003289278113945082,0.00015815587513317154,-0.00015815587513317154,-2.3270116503610034e-06
0.0,0.0027632870875580196,0.000153873966078794,-0.000153873966078794,1.9548974040165324e-06
0.0,-6.870120538793323e-06,0.00015583372377433327,-0.00015583372377433327,-4.860291522744553e-09
0.0,0.003641105118425747,0.00015325295055077708,-0.00015325295055077708,2.5759129320334685e-06
0.0,-0.0003966902079042267,0.0001561095033993514,-0.0001561095033993514,-2.806399165408718e-07
0.0,0.0007115197468861023,0.00015532549627483673,-0.00015532549627483673,5.033672079738029e-07
0.0,-0.008169482334351885,0.00016160839318838917,-0.00016160839318838917,-5.779529705578627e-06
0.0,-0.005527978766503461,0.00015973965197408024,-0.00015973965197408024,-3.910788491269721e-06
0.0,-0.00039511662920677093,0.00015610839016543353,-0.00015610839016543353,-2.7952668262300533e-07
0.0,-0.0014179036575431292,0.00015683196453291756,-0.00015683196453291756,-1.0031010501070169e-06
0.0,-0.0328642290012785,0.00017907878067341995,-0.00017907878067341995,-2.32499171906094e-05
0.0,-0.02057300761734404,0.00017038331182986951,-0.00017038331182986951,-1.455444834705897e-05
0.0,0.014206197825152422,0.00014577863765778478,-0.00014577863765778478,1.0050225825025743e-05
0.0,-0.005904978964482943,0.00016000636212217244,-0.00016000636212217244,-4.177498639361902e-06
0.0,0.02149560016316343,0.00014062172371584515,-0.00014062172371584515,1.5207139766965393e-05
0.0,-0.00025266233815879335,0.00015600761036408225,-0.00015600761036408225,-1.787468812717063e-07
0.0,-0.014391922356395415,0.00016601048079648177,-0.00016601048079648177,-1.0181617313671234e-05
0.0,-0.00036116989772350117,0.00015608437442796264,-0.00015608437442796264,-2.5551094515211656e-07
0.0,-0.004299527548581317,0.00015887057973482943,-0.00015887057973482943,-3.041716252018893e-06
0.0,-0.005511829997012829,0.00015972822746893294,-0.00015972822746893294,-3.899363986122413e-06
0.0,-0.030864433977743855,0.00017766401848035086,-0.00017766401848035086,-2.183515499754032e-05
0.0,0.018625040052811848,0.0001426525118062563,-0.0001426525118062563,1.317635167655425e-05
0.0,-0.017327264039978307,0.00016808709884423185,-0.00016808709884423185,-1.2258235361421306e-05
0.0,-0.0065595995737004476,0.00016046947583024028,-0.00016046947583024028,-4.6406123474297575e-06
0.0,0.015666780052058682,0.00014474534350004492,-0.00014474534350004492,1.1083519982765617e-05
0.0,0.010851331974038647,0.0001481520495890662,-0.0001481520495890662,7.676813893744344e-06
0.0,0.010557843693063784,0.0001483596789306465,-0.0001483596789306465,7.469184552164037e-06
0.0,-0.0063166863793988615,0.00016029762601590876,-0.00016029762601590876,-4.468762533098236e-06
0.0,0.005600317169601965,0.00015186689892769109,-0.00015186689892769109,3.961964555119438e-06
0.0,0.006259295774170726,0.0001514007021401136,-0.0001514007021401136,4.428161342696928e-06
0.0,0.021208856064105275,0.00014082458186163456,-0.00014082458186163456,1.500428162117598e-05
0.0,-0.0025089163835961825,0.0001576038054160141,-0.0001576038054160141,-1.7749419332035809e-06
0.0,-0.00919901370610332,0.00016233673886591668,-0.00016233673886591668,-6.507875383106135e-06
0.0,-0.01970148934024063,0.00016976675308534613,-0.00016976675308534613,-1.3937889602535599e-05
0.0,-0.0014819196931705747,0.00015687725290792101,-0.00015687725290792101,-1.0483894251104684e-06
0.0,-0.007567410690302756,0.00016118245543502176,-0.00016118245543502176,-5.3535919522112275e-06
0.0,0.010593753366266334,0.00014833427450298539,-0.00014833427450298539,7.494588979825147e-06
0.0,0.0022233054237545957,0.0001542559780519758,-0.0001542559780519758,1.5728854308347278e-06
0.0,-0.01664310858849427,0.000167603090605612,-0.000167603090605612,-1.1774227122801467e-05
0.0,-0.01815124083246611,0.00016867002419420978,-0.00016867002419420978,-1.2841160711399242e-05
0.0,0.0030432907461763747,0.00015367587648187418,-0.00015367587648187418,2.152987000936368e-06
0.0,-0.006554842390161242,0.00016046611034360915,-0.00016046611034360915,-4.637246860798601e-06
0.0,0.0155323683669224,0.00014484043353087288,-0.00014484043353087288,1.0988429951937653e-05
0.0,0.003261692144003847,0.00015352136762625474,-0.00015352136762625474,2.307495856555787e-06
0.0,0.022973979644221654,0.0001395758388265461,-0.0001395758388265461,1.6253024656264415e-05
0.0,-0.0021831080910337253,0.00015737331116581288,-0.00015737331116581288,-1.544447683002358e-06
0.0,0.008170747552017188,0.00015004843869443702,-0.00015004843869443702,5.780424788373517e-06
0.0,0.010941426132194287,0.00014808831215234146,-0.00014808831215234146,7.740551330469082e-06
0.0,-0.03236490314939877,0.00017872553080083408,-0.00017872553080083408,-2.2896667318023538e-05
0.0,-0.0015222281477752508,0.00015690576926933035,-0.00015690576926933035,-1.0769057865198203e-06
0.0,-0.023320118765389863,0.0001723267655072091,-0.0001723267655072091,-1.6497902024398566e-05
0.0,0.0017621539947350051,0.00015458222129159722,-0.00015458222129159722,1.2466421912133277e-06
0.0,-0.00035634616892232795,0.0001560809618636462,-0.0001560809618636462,-2.520983808356717e-07
0.0,0.005419503676349802,0.00015199481608481943,-0.00015199481608481943,3.834047397991119e-06
0.0,-0.00019993032368359476,0.0001559703049104903,-0.0001559703049104903,-1.4144142767975716e-07
0.0,-0.019086709555430348,0.00016933182491201993,-0.00016933182491201993,-1.3502961429209405e-05
0.0,-0.020773480559224233,0.00017052513713474706,-0.00017052513713474706,-1.4696273651936533e-05
0.0,8.640058610476231e-05,0.0001557677390769382,-0.0001557677390769382,6.112440587234507e-08
0.0,-0.01539571453679811,0.00016672061719037178,-0.00016672061719037178,-1.089175370756126e-05
0.0,-0.01577210632742365,0.00016698689691848983,-0.00016698689691848983,-1.1158033435679288e-05
0.0,-0.020588228309714296,0.0001703940797635149,-0.0001703940797635149,-1.4565216280704345e-05
0.0,-0.027112254452099527,0.00017500952555881793,-0.00017500952555881793,-1.9180662076007397e-05
0.0,0.04959374278953943,0.00012074359149957559,-0.00012074359149957559,3.508527198323494e-05
0.0,0.008562680784222065,0.00014977116411749025,-0.00014977116411749025,6.057699365320288e-06
0.0,-0.0012415825080966947,0.00015670722550059694,-0.00015670722550059694,-8.78362017786399e-07
0.0,0.00849248413140935,0.00014982082499238525,-0.00014982082499238525,6.008038490425274e-06
0.0,0.0012684969251244294,0.00015493146076374665,-0.00015493146076374665,8.974027190638887e-07
0.0,-0.02475673039503723,0.00017334310157957118,-0.00017334310157957118,-1.7514238096760656e-05
0.0,0.03433571464262353,0.00013153793847464024,-0.00013153793847464024,2.4290925008170303e-05
0.0,0.007010434848680358,0.00015086930609609564,-0.00015086930609609564,4.959557386714895e-06
0.0,0.009695285023358924,0.00014896989916864144,-0.00014896989916864144,6.858964314169102e-06
0.0,0.004098045450532162,0.00015292968646683612,-0.00015292968646683612,2.8991770159744126e-06
0.0,0.004518418782931244,0.00015263229183855992,-0.00015263229183855992,3.196571644250614e-06
0.0,-0.00014629784190933748,0.00015593236241806397,-0.00015593236241806397,-1.0349893525342214e-07
0.0,-0.005257525167898014,0.0001595483186015178,-0.0001595483186015178,-3.7194551187072816e-06
0.0,0.010721688622945758,0.00014824376624479865,-0.00014824376624479865,7.58509723801189e-06
0.0,0.0022219854881162515,0.00015425691184519784,-0.00015425691184519784,1.571951637612704e-06
0.0,0.0075914003822110665,0.000150458299936643,-0.000150458299936643,5.370563546167524e-06
0.0,0.01318305304897005,0.00014650246511527115,-0.00014650246511527115,9.326398367539389e-06
0.0,-0.014157306164566674,0.00016584450072643715,-0.00016584450072643715,-1.0015637243626624e-05
0.0,0.0022029127742235755,0.000154270404905345,-0.000154270404905345,1.5584585774655253e-06
0.0,0.0013757255543636049,0.000154855601483732,-0.000154855601483732,9.732619990785333e-07
0.0,0.008488694060713842,0.0001498235062915514,-0.0001498235062915514,6.005357191259129e-06
0.0,-0.007846827493937836,0.00016138012985926972,-0.00016138012985926972,-5.551266376459173e-06
0.0,-0.0014562465775435074,0.00015685909036979083,-0.00015685909036979083,-1.0302268869803017e-06
0.0,0.01554926091974429,0.00014482848283352861,-0.00014482848283352861,1.100038064928192e-05
0.0,0.008597395948725328,0.0001497466047493113,-0.0001497466047493113,6.082258733499224e-06
0.0,0.0008986100931438479,0.00015519313853543912,-0.00015519313853543912,6.357249473714258e-07
0.0,0.006776236617404008,0.0001510349904784419,-0.0001510349904784419,4.7938730043686515e-06
0.0,0.00470842037697472,0.00015249787452642938,-0.00015249787452642938,3.3309889563811603e-06
0.0,-0.0022244379802809355,0.00015740255014483952,-0.00015740255014483952,-1.5736866620289865e-06
0.0,-0.009357140143940179,0.00016244860598396804,-0.00016244860598396804,-6.619742501157497e-06
0.0,0.0006762010869560964,0.00015535048258802923,-0.00015535048258802923,4.783808947813046e-07
0.0,0.0007091030986317026,0.00015532720594134956,-0.00015532720594134956,5.01657541460968e-07
0.0,0.0128902247439735,0.00014670962755446824,-0.00014670962755446824,9.119235928342308e-06
0.0,0.003023994668760688,0.0001536895275613503,-0.0001536895275613503,2.1393359214602343e-06
0.0,-0.002651641555101225,0.00015770477685272055,-0.00015770477685272055,-1.8759133699099974e-06
0.0,0.01087875260858695,0.00014813265076238027,-0.00014813265076238027,7.696212720430259e-06
0.0,0.0014987433214488366,0.00015476857212127248,-0.00015476857212127248,1.0602913615380647e-06
0.0,0.0017771107537685182,0.00015457164007854165,-0.00015457164007854165,1.2572234042688828e-06
0.0,-0.003526436790880272,0.00015832365389346326,-0.00015832365389346326,-2.494790410652722e-06
0.0,0.006411102394986878,0.00015129330599937882,-0.00015129330599937882,4.535557483431722e-06
0.0,0.0012318625699112573,0.00015495737787030663,-0.00015495737787030663,8.714856125039118e-07
0.0,-0.0007904570968998437,0.0001563880752034,-0.0001563880752034,-5.592117205894568e-07
0.0,-0.0005440493877303387,0.00015621375318193722,-0.00015621375318193722,-3.8488969912667173e-07
0.0,-0.0028255083152146643,0.0001578277795184663,-0.0001578277795184663,-1.9989160356557766e-06
0.0,0.00689532059343434,0.00015095074409063447,-0.00015095074409063447,4.878119392176077e-06
0.0,-0.003880558492514008,0.00015857417856690264,-0.00015857417856690264,-2.7453150840920944e-06
0.0,-0.001131532823106185,0.00015662937045452899,-0.00015662937045452899,-8.005069717184549e-07
0.0,-0.006524098653592381,0.0001604443605764283,-0.0001604443605764283,-4.615497093617751e-06
0.0,-0.00812571755868352,0.00016157743164019292,-0.00016157743164019292,-5.7485681573823955e-06
0.0,-0.0021316888487414865,0.00015733693443763065,-0.00015733693443763065,-1.5080709548201169e-06
0.0,0.014666041867757107,0.0001454533193333921,-0.0001454533193333921,1.0375544149418446e-05
0.0,0.0029533182046204143,0.00015373952788049738,-0.00015373952788049738,2.0893356023131606e-06
0.0,0.006949583813841809,0.00015091235537989002,-0.00015091235537989002,4.916508102920526e-06
0.0,-0.0008680223820187738,0.00015644294904376335,-0.00015644294904376335,-6.140855609528189e-07
0.0,0.00498490290027398,0.00015230227596937487,-0.00015230227596937487,3.526587513435654e-06
0.0,0.0037059469012648005,0.00015320707799793424,-0.00015320707799793424,2.621785484876282e-06
0.0,-0.0001305615560248663,0.00015592122972592969,-0.00015592122972592969,-9.236624311914212e-08
0.0,-0.0029443536044478913,0.00015791185704643932,-0.00015791185704643932,-2.0829935636287914e-06
0.0,0.010852481049954399,0.00014815123667117039,-0.00014815123667117039,7.677626811640148e-06
0.0,-0.018974501239482744,0.00016925244273470556,-0.00016925244273470556,-1.3423579251895036e-05
0.0,-0.000839020658475631,0.00015642243166997264,-0.00015642243166997264,-5.935681871621e-07
0.0,0.007182725862306283,0.0001507474181978786,-0.0001507474181978786,5.081445284931922e-06
0.0,-0.0046443248906916645,0.00015911450785653574,-0.00015911450785653574,-3.2856443737252e-06
0.0,0.003589481529391092,0.00015328947184479832,-0.00015328947184479832,2.5393916380122063e-06
0.0,0.0067342800173637585,0.0001510646728262766,-0.0001510646728262766,4.764190656533948e-06
0.0,0.011568600124275408,0.00014764461565243504,-0.00014764461565243504,8.184247830375491e-06
0.0,1.745570720723677e-05,0.00015581651437986775,-0.00015581651437986775,1.2349102942776788e-08
0.0,0.002148376881724312,0.00015430898651894303,-0.00015430898651894303,1.5198769638675149e-06
0.0,0.0020846350796801527,0.00015435408088641014,-0.00015435408088641014,1.4747825964004046e-06
0.0,0.004636432770241061,0.00015254880241812713,-0.00015254880241812713,3.2800610646833933e-06
0.0,0.0010474599539205265,0.00015508783416524509,-0.00015508783416524509,7.410293175654409e-07
0.0,-0.006067494393846573,0.00016012133424808946,-0.00016012133424808946,-4.29247076527892e-06
0.0,0.0034778715639784963,0.00015336843071687132,-0.00015336843071687132,2.4604327659392095e-06
0.0,3.8123067008344336e-05,0.00015580189318172843,-0.00015580189318172843,2.6970301082115072e-08
0.0,0.006609324208602496,0.00015115307326330106,-0.00015115307326330106,4.6757902195094865e-06
0.0,-0.0006293691084816588,0.00015627411292572175,-0.00015627411292572175,-4.452494429112267e-07
0.0,0.0005093580038946222,0.0001554685163281439,-0.0001554685163281439,3.6034715466665476e-07
0.0,-0.0022738117853239315,0.0001574374798210717,-0.0001574374798210717,-1.6086163382611685e-06
0.0,0.0015790922795098083,0.0001547117289614589,-0.0001547117289614589,1.1171345213516318e-06
0.0,0.001012017561471401,0.00015511290801345395,-0.00015511290801345395,7.159554693565817e-07
0.0,0.008841205788409079,0.0001495741205999743,-0.0001495741205999743,6.254742882836256e-06
0.0,-0.002191763174733685,0.0001573794342359538,-0.0001573794342359538,-1.5505707531432713e-06
0.0,-0.0003689736527457965,0.0001560898952225639,-0.0001560898952225639,-2.610317397533564e-07
0.0,0.0046852921407636305,0.00015251423668044954,-0.00015251423668044954,3.3146268023610017e-06
0.0,0.001071522174355355,0.00015507081126072146,-0.00015507081126072146,7.580522220890853e-07
0.0,0.0009514170090862972,0.00015515578009253435,-0.00015515578009253435,6.730833902761919e-07
0.0,-0.007502163081421376,0.00016113629577908345,-0.00016113629577908345,-5.307432296272902e-06
0.0,-0.0021239857917741967,0.00015733148488223116,-0.00015733148488223116,-1.5026213994206258e-06
0.0,0.009638279380647763,0.0001490102280159234,-0.0001490102280159234,6.818635466887141e-06
0.0,-0.004470988428756373,0.00015899188035214633,-0.00015899188035214633,-3.1630168693357932e-06
0.0,-0.016511651392423388,0.00016751009073871602,-0.00016751009073871602,-1.1681227255905492e-05
0.0,-0.0016054253132695706,0.00015696462740375246,-0.00015696462740375246,-1.1357639209419334e-06
0.0,-0.0030214249424966866,0.00015796638144216862,-0.00015796638144216862,-2.1375179593580886e-06
0.0,0.0037202972597878414,0.0001531969257851042,-0.0001531969257851042,2.631937697706325e-06
0.0,-0.02413055719884427,0.00017290011309632094,-0.00017290011309632094,-1.70712496135104e-05
0.0,0.008015944543135589,0.0001501579546407023,-0.0001501579546407023,5.670908842108223e-06
0.0,0.00583897507464215,0.00015169805953307598,-0.00015169805953307598,4.130803949734561e-06
0.0,0.008895287120600504,0.00014953586056670347,-0.00014953586056670347,6.293002916107066e-06
0.0,-0.005837333350761975,0.00015995850598907223,-0.00015995850598907223,-4.129642506261707e-06
0.0,-0.0067493779153879885,0.00016060373520168742,-0.00016060373520168742,-4.774871718876897e-06
0.0,0.008495835590448308,0.00014981845399061552,-0.00014981845399061552,6.010409492195024e-06
0.0,-0.0028243962306494508,0.0001578269927702347,-0.0001578269927702347,-1.998129287424161e-06
0.0,-0.01191414994527018,0.0001642575717787897,-0.0001642575717787897,-8.428708295979166e-06
0.0,0.0013535590072402126,0.00015487128328734286,-0.00015487128328734286,9.575801954676662e-07
0.0,-0.008375676922946718,0.00016175426629284553,-0.00016175426629284553,-5.925402810034999e-06
0.0,-0.0069119122568113145,0.0001607187207070092,-0.0001607187207070092,-4.889857224198673e-06
0.0,0.0020984713906617714,0.00015434429233836497,-0.00015434429233836497,1.4845711444455644e-06
0.0,-0.01319537280847849,0.00016516397750859245,-0.00016516397750859245,-9.335114025781919e-06
0.0,-0.0027652403144732274,0.00015778514270424414,-0.00015778514270424414,-1.956279221433618e-06
0.0,0.021432370568193138,0.00014066645572057278,-0.00014066645572057278,1.5162407762237765e-05
0.0,0.008161854781411959,0.00015005472991703526,-0.00015005472991703526,5.774133565775275e-06
0.0,0.006135586748687638,0.00015148822053581676,-0.00015148822053581676,4.34064294699378e-06
0.0,0.01049769746289475,0.00014840222959783858,-0.00014840222959783858,7.426633884971968e-06
0.0,0.0046600444669098184,0.00015253209823826467,-0.00015253209823826467,3.2967652445458522e-06
0.0,-0.00034988023558091275,0.00015607638751581222,-0.00015607638751581222,-2.47524033001677e-07
0.0,-0.0020375791387226005,0.00015727035618427542,-0.00015727035618427542,-1.4414927014648887e-06
0.0,0.004097381912668174,0.0001529301558890882,-0.0001529301558890882,2.898707593722336e-06
0.0,-0.001611511904139773,0.00015696893338438875,-0.00015696893338438875,-1.1400699015781996e-06
0.0,0.0009317492412306283,0.00015516969412575116,-0.00015516969412575116,6.591693570593882e-07
0.0,0.009717399870633026,0.0001489542539402752,-0.0001489542539402752,6.874609542535355e-06
0.0,0.002985163546397107,0.00015371699877874404,-0.00015371699877874404,2.1118647040664975e-06
0.0,0.009472185190685156,0.00014912773194891758,-0.00014912773194891758,6.701131533892951e-06
0.0,-0.0012592227925193322,0.00015671970518335563,-0.00015671970518335563,-8.908417005450959e-07
0.0,-0.0017318870104667816,0.00015705409318697545,-0.00015705409318697545,-1.2252297041649231e-06
0.0,-0.009496397343734198,0.00016254712399159515,-0.00016254712399159515,-6.7182605087846075e-06
0.0,-0.0012339337557076835,0.00015670181436316696,-0.00015670181436316696,-8.729508803564271e-07
0.0,0.003823175554131808,0.00015312414416518197,-0.00015312414416518197,2.704719317628561e-06
0.0,0.0057574526279098315,0.00015175573288167722,-0.00015175573288167722,4.073130601133304e-06
0.0,0.007672301032188189,0.00015040106648039604,-0.00015040106648039604,5.4277970024144785e-06
0.0,0.002928125887423194,0.00015375735027604642,-0.00015375735027604642,2.071513206764123e-06
0.0,0.007672378673070135,0.00015040101155307445,-0.00015040101155307445,5.427851929736089e-06
0.0,-0.00180590159841032,0.00015710645507383176,-0.00015710645507383176,-1.2775915910212192e-06
0.0,-0.004835444424841517,0.0001592497160594216,-0.0001592497160594216,-3.420852576611051e-06
0.0,0.0012365569653400854,0.00015495405680335033,-0.00015495405680335033,8.748066794602059e-07
0.0,0.0045106896075925995,0.0001526377598714953,-0.0001526377598714953,3.191103611315224e-06
0.0,0.002285226738359958,0.00015421217159490504,-0.00015421217159490504,1.6166918879054941e-06
0.0,0.004620174547884881,0.00015256030435609845,-0.00015256030435609845,3.2685591267120812e-06
0.0,0.00017586919155743175,0.00015570444418972653,-0.00015570444418972653,1.244192930839984e-07
0.0,-0.003403778522185874,0.0001582368788594353,-0.0001582368788594353,-2.4080153766247723e-06
0.0,-0.006531243569450895,0.00016044941527288984,-0.00016044941527288984,-4.620551790079301e-06
0.0,0.003581997784064761,0.00015329476624738743,-0.00015329476624738743,2.5340972354231165e-06
0.0,-0.00617673452276668,0.0001601986165707992,-0.0001601986165707992,-4.369753087988672e-06
0.0,0.002828694915066654,0.00015382769307561067,-0.00015382769307561067,2.0011704071998493e-06
0.0,0.006847482673755456,0.00015098458719923322,-0.00015098458719923322,4.844276283577308e-06
0.0,0.004688147952890187,0.00015251221632587339,-0.00015251221632587339,3.316647156937152e-06
0.0,-0.005262401280453521,0.00015955176822490997,-0.00015955176822490997,-3.722904742099427e-06
0.0,0.007387691099234761,0.00015060241480268697,-0.00015060241480268697,5.226448680123557e-06
0.0,-0.0016161146071345112,0.00015697218958320223,-0.00015697218958320223,-1.143326100391702e-06
0.0,-0.0025786549148275606,0.00015765314219114618,-0.00015765314219114618,-1.8242787083356308e-06
0.0,-0.010885526112695776,0.00016352986814312213,-0.00016352986814312213,-7.70100466031159e-06
0.0,-0.00899879386967306,0.0001621950926214014,-0.0001621950926214014,-6.366229138590866e-06
0.0,-0.007282739927037873,0.00016098106407810787,-0.00016098106407810787,-5.1522005952973434e-06
0.0,-0.0297778200029859,0.0001768952895097032,-0.0001768952895097032,-2.106642602689267e-05
0.0,0.013017017169932643,0.00014661992779599125,-0.00014661992779599125,9.20893568681928e-06
0.0,0.0007668762331907164,0.00015528633412919518,-0.00015528633412919518,5.425293536153548e-07
0.0,0.018762303409984193,0.00014255540434977412,-0.00014255540434977412,1.3273459133036432e-05
0.0,-0.00661660635492356,0.00016050980548296663,-0.00016050980548296663,-4.680942000156099e-06
0.0,-0.012317322177972212,0.00016454279742712335,-0.00016454279742712335,-8.713933944312821e-06
0.0,0.015131688322181258,0.00014512389607185624,-0.00014512389607185624,1.07049674109543e-05
0.0,-0.029292752911742603,0.00017655212704869254,-0.00017655212704869254,-2.0723263565882018e-05
0.0,0.0024642680276520945,0.00015408550818985208,-0.00015408550818985208,1.7433552929584527e-06
0.0,0.014426124657807904,0.00014562304962780138,-0.00014562304962780138,1.0205813855009165e-05
0.0,0.012105865492430645,0.0001472645253323942,-0.0001472645253323942,8.564338150416335e-06
0.0,-0.007914727601131322,0.00016142816603469378,-0.00016142816603469378,-5.599302551883238e-06
0.0,0.00824679859557964,0.0001499946361097174,-0.0001499946361097174,5.834227373093143e-06
0.0,-0.0005060748601761755,0.00015618688796562702,-0.00015618688796562702,-3.580244828164865e-07
0.0,-0.025946336754618105,0.0001741846928838614,-0.0001741846928838614,-1.8355829401050853e-05
0.0,0.010982987735216332,0.00014805890924657014,-0.00014805890924657014,7.769954236240397e-06
0.0,-0.003203180635808267,0.00015809496516212297,-0.00015809496516212297,-2.266101679312439e-06
0.0,0.006545480165679685,0.00015119823996144604,-0.00015119823996144604,4.630623521364481e-06
0.0,0.012687291793508804,0.00014685319320128034,-0.00014685319320128034,8.975670281530186e-06
0.0,0.0006427872591217021,0.0001553741213208941,-0.0001553741213208941,4.5474216191644027e-07
0.0,-0.00689910050906084,0.0001607096569899126,-0.0001607096569899126,-4.880793507102071e-06
0.0,0.010842079212828093,0.00014815859548831492,-0.00014815859548831492,7.670267994495605e-06
0.0,0.013009813642266721,0.00014662502395758708,-0.00014662502395758708,9.203839525223446e-06
0.0,0.0009106051537297599,0.00015518465258661896,-0.00015518465258661896,6.442108961915838e-07
0.0,-9.401025965849463e-05,0.00015589537137965007,-0.00015589537137965007,-6.6507896839529e-08
0.0,0.0003223043548219451,0.00015560084810598574,-0.00015560084810598574,2.2801537682479924e-07
0.0,0.007229681189480308,0.0001507141994825267,-0.0001507141994825267,5.11466400028385e-06
0.0,0.002879153101061016,0.0001537919962501683,-0.0001537919962501683,2.036867232642237e-06
0.0,-0.0007244143620946941,0.0001563413530327627,-0.0001563413530327627,-5.124895499521548e-07
0.0,-0.0031355866640028207,0.00015804714556328194,-0.00015804714556328194,-2.218282080471405e-06
0.0,0.0025817523700197853,0.0001540023934686415,-0.0001540023934686415,1.8264700141690355e-06
0.0,0.00034269198975556137,0.00015558642480021154,-0.00015558642480021154,2.424386825990048e-07
0.0,1.997472142156731e-05,0.00015581473229418782,-0.00015581473229418782,1.4131188622707835e-08
0.0,-0.0048955765157830955,0.00015929225672376625,-0.00015929225672376625,-3.4633932409557244e-06
0.0,-9.693591923765066e-05,0.00015589744114805816,-0.00015589744114805816,-6.857766524762537e-08
0.0,-0.008416371322106486,0.00016178305569212063,-0.00016178305569212063,-5.954192209310102e-06
0.0,0.006158571742003405,0.0001514719597194989,-0.0001514719597194989,4.356903763311652e-06
0.0,-0.002428916406865711,0.0001575472091442999,-0.0001575472091442999,-1.7183456614893782e-06
0.0,-0.005316352490240539,0.00015958993620261705,-0.00015958993620261705,-3.7610727198065127e-06
0.0,0.005047606675254723,0.00015225791595789296,-0.00015225791595789296,3.570947524917566e-06
0.0,-0.012258373372913245,0.00016450109388263878,-0.00016450109388263878,-8.672230399828237e-06
0.0,-0.017903202985502964,0.0001684945489258928,-0.0001684945489258928,-1.2665685443082259e-05
0.0,0.00797191259701524,0.0001501891051995972,-0.0001501891051995972,5.639758283213333e-06
0.0,0.014216897585460186,0.00014577106807381235,-0.00014577106807381235,1.005779540899819e-05
0.0,-0.004478294673592398,0.00015899704918137417,-0.00015899704918137417,-3.168185698563623e-06
0.0,-0.015560819201407838,0.0001668374210800906,-0.0001668374210800906,-1.1008557597280084e-05
0.0,0.0091044925499415,0.00014938785743211555,-0.00014938785743211555,6.441006050694976e-06
0.0,0.006415695380997066,0.00015129005667488104,-0.00015129005667488104,4.538806807929501e-06
0.0,0.010938977513132997,0.00014809004443671678,-0.00014809004443671678,7.738819046093747e-06
0.0,-0.0013871187334510982,0.00015681018562747507,-0.00015681018562747507,-9.81322144664535e-07
0.0,0.009955676641137279,0.00014878568418066042,-0.00014878568418066042,7.043179302150109e-06
0.0,-0.0019995427986508885,0.00015724344723847705,-0.00015724344723847705,-1.4145837556665023e-06
0.0,0.0027628315736780706,0.00015387428833372923,-0.00015387428833372923,1.9545751490813087e-06
0.0,-0.003919344949506964,0.00015860161818561904,-0.00015860161818561904,-2.7727547028084893e-06
0.0,0.006871616056117524,0.0001509675139509478,-0.0001509675139509478,4.861349531862718e-06
0.0,-0.003568666378412577,0.00015835352936728256,-0.00015835352936728256,-2.5246658844720376e-06
0.0,0.0028471487971184484,0.0001538146378102785,-0.0001538146378102785,2.0142256725320376e-06
0.0,0.0019204463587332299,0.00015447023678848528,-0.00015447023678848528,1.3586266943252478e-06
0.0,0.004072700506109195,0.0001529476168390658,-0.0001529476168390658,2.881246643744726e-06
0.0,0.005581337868471481,0.00015188032590264316,-0.00015188032590264316,3.9485375801673635e-06
0.0,-0.0008324053147991117,0.00015641775162125886,-0.00015641775162125886,-5.888881384483294e-07
0.0,0.00325337015914573,0.0001535272550444201,-0.0001535272550444201,2.3016084383904255e-06
0.0,-0.0030228605633046968,0.00015796739707728066,-0.00015796739707728066,-2.1385335944701143e-06
0.0,0.009662312168146059,0.00014899322593383673,-0.00014899322593383673,6.835637548973812e-06
0.0,0.003704089049704651,0.00015320839234171283,-0.00015320839234171283,2.6204711410976938e-06
0.0,-0.001185699214361291,0.0001566676906631408,-0.0001566676906631408,-8.388271803302673e-07
0.0,0.0007024972279667807,0.00015533187928834716,-0.00015533187928834716,4.969841944633757e-07
0.0,0.0027300951851503275,0.00015389744780971632,-0.00015389744780971632,1.9314156730942094e-06
0.0,0.0025606760900243053,0.00015401730395884537,-0.00015401730395884537,1.8115595239651743e-06
0.0,-0.0019624672514313435,0.0001572172180090429,-0.0001572172180090429,-1.3883545262323531e-06
0.0,0.0015646460846321375,0.00015472194897406326,-0.00015472194897406326,1.1069145087472836e-06
0.0,0.0007115345908383919,0.0001553254857734292,-0.0001553254857734292,5.03377709381321e-07
0.0,0.0008370427393644686,0.0001552366945816485,-0.0001552366945816485,5.921689011620401e-07
0.0,0.007695488006902673,0.00015038466277161007,-0.00015038466277161007,5.444200711200452e-06
0.0,0.0005031528617669423,0.0001554729061782943,-0.0001554729061782943,3.559573045162403e-07
0.0,-0.0005925944462060739,0.00015624809655842507,-0.00015624809655842507,-4.192330756145311e-07
0.0,-0.003756184245747196,0.00015848618955800604,-0.00015848618955800604,-2.6573260751955128e-06
0.0,-0.0015827522106851566,0.00015694858723565598,-0.00015694858723565598,-1.1197237528454505e-06
0.0,0.0021749356911917594,0.00015429019739351501,-0.00015429019739351501,1.5386660892955085e-06
0.0,0.007507291353015866,0.00015051780317232503,-0.00015051780317232503,5.311060310485503e-06
0.0,0.0021955703874654287,0.00015427559930330584,-0.00015427559930330584,1.5532641795047e-06
0.0,0.004174424362754614,0.00015287565193025193,-0.00015287565193025193,2.953211552558604e-06
0.0,-0.004011219709926239,0.00015866661531582926,-0.00015866661531582926,-2.8377518330187286e-06
0.0,-0.008631020716408422,0.00016193491017933042,-0.00016193491017933042,-6.106046696519898e-06
0.0,-0.00663809511563529,0.00016052500778413904,-0.00016052500778413904,-4.696144301328511e-06
0.0,0.00632356747139462,0.0001513552328963928,-0.0001513552328963928,4.4736305864177325e-06
0.0,0.0015002511791302187,0.00015476750538192415,-0.00015476750538192415,1.0613581008863693e-06
0.0,0.009135724328457329,0.0001493657623979013,-0.0001493657623979013,6.463101084909233e-06
0.0,-0.00316282139344648,0.0001580664128707319,-0.0001580664128707319,-2.2375493879213714e-06
0.0,-0.0010969340964486207,0.00015660489346072342,-0.00015660489346072342,-7.760299779128919e-07
0.0,0.002908158040315856,0.00015377147660141076,-0.00015377147660141076,2.0573868813997794e-06
0.0,0.008575225775086182,0.0001497622891185138,-0.0001497622891185138,6.066574364296723e-06
0.0,7.258178414493166e-05,0.00015577751523816283,-0.00015577751523816283,5.134824464772013e-08
0.0,0.007147785279833618,0.000150772137038812,-0.000150772137038812,5.056726443998532e-06
0.0,0.00033529222633799094,0.00015559165978949675,-0.00015559165978949675,2.372036933137877e-07
0.0,-0.00043230017186479675,0.00015613469579662967,-0.00015613469579662967,-3.0583231381912925e-07
0.0,0.004459292004863613,0.00015267412129069057,-0.00015267412129069057,3.154742192119956e-06
0.0,0.004944781081796634,0.00015233066029438365,-0.00015233066029438365,3.498203188426884e-06
0.0,0.0008661436002121992,0.00015521610707281452,-0.00015521610707281452,6.127564099960025e-07
0.0,-0.00019544819997963092,0.0001559671340159304,-0.0001559671340159304,-1.3827053311986433e-07
0.0,0.005128166675301138,0.0001522009234956666,-0.0001522009234956666,3.6279399871439506e-06
0.0,3.398471712534601e-05,0.00015580482087226033,-0.00015580482087226033,2.4042610550207685e-08
0.0,-0.005780822450430323,0.00015991852714906883,-0.00015991852714906883,-4.089663666258292e-06
0.0,0.0029460216619106028,0.00015374468984592107,-0.00015374468984592107,2.0841736368894697e-06
0.0,0.008378802677341701,0.0001499012493465692,-0.0001499012493465692,5.927614136241335e-06
0.0,-0.007059870562045378,0.00016082339434302304,-0.00016082339434302304,-4.994530860212499e-06
0.0,0.0035333728907271933,0.00015332916610333587,-0.00015332916610333587,2.4996973794746725e-06
0.0,-0.0028032386528962228,0.00015781202476563926,-0.00015781202476563926,-1.98316128282873e-06
0.0,0.004902451368978156,0.00015236060660219733,-0.00015236060660219733,3.468256880613193e-06
0.0,0.006655262605488987,0.00015112057397894424,-0.00015112057397894424,4.708289503866309e-06
0.0,-0.002855178689662563,0.00015784876993174822,-0.00015784876993174822,-2.019906448937682e-06
0.0,0.006976215252569862,0.00015089351487262997,-0.00015089351487262997,4.935348610180561e-06
0.0,-0.001514532772802224,0.00015690032514858538,-0.00015690032514858538,-1.0714616657748424e-06
0.0,0.0018701968845122874,0.00015450578596003174,-0.00015450578596003174,1.3230775227787884e-06
0.0,0.00836655302646827,0.00014990991540620534,-0.00014990991540620534,5.918948076605186e-06
0.0,0.003862162248501333,0.00015309656288781223,-0.00015309656288781223,2.732300594998305e-06
0.0,-0.0026519776473655776,0.0001577050146224036,-0.0001577050146224036,-1.8761511395930864e-06
0.0,0.0002890760711180551,0.0001556243555749871,-0.0001556243555749871,2.0450790782342807e-07
0.0,0.0011409766124783616,0.00015502167546828228,-0.00015502167546828228,8.071880145282565e-07
0.0,-0.009042160974207403,0.00016222577283572136,-0.00016222577283572136,-6.3969093529108405e-06
0.0,-0.015730711659182384,0.0001669576121113305,-0.0001669576121113305,-1.1128748628519967e-05
0.0,0.010053584595046017,0.00014871641884598328,-0.00014871641884598328,7.112444636827262e-06
0.0,-0.0008668741908683941,0.000156442136751798,-0.000156442136751798,-6.132732689874642e-07
0.0,0.003134358792605374,0.0001536114500643823,-0.0001536114500643823,2.217413418428238e-06
0.0,-0.01770582037552626,0.00016835490988745236,-0.00016835490988745236,-1.2526046404641826e-05
0.0,0.007254613892351713,0.00015069656075206763,-0.00015069656075206763,5.132302730742907e-06
0.0,0.014980414164082134,0.00014523091551992383,-0.00014523091551992383,1.0597947962886708e-05
0.0,0.01125059589785371,0.00014786958888793314,-0.00014786958888793314,7.959274594877386e-06
0.0,0.003325672876785646,0.00015347610422637663,-0.00015347610422637663,2.3527592564339178e-06
0.0,-0.005400853672730133,0.0001596497168685598,-0.0001596497168685598,-3.8208533857492675e-06
0.0,0.007326397804890528,0.00015064577696456176,-0.00015064577696456176,5.183086518248783e-06
0.0,0.0016884725532351208,0.00015463434749280188,-0.00015463434749280188,1.1945159900086562e-06
0.0,0.006462646466197652,0.00015125684096052849,-0.00015125684096052849,4.57202252228204e-06
0.0,-0.0016304457368023773,0.00015698232819250942,-0.00015698232819250942,-1.1534647096988854e-06
0.0,0.0018435333204338544,0.00015452464919448662,-0.00015452464919448662,1.3042142883239057e-06
0.0,-0.002919942636890105,0.0001578945874195073,-0.0001578945874195073,-2.065723936696752e-06
0.0,0.004705785881164548,0.00015249973830998027,-0.00015249973830998027,3.329125172830263e-06
0.0,-0.00381551976362815,0.00015852816668386957,-0.00015852816668386957,-2.6993032010590295e-06
0.0,-0.01051810302712286,0.00016326993335770068,-0.00016326993335770068,-7.441069874890147e-06
0.0,-0.03351362667122315,0.00017953819939428513,-0.00017953819939428513,-2.3709335911474583e-05
0.0,-0.030279995565056117,0.00017725055542002857,-0.00017725055542002857,-2.142169193721803e-05
0.0,-0.0037785406053220116,0.00015850200564511942,-0.00015850200564511942,-2.673142162308882e-06
0.0,-0.04416324258407911,0.00018707230853392339,-0.00018707230853392339,-3.1243445051112844e-05
0.0,-0.008238340444361891,0.0001616571071063567,-0.0001616571071063567,-5.82824362354616e-06
0.0,0.046039229006110016,0.00012325824507974627,-0.00012325824507974627,3.257061840306427e-05
0.0,-0.028107896121075893,0.0001757138958440396,-0.0001757138958440396,-1.9885032361229063e-05
0.0,0.04220259077449118,0.00012597248861705832,-0.00012597248861705832,2.9856374865752206e-05
0.0,-0.033922077046888544,0.00017982715908387116,-0.00017982715908387116,-2.3998295601060614e-05
0.0,-0.01705385200037013,0.00016789367251192512,-0.00016789367251192512,-1.2064809029114575e-05
0.0,-0.07596969747745097,0.0002095738996215762,-0.0002095738996215762,-5.374503613876564e-05
0.0,0.04939630628156144,0.00012088326866835119,-0.00012088326866835119,3.494559481445935e-05
0.0,-0.048868445131273974,0.0001904010210250355,-0.0001904010210250355,-3.4572157542224966e-05
0.0,-0.09511268097833658,0.00022311667225620815,-0.00022311667225620815,-6.72878087733976e-05
0.0,0.09287124972971839,9.012676332034034e-05,-9.012676332034034e-05,6.57021001624702e-05
0.0,-0.11984055240393443,0.000240610493971083,-0.000240610493971083,-8.478163048827247e-05
0.0,0.05995484974402432,0.00011341358906180505,-0.00011341358906180505,4.2415274421005484e-05
0.0,-0.051830762729157875,0.00019249672328053058,-0.00019249672328053058,-3.6667859797720034e-05
0.0,0.0047078080405855705,0.00015249830772601363,-0.00015249830772601363,3.3305557567968957e-06
0.0,-0.04335951230846191,0.00018650370665523763,-0.00018650370665523763,-3.06748431724271e-05
0.0,-0.02929386782180443,0.00017655291579583192,-0.00017655291579583192,-2.072405231302139e-05
0.0,0.09382773976227554,8.945009100133562e-05,-8.945009100133562e-05,6.637877248147491e-05
0.0,0.011535011448221999,0.00014766837808230228,-0.00014766837808230228,8.160485400508245e-06
0.0,0.062414163303876835,0.00011167373882493842,-0.00011167373882493842,4.415512465787212e-05
0.0,-0.033687352562252526,0.00017966110240168995,-0.00017966110240168995,-2.3832238918879403e-05
0.0,0.03351600948370015,0.0001321178418420657,-0.0001321178418420657,2.3711021640744813e-05
0.0,-0.016012721914555605,0.00016715712128235273,-0.00016715712128235273,-1.1328257799542202e-05
0.0,-0.04414243033166543,0.00018705758483098336,-0.00018705758483098336,-3.122872134817281e-05
0.0,0.02282934723487151,0.0001396781595455363,-0.0001396781595455363,1.615070393727422e-05
0.0,-0.015137125124949469,0.0001665376771794677,-0.0001665376771794677,-1.0708813696657144e-05
0.0,0.07033131865275055,0.00010607271875416957,-0.00010607271875416957,4.975614472864096e-05
0.0,-0.0016030527844311804,0.0001569629489496794,-0.0001569629489496794,-1.1340854668688816e-06
0.0,0.03405645287963033,0.0001317355032148276,-0.0001317355032148276,2.409336026798294e-05
0.0,0.014487410153376512,0.0001455796929831985,-0.0001455796929831985,1.024917049961203e-05
0.0,-0.010104660822607414,0.0001629774421808131,-0.0001629774421808131,-7.14857869800256e-06
0.0,0.030572589146256046,0.00013420017516259088,-0.00013420017516259088,2.162868832021967e-05
0.0,-0.022030438529415775,0.00017141437657857802,-0.00017141437657857802,-1.558551309576748e-05
0.0,0.005816689462164515,0.0001517138255699006,-0.0001517138255699006,4.115037912909937e-06
0.0,0.026793594848223412,0.00013687363829144216,-0.00013687363829144216,1.8955225191368364e-05
0.0,-0.01788104803401469,0.00016847887532565577,-0.00016847887532565577,-1.2650011842845226e-05
0.0,-0.030674795694063395,0.00017752985819344534,-0.00017752985819344534,-2.1700994710634806e-05
0.0,0.022930247703843776,0.0001396067771452978,-0.0001396067771452978,1.6222086337512716e-05
0.0,-0.0005394221197431159,0.00015621047960453127,-0.00015621047960453127,-3.81616121720748e-07
0.0,0.013918057304545428,0.00014598248370702911,-0.00014598248370702911,9.846379775781409e-06
0.0,0.014714069804799612,0.00014541934179632495,-0.00014541934179632495,1.0409521686485589e-05
0.0,-0.005242380698498916,0.00015953760459208797,-0.00015953760459208797,-3.7087411092774225e-06
0.0,0.026583916282167053,0.0001370219761483037,-0.0001370219761483037,1.8806887334506835e-05
0.0,-0.009212446303987654,0.0001623462418056769,-0.0001623462418056769,-6.5173783228663635e-06
0.0,-0.028059034078492195,0.00017567932821600273,-0.00017567932821600273,-1.9850464733192184e-05
0.0,0.004249827591976452,0.00015282230764412114,-0.00015282230764412114,3.006555838689402e-06
0.0,0.009040556385797371,0.00014943308930175043,-0.00014943308930175043,6.395774181060109e-06
0.0,-0.006979410390386298,0.00016076647250474888,-0.00016076647250474888,-4.937609021938337e-06
0.0,0.011504630788313985,0.00014768987098959154,-0.00014768987098959154,8.138992493218989e-06
0.0,0.016871538638701944,0.00014389303269813803,-0.00014389303269813803,1.193583078467251e-05
0.0,0.00013307822091168653,0.00015573471681605168,-0.00015573471681605168,9.414666675886324e-08
0.0,-0.020500317528877154,0.0001703318869649391,-0.0001703318869649391,-1.450302348212855e-05
0.0,-0.01746272460422804,0.0001681829309083669,-0.0001681829309083669,-1.2354067425556358e-05
0.0,0.01152482269503552,0.00014767558615244602,-0.00014767558615244602,8.153277330364504e-06
0.0,0.0039263632504382695,0.00015305114365772685,-0.00015305114365772685,2.7777198250836923e-06
0.0,0.03150119163168075,0.00013354323198926164,-0.00013354323198926164,2.2285631493548897e-05
0.0,-0.010484399194493177,0.00016324608945989875,-0.00016324608945989875,-7.4172259770881994e-06
0.0,0.01665110025908012,0.0001440489826238655,-0.0001440489826238655,1.1779880858945054e-05
0.0,-0.007773596407737116,0.0001613283222635437,-0.0001613283222635437,-5.499458780733167e-06
0.0,0.002353711326488428,0.0001541637219263381,-0.0001541637219263381,1.665141556472433e-06
0.0,0.012289184036080147,0.00014713483596833857,-0.00014713483596833857,8.694027514471955e-06
0.0,0.014827297215913804,0.00014533923865646397,-0.00014533923865646397,1.048962482634655e-05
0.0,-0.0021079145460738413,0.00015732011522156855,-0.00015732011522156855,-1.4912517387580048e-06
0.0,0.004812335824971425,0.00015242435916841947,-0.00015242435916841947,3.404504314391065e-06
0.0,0.003751234813537785,0.00015317503890126044,-0.00015317503890126044,2.6538245815501005e-06
0.0,0.008210832780053412,0.0001500200802554676,-0.0001500200802554676,5.80878322734291e-06
0.0,0.013648979133831007,0.0001461728440281755,-0.0001461728440281755,9.656019454635047e-06
0.0,-0.0033687022311144066,0.00015821206401096485,-0.00015821206401096485,-2.383200528154309e-06
0.0,0.026211650818398713,0.00013728533669162273,-0.00013728533669162273,1.8543526791187808e-05
0.0,0.012041579421169235,0.00014731000474507962,-0.00014731000474507962,8.518858737730912e-06
0.0,-0.007799170822611612,0.00016134641497547093,-0.00016134641497547093,-5.517551492660387e-06
0.0,-0.0053130910724373814,0.0001595876289008439,-0.0001595876289008439,-3.758765418033377e-06
0.0,-0.05894405927443824,0.00019752905054503395,-0.00019752905054503395,-4.170018706222341e-05
0.0,0.013060843963234703,0.00014658892237319666,-0.00014658892237319666,9.239941109613868e-06
0.0,0.008312217041285264,0.00014994835559465236,-0.00014994835559465236,5.880507888158168e-06
0.0,0.01896239819380252,0.0001424138465741796,-0.0001424138465741796,1.3415016908630925e-05
0.0,-0.0036002995561740248,0.00015837590837283907,-0.00015837590837283907,-2.547044890028531e-06
0.0,0.0005942198825281686,0.0001554084804864148,-0.0001554084804864148,4.2038299639575007e-07
0.0,-0.005649494809462974,0.00015982561893639752,-0.00015982561893639752,-3.996755453586996e-06
0.0,0.006495095537691675,0.00015123388474801188,-0.00015123388474801188,4.594978734798659e-06
0.0,0.004307419569164139,0.00015278156399240166,-0.00015278156399240166,3.0472994904088786e-06
0.0,-0.025855145939064572,0.00017412017961291012,-0.00017412017961291012,-1.829131613009959e-05
0.0,0.010959447267809841,0.00014807556303503443,-0.00014807556303503443,7.753300447776111e-06
0.0,-0.024226905044785974,0.00017296827472699697,-0.00017296827472699697,-1.7139411244186447e-05
0.0,0.014685678433118632,0.00014543942737449216,-0.00014543942737449216,1.038943610831837e-05
0.0,0.015409875731554612,0.00014492709138700727,-0.00014492709138700727,1.090177209580326e-05
0.0,0.005022132820864389,0.00015227593752794344,-0.00015227593752794344,3.5529259548671053e-06
0.0,0.004541250844364075,0.00015261613921445353,-0.00015261613921445353,3.2127242683570122e-06
0.0,0.01588172586745884,0.00014459327930866142,-0.00014459327930866142,1.1235584174149121e-05
0.0,-0.010818532028197159,0.00016348247293671722,-0.00016348247293671722,-7.653609453906688e-06
0.0,0.007827461915415501,0.00015029129735463575,-0.00015029129735463575,5.5375661281747845e-06
0.0,-0.005643606159361103,0.00015982145298967085,-0.00015982145298967085,-3.99258950686031e-06
0.0,0.01046620127324438,0.00014842451169066242,-0.00014842451169066242,7.404351792148114e-06
0.0,-0.009362541127788226,0.0001624524269294468,-0.0001624524269294468,-6.623563446636243e-06
0.0,0.013406370782667931,0.00014634447818013055,-0.00014634447818013055,9.484385302679972e-06
0.0,0.009082050740923053,0.00014940373397074564,-0.00014940373397074564,6.425129512064902e-06
0.0,-0.0034061012455366413,0.00015823852207843674,-0.00015823852207843674,-2.4096585956261956e-06
0.0,0.002848612194617406,0.0001538136025244464,-0.0001538136025244464,2.0152609583641315e-06
0.0,0.0084069387471426,0.0001498813443826367,-0.0001498813443826367,5.947519100173842e-06
0.0,0.0016790373419135474,0.00015464102246703888,-0.00015464102246703888,1.187841015771654e-06
0.0,0.005747082068739751,0.00015176306957111898,-0.00015176306957111898,4.0657939116915615e-06
0.0,-0.012319859824193036,0.0001645445926940834,-0.0001645445926940834,-8.715729211272861e-06
0.0,-0.006190400054688405,0.00016020828430058327,-0.00016020828430058327,-4.379420817772729e-06
0.0,0.007395138795039502,0.0001505971459034618,-0.0001505971459034618,5.231717579348739e-06
0.0,-0.006473392152297919,0.00016040848807943235,-0.00016040848807943235,-4.5796245966218255e-06
0.0,0.01242838167815008,0.0001470363600950379,-0.0001470363600950379,8.792503387772621e-06
0.0,-0.003750251937389204,0.0001584819927250888,-0.0001584819927250888,-2.6531292422782665e-06
0.0,0.007670504990141325,0.0001504023370968118,-0.0001504023370968118,5.4265263859987145e-06
0.0,0.00718102343932614,0.0001507486225831484,-0.0001507486225831484,5.0802408996621455e-06
0.0,0.0036119303819721615,0.0001532735903231745,-0.0001532735903231745,2.555273159636029e-06
0.0,0.006429743053199433,0.00015128011859857888,-0.00015128011859857888,4.548744884231646e-06
0.0,0.00642769555966427,0.00015128156710525584,-0.00015128156710525584,4.547296377554705e-06
0.0,0.0006330295486443038,0.0001553810244483206,-0.0001553810244483206,4.478390344899418e-07
0.0,0.002742218294476073,0.0001538888712723539,-0.0001538888712723539,1.93999221045662e-06
0.0,-0.007969132154236114,0.00016146665473176406,-0.00016146665473176406,-5.637791248953518e-06
0.0,0.013996549490237653,0.0001459269541275163,-0.0001459269541275163,9.901909355294233e-06
0.0,-0.002047174350497949,0.0001572771443514098,-0.0001572771443514098,-1.4482808685992684e-06
0.0,-0.00017188262276812694,0.0001559504624634441,-0.0001559504624634441,-1.2159898063357094e-07
0.0,0.0027098425110787527,0.00015391177563694252,-0.00015391177563694252,1.9170878458680115e-06
0.0,0.002303389154016955,0.00015419932252852376,-0.00015419932252852376,1.6295409542867619e-06
0.0,-0.0044043954214108005,0.0001589447688892181,-0.0001589447688892181,-3.1159054064075753e-06
0.0,0.0031586327691348615,0.0001535942773522467,-0.0001535942773522467,2.234586130563838e-06
0.0,0.0034411070444764214,0.00015339443990862637,-0.00015339443990862637,2.4344235741841696e-06
0.0,0.010043718303008653,0.0001487233987898255,-0.0001487233987898255,7.105464692985033e-06
0.0,0.0035963511532906,0.00015328461190462485,-0.00015328461190462485,2.5442515781856995e-06
0.0,0.010195626139483993,0.000148615931043708,-0.000148615931043708,7.212932439102518e-06
0.0,0.0016730440109038458,0.0001546452624706509,-0.0001546452624706509,1.18360101215964e-06
0.0,0.00673256535528588,0.00015106588587014013,-0.00015106588587014013,4.76297761267039e-06
0.0,-0.0021949627140287475,0.00015738169776155348,-0.00015738169776155348,-1.5528342787429561e-06
0.0,0.007525003016613407,0.00015050527299211193,-0.00015050527299211193,5.323590490698608e-06
0.0,0.015365910154807594,0.00014495819499264992,-0.00014495819499264992,1.0870668490160607e-05
0.0,-0.03512584371534122,0.00018067876814968102,-0.00018067876814968102,-2.4849904666870488e-05
0.0,-0.008133027264274895,0.0001615826029177446,-0.0001615826029177446,-5.753739434934063e-06
0.0,-0.027756342102360998,0.0001754651876871305,-0.0001754651876871305,-1.9636324204319942e-05
0.0,0.02014498633677464,0.00014157722033251034,-0.00014157722033251034,1.4251643150300208e-05
0.0,-0.01758479659017942,0.0001682692911745564,-0.0001682692911745564,-1.2440427691745847e-05
0.0,0.0005330721905940639,0.00015545173964134004,-0.00015545173964134004,3.771238414705114e-07
0.0,0.012741829089357504,0.0001468146105948777,-0.0001468146105948777,9.01425288793281e-06
0.0,0.005219359577689042,0.00015213640874837684,-0.00015213640874837684,3.692454734433705e-06
0.0,-0.004618946596211537,0.000159096553890688,-0.000159096553890688,-3.267690407877442e-06
0.0,-0.008412365876402483,0.0001617802220251289,-0.0001617802220251289,-5.951358542318373e-06
0.0,-0.011182581807410497,0.00016374002126440324,-0.00016374002126440324,-7.91115778159271e-06
0.0,-0.011571097930805796,0.00016401487839541357,-0.00016401487839541357,-8.186014912603022e-06
0.0,0.010517945160813724,0.00014838790529100946,-0.00014838790529100946,7.440958191801082e-06
0.0,-0.023721455093028143,0.0001726106923378921,-0.0001726106923378921,-1.6781828855081565e-05
0.0,0.0029874591429570607,0.0001537153747506885,-0.0001537153747506885,2.1134887321220434e-06
0.0,0.0159767237756141,0.00014452607269633514,-0.00014452607269633514,1.1302790786475396e-05
0.0,0.016110590199083896,0.00014443136841283728,-0.00014443136841283728,1.1397495069973262e-05
0.0,-0.0048126645432444715,0.00015923360035012798,-0.00015923360035012798,-3.4047368673174415e-06
0.0,0.008253718228220741,0.0001499897407906795,-0.0001499897407906795,5.839122692131017e-06
0.0,0.005292907769290922,0.00015208437681529249,-0.00015208437681529249,3.74448666751804e-06
0.0,-0.009577652178616392,0.00016260460801722904,-0.00016260460801722904,-6.775744534418501e-06
0.0,0.01797270867614209,0.00014311400598851194,-0.00014311400598851194,1.271485749429858e-05
0.0,-0.013973515692226712,0.00016571447749472949,-0.00016571447749472949,-9.885614011918955e-06
0.0,0.01739675486921799,0.00014352146658392349,-0.00014352146658392349,1.2307396898887058e-05
0.0,0.008010123642494982,0.00015016207265782858,-0.00015016207265782858,5.6667908249819546e-06
0.0,0.00879353312061526,0.0001496078468005317,-0.0001496078468005317,6.221016682278847e-06
0.0,0.01641581296364758,0.00014421543746857206,-0.00014421543746857206,1.1613426014238482e-05
0.0,-0.006306918994084421,0.00016029071604398395,-0.00016029071604398395,-4.461852561173421e-06
0.0,-0.006623141753502759,0.00016051442897423333,-0.00016051442897423333,-4.685565491422792e-06
0.0,-0.0015277553060997207,0.00015690967947739695,-0.00015690967947739695,-1.080815994586418e-06
0.0,0.00013491955745537076,0.00015573341415588097,-0.00015573341415588097,9.54493269295624e-08
0.0,-0.016329861778318078,0.00016738148302137396,-0.00016738148302137396,-1.1552619538563428e-05
0.0,0.004727334073110212,0.00015248449396396732,-0.00015248449396396732,3.3443695188432047e-06
0.0,-0.0021956999281005363,0.00015738221930630417,-0.00015738221930630417,-1.5533558234936385e-06
0.0,0.005218925396392127,0.00015213671591149933,-0.00015213671591149933,3.6921475713111928e-06
0.0,0.003445761353703114,0.00015339114720079816,-0.00015339114720079816,2.4377162820123645e-06
0.0,-0.018589516294535646,0.00016898008374860847,-0.00016898008374860847,-1.315122026579793e-05
0.0,-0.0030256189119989285,0.00015796934848100053,-0.00015796934848100053,-2.140484998189983e-06
0.0,-0.035287878760604796,0.00018079340042613602,-0.00018079340042613602,-2.496453694332548e-05
0.0,0.011947330894238384,0.00014737668120495926,-0.00014737668120495926,8.452182277851267e-06
0.0,-0.012129550130175693,0.0001644099574155165,-0.0001644099574155165,-8.581093932705963e-06
0.0,0.01231820260127181,0.00014711430667986296,-0.00014711430667986296,8.714556802947585e-06
0.0,0.01779929009643455,0.00014323669158741514,-0.00014323669158741514,1.2592171895395391e-05
0.0,0.02204704770168342,0.0001402316001682927,-0.0001402316001682927,1.559726331451785e-05
0.0,0.01946019413896294,0.00014206167903961335,-0.00014206167903961335,1.3767184443197173e-05
0.0,-0.00028771518741854685,0.00015603240862855858,-0.00015603240862855858,-2.0354514574803034e-07
0.0,0.01169988923568721,0.0001475517346976366,-0.0001475517346976366,8.277128785173923e-06
0.0,-0.0013997945931910616,0.00015681915321010914,-0.00015681915321010914,-9.902897272986039e-07
0.0,0.007651855318760337,0.00015041553087401021,-0.00015041553087401021,5.413332608800315e-06
0.0,-0.009978532303877019,0.00016288821210589662,-0.00016288821210589662,-7.059348623086096e-06
0.0,0.013610335409063534,0.0001462001826704648,-0.0001462001826704648,9.628680812345722e-06
0.0,0.011648051240012336,0.00014758840767440783,-0.00014758840767440783,8.240455808402702e-06
0.0,-0.004791925698091615,0.00015921892857941904,-0.00015921892857941904,-3.3900650966085034e-06
0.0,-0.011563829610944043,0.00016400973639634539,-0.00016400973639634539,-8.180872913534854e-06
0.0,0.003946442467421596,0.00015303693854334255,-0.00015303693854334255,2.791924939467981e-06
0.0,-0.006792562915180156,0.00016063428658535158,-0.00016063428658535158,-4.805423102541041e-06
0.0,0.005635930617216234,0.0001518417040658895,-0.0001518417040658895,3.987159416921053e-06
0.0,0.016161668273416252,0.00014439523304515722,-0.00014439523304515722,1.1433630437653327e-05
0.0,-0.001584418237524976,0.00015694976587234518,-0.00015694976587234518,-1.1209023895346491e-06
0.0,0.002396979198154181,0.00015413311191466846,-0.00015413311191466846,1.6957515681420675e-06
0.0,-0.004595548640170977,0.00015908000092240286,-0.00015908000092240286,-3.251137439592338e-06
0.0,0.011271187194776155,0.0001478550215007513,-0.0001478550215007513,7.97384198205922e-06
0.0,0.0017911667548251575,0.00015456169610996156,-0.00015456169610996156,1.2671673728489844e-06
0.0,-0.000624157213091503,0.0001562704257515537,-0.0001562704257515537,-4.4156226874315083e-07
0.0,0.008836275129611826,0.00014957760881230165,-0.00014957760881230165,6.251254670508901e-06
0.0,-0.0019356376714373402,0.0001571982373260305,-0.0001571982373260305,-1.369373843219977e-06
0.0,0.002787148065356293,0.0001538570855440985,-0.0001538570855440985,1.971777938712029e-06
0.0,-0.007949201604598555,0.00016145255479262904,-0.00016145255479262904,-5.623691309818522e-06
0.0,-0.0012851080682624305,0.00015673801781492414,-0.00015673801781492414,-9.091543321135928e-07
0.0,-0.0012649972997506032,0.00015672379037929735,-0.00015672379037929735,-8.949268964868111e-07
0.0,-0.004359258971957769,0.00015891283694546187,-0.00015891283694546187,-3.0839734626513325e-06
0.0,0.012921249154708825,0.00014668767922333727,-0.00014668767922333727,9.141184259473267e-06
0.0,0.0017727951669590514,0.00015457469315597564,-0.00015457469315597564,1.2541703268349017e-06
0.0,0.005757654753379748,0.00015175558988728545,-0.00015175558988728545,4.073273595525094e-06
0.0,-0.0035111185091528663,0.00015831281691987563,-0.00015831281691987563,-2.483953437065094e-06
0.0,-0.0039062790518439305,0.0001585923746692513,-0.0001585923746692513,-2.763511186440748e-06
0.0,-0.002073092860288006,0.00015729548049452454,-0.00015729548049452454,-1.4666170117140022e-06
0.0,0.000745811250824957,0.0001553012366268502,-0.0001553012366268502,5.276268559603359e-07
0.0,0.0035365890047962534,0.00015332689085185262,-0.00015332689085185262,2.5019726309579277e-06
0.0,0.008722529021144565,0.00014965807890647347,-0.00014965807890647347,6.1707845763370575e-06
0.0,-0.00222738052560012,0.00015740463185912523,-0.00015740463185912523,-1.5757683763146919e-06
0.0,0.0013415471654707467,0.00015487978110807177,-0.00015487978110807177,9.490823747387539e-07
0.0,0.006438845522919845,0.00015127367902358622,-0.00015127367902358622,4.555184459224303e-06
0.0,-0.014754827521051062,0.00016626721936247583,-0.00016626721936247583,-1.0438355879665283e-05
0.0,0.007082595157549276,0.00015081825602565016,-0.00015081825602565016,5.01060745716036e-06
0.0,0.005709842747752214,0.00015178941466289524,-0.00015178941466289524,4.0394488199152995e-06
0.0,0.014847403800101189,0.0001453250141810526,-0.0001453250141810526,1.0503849301757932e-05
0.0,0.005491862685268911,0.0001519436254433077,-0.0001519436254433077,3.885238039502849e-06
0.0,-0.006554750898592476,0.00016046604561756924,-0.00016046604561756924,-4.637182134758706e-06
0.0,0.0004157884466327033,0.00015553471244848544,-0.00015553471244848544,2.941510343250832e-07
0.0,0.0022756417379066196,0.0001542189525380029,-0.0001542189525380029,1.6099109448076537e-06
0.0,-0.0037534511943366766,0.00015848425605094067,-0.00015848425605094067,-2.655392568130132e-06
0.0,-0.007190027975370938,0.00016091547467393376,-0.00016091547467393376,-5.086611191123213e-06
0.0,0.008136379515524483,0.00015007275248565447,-0.00015007275248565447,5.7561109971560775e-06
0.0,0.013935625421946263,0.00014597005507908996,-0.00014597005507908996,9.858808403720571e-06
0.0,0.0003167233075522802,0.00015560479643798072,-0.00015560479643798072,2.2406704482980437e-07
0.0,-0.0030106116552376383,0.00015795873154314554,-0.00015795873154314554,-2.129868060335009e-06
0.0,0.0036158389430824833,0.00015327082519753758,-0.00015327082519753758,2.5580382852729604e-06
0.0,-0.0014888337468982327,0.00015688214428013646,-0.00015688214428013646,-1.0532807973259316e-06
0.0,-0.025677883699462,0.00017399477480296854,-0.00017399477480296854,-1.8165911320158015e-05
0.0,0.009760625975629766,0.000148923673476586,-0.000148923673476586,6.905190006224545e-06
0.0,-0.019311475173124593,0.00016949083615790933,-0.00016949083615790933,-1.366197267509879e-05
0.0,0.016051767614439383,0.00014447298266223498,-0.00014447298266223498,1.1355880820575554e-05
0.0,0.013898223484416938,0.0001459965152145245,-0.0001459965152145245,9.832348268286045e-06
0.0,0.0010087690809532646,0.0001551152061626982,-0.0001551152061626982,7.136573201123367e-07
0.0,0.010853322230420792,0.00014815064157501934,-0.00014815064157501934,7.678221907791201e-06
0.0,0.003897495164625342,0.00015307156648902394,-0.00015307156648902394,2.7572969937866046e-06
0.0,0.007399348360373592,0.00015059416783130247,-0.00015059416783130247,5.234695651508054e-06
0.0,-0.0011135249921484514,0.00015661663074965007,-0.00015661663074965007,-7.877672668395268e-07
0.0,-0.00034518493235935477,0.00015607306580663467,-0.00015607306580663467,-2.442023238241461e-07
0.0,0.0016624551635393559,0.0001546527535888621,-0.0001546527535888621,1.1761098939484438e-06
0.0,0.0047110331133788375,0.00015249602613664868,-0.00015249602613664868,3.3328373461618627e-06
0.0,-0.0005692724183511411,0.00015623159730580839,-0.00015623159730580839,-4.027338229978584e-07
0.0,-0.0003204020092266724,0.00015605553303839134,-0.00015605553303839134,-2.2666955558078678e-07
0.0,-0.004415835627354592,0.000158952862304123,-0.000158952862304123,-3.1239988213124653e-06
0.0,-0.0018548966445751658,0.00015714111679573123,-0.00015714111679573123,-1.3122533129206873e-06
0.0,-0.0077328394581538396,0.00016129948861274616,-0.00016129948861274616,-5.470625129935634e-06
0.0,0.0012563181187927874,0.0001549400767041565,-0.0001549400767041565,8.887867786540246e-07
0.0,0.01135161376597904,0.00014779812343324093,-0.00014779812343324093,8.030740049569612e-06
0.0,-0.02447880752512621,0.00017314648404411777,-0.00017314648404411777,-1.7317620561307253e-05
0.0,-0.004750214169902844,0.00015918941960854847,-0.00015918941960854847,-3.360556125737927e-06
0.0,0.023790763506800205,0.0001389980021407429,-0.0001389980021407429,1.683086134206765e-05
0.0,-0.008080851690870694,0.00016154569112039274,-0.00016154569112039274,-5.716827637582206e-06
0.0,-0.01306622187199813,0.00016507260921335142,-0.00016507260921335142,-9.243745730540878e-06
0.0,-0.013417213930100202,0.0001653209198092007,-0.0001653209198092007,-9.492056326390161e-06
0.0,0.01949596819778221,0.00014203637055283622,-0.00014203637055283622,1.379249292997432e-05
0.0,-0.005359231030161227,0.0001596202707801412,-0.0001596202707801412,-3.791407297330648e-06
0.0,0.01415464230382213,0.0001458151107970634,-0.0001458151107970634,1.0013752685747126e-05
0.0,0.006030313342701321,0.00015156269658609804,-0.00015156269658609804,4.266166896712483e-06
0.0,0.010395487004435822,0.00014847453875485825,-0.00014847453875485825,7.354324727952282e-06
0.0,0.0010153984958789497,0.00015511051615922853,-0.00015511051615922853,7.183473235820172e-07
0.0,0.006491921301497117,0.00015123613037284196,-0.00015123613037284196,4.592733109968573e-06
0.0,-0.0015696837343783798,0.00015693934189501743,-0.00015693934189501743,-1.1104784122069046e-06
0.0,0.00287938213053085,0.00015379183422244486,-0.00015379183422244486,2.0370292603656815e-06
0.0,-0.014760539319459198,0.0001662712601948347,-0.0001662712601948347,-1.0442396712024182e-05
0.0,-0.0006027039747036333,0.00015625524858077725,-0.00015625524858077725,-4.263850979667128e-07
0.0,0.007025118077311765,0.00015085891839310836,-0.00015085891839310836,4.9699450897021675e-06
0.0,-0.007630854183940605,0.00016122733876313227,-0.00016122733876313227,-5.398475280321726e-06
0.0,-0.00546733601831495,0.00015969675004342675,-0.00015969675004342675,-3.867886560616213e-06
0.0,0.005240265846959469,0.00015212161853287283,-0.00015212161853287283,3.707244949937714e-06
0.0,0.016631202604519668,0.0001440630592912597,-0.0001440630592912597,1.1765804191550852e-05
0.0,-0.0008680126852336212,0.00015644294218373776,-0.00015644294218373776,-6.140787009272329e-07
0.0,-0.0031578329337678124,0.0001580628837669628,-0.0001580628837669628,-2.234020284152249e-06
0.0,0.0036224990395776757,0.00015326611348828102,-0.00015326611348828102,2.5627499945295103e-06
0.0,0.011825201774944727,0.00014746308189033755,-0.00014746308189033755,8.365781592472975e-06
0.0,0.014438226417743616,0.00014561448819414184,-0.00014561448819414184,1.0214375288668691e-05
0.0,-0.0009735307519511682,0.00015651759132013468,-0.00015651759132013468,-6.887278373241564e-07
0.0,0.001475232784985625,0.00015478520473498312,-0.00015478520473498312,1.0436587478274189e-06
0.0,0.0042206328286402695,0.0001528429615846088,-0.0001528429615846088,2.985901898201729e-06
0.0,0.007719934348738189,0.00015036736811901785,-0.00015036736811901785,5.461495363792696e-06
0.0,-0.00019607884876882142,0.00015596758017068804,-0.00015596758017068804,-1.387166878775027e-07
0.0,0.0032944868090414303,0.00015349816692234084,-0.00015349816692234084,2.330696560469697e-06
0.0,-0.004087726727828533,0.00015872074048123812,-0.00015872074048123812,-2.8918769984275873e-06
0.0,0.01109419052516647,0.0001479802384322448,-0.0001479802384322448,7.848625050565749e-06
0.0,0.0036088195555097347,0.0001532757910885612,-0.0001532757910885612,2.553072394249354e-06
0.0,-0.005306560094486046,0.00015958300853696633,-0.00015958300853696633,-3.75414505415579e-06
0.0,-0.006802319771775922,0.00016064118910869644,-0.00016064118910869644,-4.812325625885904e-06
0.0,0.009306055472153574,0.0001492452610167259,-0.0001492452610167259,6.583602466084657e-06
0.0,-0.009210657476561801,0.00016234497629327076,-0.00016234497629327076,-6.5161128104602225e-06
0.0,0.010928696540176919,0.00014809731774806872,-0.00014809731774806872,7.731545734741808e-06
0.0,0.001782270924804541,0.00015456798949695422,-0.00015456798949695422,1.2608739858563055e-06
0.0,-0.00021489588801437698,0.00015598089235288511,-0.00015598089235288511,-1.5202887007458374e-07
0.0,-0.0008455399168898481,0.00015642704374282148,-0.00015642704374282148,-5.981802600109362e-07
0.0,0.006762806734045723,0.00015104449149780087,-0.00015104449149780087,4.784371985009654e-06
0.0,-0.007194706699326425,0.00016091878465404976,-0.00016091878465404976,-5.08992117123924e-06
0.0,0.002748090747253684,0.00015388471678448262,-0.00015388471678448262,1.9441466983279135e-06
0.0,-0.006678337608227225,0.00016055347748048488,-0.00016055347748048488,-4.724613997674341e-06
0.0,0.0007034637617677753,0.000155331195510528,-0.000155331195510528,4.976679722825412e-07
0.0,0.008165456466051824,0.00015005218189226277,-0.00015005218189226277,5.7766815905477496e-06
0.0,0.007373341616968343,0.00015061256639560612,-0.00015061256639560612,5.2162970872044175e-06
0.0,-0.010435647322188157,0.00016321159977222236,-0.00016321159977222236,-7.382736289411827e-06
0.0,-0.00867391280271812,0.00016196525434029627,-0.00016196525434029627,-6.1363908574857365e-06
0.0,-0.021449400664502738,0.0001710033192480284,-0.0001710033192480284,-1.5174455765217871e-05
0.0,0.012173141406923493,0.00014721693074434467,-0.00014721693074434467,8.611932738465864e-06
0.0,0.014917956876899785,0.00014527510115272486,-0.00014527510115272486,1.055376233008567e-05
0.0,-0.0025300521932207776,0.00015761875802066853,-0.00015761875802066853,-1.7898945378579971e-06
0.0,-0.008517292959364653,0.00016185445306793924,-0.00016185445306793924,-6.02558958512871e-06
0.0,-0.002943411456817757,0.00015791119052070457,-0.00015791119052070457,-2.082327037894045e-06
0.0,0.010554741756143349,0.00014836187340709468,-0.00014836187340709468,7.466990075715865e-06
0.0,-0.0007838806801412357,0.00015638342269367453,-0.00015638342269367453,-5.545592108639853e-07
0.0,0.009911292190138532,0.00014881708412040133,-0.00014881708412040133,7.0117793624092014e-06
0.0,-0.0021252837802967495,0.00015733240314888707,-0.00015733240314888707,-1.503539666076525e-06
0.0,0.0018768165702687245,0.0001545011028394979,-0.0001545011028394979,1.3277606433126378e-06
0.0,0.0011653145418315525,0.00015500445751249117,-0.00015500445751249117,8.244059703193563e-07
0.0,0.0007688818911402162,0.000155284915219254,-0.000155284915219254,5.439482635565173e-07
0.0,-0.0004923335226864056,0.0001561771666069208,-0.0001561771666069208,-3.483031241102489e-07
0.0,0.0014469348384307246,0.00015480522421920835,-0.00015480522421920835,1.0236392636021801e-06
0.0,-0.0036287033416374515,0.0001583960027331814,-0.0001583960027331814,-2.5671392503708596e-06
0.0,0.008834095710505974,0.00014957915065019878,-0.00014957915065019878,6.249712832611754e-06
0.0,-0.0007967387044511831,0.00015639251914928982,-0.00015639251914928982,-5.636556664792833e-07
0.0,0.00017502486450582388,0.00015570504151194063,-0.00015570504151194063,1.238219708699002e-07
0.0,-0.0018238673194856947,0.0001571191649879227,-0.0001571191649879227,-1.290301505112184e-06
0.0,0.004652243012262192,0.00015253761740545758,-0.00015253761740545758,3.291246077352958e-06
0.0,0.0019484346695590737,0.00015445043635717195,-0.00015445043635717195,1.3784271256385943e-06
0.0,0.0018152018730952513,0.00015454469237896197,-0.00015454469237896197,1.2841711038485597e-06
0.0,-0.0020116937805257917,0.00015725204349437475,-0.00015725204349437475,-1.4231800115642171e-06
0.0,-0.005390124612855707,0.00015964212655650338,-0.00015964212655650338,-3.813263073692843e-06
0.0,-0.00043571559205179966,0.000156137112047944,-0.000156137112047944,-3.082485651334645e-07
0.0,-0.013124468779900589,0.00016511381619816425,-0.00016511381619816425,-9.284952715353714e-06
0.0,0.014002289962720793,0.00014592289300957974,-0.00014592289300957974,9.905970473230783e-06
0.0,0.005124491902218642,0.0001522035232271211,-0.0001522035232271211,3.625340255689457e-06
0.0,-0.0010832833431588806,0.0001565952361861358,-0.0001565952361861358,-7.663727033252681e-07
0.0,0.005811249724885448,0.00015171767393163372,-0.00015171767393163372,4.111189551176818e-06
0.0,0.0033305973193167304,0.00015347262041176914,-0.00015347262041176914,2.3562430710413797e-06
0.0,0.0023149642620619026,0.00015419113367664148,-0.00015419113367664148,1.6377298061690599e-06
0.0,0.00027733619326086867,0.0001556326609938666,-0.0001556326609938666,1.9620248894392734e-07
0.0,0.0013281596467464851,0.00015488925215641783,-0.00015488925215641783,9.396113263927026e-07
0.0,0.0052216268542757405,0.0001521348047553884,-0.0001521348047553884,3.6940587274221576e-06
0.0,0.007500081663913916,0.00015052290369285099,-0.00015052290369285099,5.305959789959558e-06
0.0,-0.0020218560598241897,0.00015725923283547102,-0.00015725923283547102,-1.4303693526604713e-06
0.0,0.003358975310182588,0.0001534525442999078,-0.0001534525442999078,2.3763191829027414e-06
0.0,-0.008561024934316985,0.00016188539141115076,-0.00016188539141115076,-6.05652792834023e-06
0.0,0.011277947808795874,0.00014785023868000996,-0.00014785023868000996,7.978624802800581e-06
0.0,0.0034511743312370946,0.0001533873177703431,-0.0001533873177703431,2.441545712467428e-06
0.0,-0.0035168126585656267,0.00015831684526638917,-0.00015831684526638917,-2.487981783578639e-06
0.0,0.0011649345752446916,0.00015500472632122176,-0.00015500472632122176,8.241371615887643e-07
0.0,-0.0032622408541723713,0.0001581367475263516,-0.0001581367475263516,-2.3078840435410755e-06
0.0,-0.007538854211077806,0.0001611622530509278,-0.0001611622530509278,-5.333389568117274e-06
0.0,-0.015869512427409305,0.00016705580721480131,-0.00016705580721480131,-1.1226943731990774e-05
0.0,0.015162609437855634,0.00014510202081718823,-0.00014510202081718823,1.0726842665622302e-05
0.0,0.008241819990835397,0.00014999815824157765,-0.00014999815824157765,5.830705241232878e-06
0.0,0.0020166699583279435,0.00015440216305633497,-0.00015440216305633497,1.4267004264755568e-06
0.0,0.010145452020822843,0.00014865142690469226,-0.00014865142690469226,7.177436578118279e-06
0.0,0.0023821998626283314,0.00015414356760882442,-0.00015414356760882442,1.6852958739861246e-06
0.0,-0.0047124448070912095,0.00015916269953677442,-0.00015916269953677442,-3.3338360539638887e-06
0.0,-0.0001862618826539153,0.00015596063512264734,-0.00015596063512264734,-1.3177163983679842e-07
0.0,0.004206152980007483,0.00015285320540568345,-0.00015285320540568345,2.975658077127096e-06
0.0,-0.0054060480514769305,0.00015965339165051543,-0.00015965339165051543,-3.8245281677049014e-06
0.0,-0.001842805614891363,0.00015713256295322707,-0.00015713256295322707,-1.3036994704165262e-06
0.0,0.0082034265474622,0.00015002531982139303,-0.00015002531982139303,5.803543661417498e-06
0.0,-0.004632387901412294,0.00015910606299047056,-0.00015910606299047056,-3.2771995076600396e-06
0.0,0.006005446813494242,0.0001515802885017599,-0.0001515802885017599,4.2485749810506255e-06
0.0,0.001675266241764728,0.00015464369034542345,-0.00015464369034542345,1.1851731373870997e-06
0.0,-0.0009399082741974318,0.00015649380497713278,-0.00015649380497713278,-6.64941494322254e-07
0.0,0.0009926793341701323,0.00015512658891201847,-0.00015512658891201847,7.022745707920607e-07
0.0,0.0012757437876824707,0.00015492633394472528,-0.00015492633394472528,9.025295380852519e-07
0.0,0.004146380281677686,0.0001528954918164303,-0.0001528954918164303,2.9333716663802327e-06
0.0,0.001607306655808216,0.00015469176859931265,-0.00015469176859931265,1.1370948834978778e-06
0.0,0.002620850702215849,0.00015397473321268924,-0.00015397473321268924,1.8541302701213066e-06
0.0,-0.00706069881494753,0.0001608239802935222,-0.0001608239802935222,-4.995116810711663e-06
0.0,-0.010748470745585936,0.0001634329078299589,-0.0001634329078299589,-7.6040443471483515e-06
0.0,0.0012566922329095842,0.00015493981203577696,-0.00015493981203577696,8.890514470335879e-07
0.0,0.008141567655737925,0.00015006908211717172,-0.00015006908211717172,5.759781365638816e-06
0.0,0.00852379036424833,0.00014979867728519188,-0.00014979867728519188,6.030186197618645e-06
0.0,0.0014957363013194946,0.00015477069944849487,-0.00015477069944849487,1.0581640343156621e-06
0.0,0.002220118224179668,0.00015425823284779603,-0.00015425823284779603,1.5706306350145024e-06
0.0,-0.005824918819612557,0.0001599497232842909,-0.0001599497232842909,-4.120859801480378e-06
0.0,0.008807632480425154,0.0001495978721576454,-0.0001495978721576454,6.2309913251651264e-06
0.0,0.004306570844779589,0.00015278216442552478,-0.00015278216442552478,3.0466990572857502e-06
0.0,-0.0013491160395050494,0.0001567833004847495,-0.0001567833004847495,-9.544370019389491e-07
0.0,0.0003116886257619189,0.00015560835824174929,-0.00015560835824174929,2.2050524106126277e-07
0.0,0.002842638410522902,0.00015381782869952284,-0.00015381782869952284,2.0110347832876862e-06
0.0,-0.0003350311257153127,0.00015606588245954827,-0.00015606588245954827,-2.370189767377363e-07
0.0,-0.003395574405981705,0.00015823107482787377,-0.00015823107482787377,-2.402211345063233e-06
0.0,-0.001318566739775151,0.00015676168827261075,-0.00015676168827261075,-9.32824789800225e-07
0.0,-0.004605608657393345,0.00015908711791782508,-0.00015908711791782508,-3.258254435014536e-06
0.0,-0.007722578759925436,0.00016129222964482337,-0.00016129222964482337,-5.463366162012822e-06
0.0,0.0022764876184568905,0.00015421835411676057,-0.00015421835411676057,1.6105093660499772e-06
0.0,-0.00574663850657553,0.00015989434359485122,-0.00015989434359485122,-4.0654801120406814e-06
0.0,0.008473996979569742,0.00014983390379454868,-0.00014983390379454868,5.994959688261852e-06
0.0,-0.0015511404489350067,0.00015692622338093384,-0.00015692622338093384,-1.0973598981232944e-06
0.0,-0.009110872450405094,0.0001622743830170702,-0.0001622743830170702,-6.445519534259647e-06
0.0,-0.01697731100841482,0.00016783952331145006,-0.00016783952331145006,-1.201065982863953e-05
0.0,-0.0008123585165593639,0.0001564035694416315,-0.0001564035694416315,-5.747059588209643e-07
0.0,0.009519611195260236,0.0001490941802511428,-0.0001490941802511428,6.734683231667731e-06
0.0,0.012134715784494876,0.00014724411508934874,-0.00014724411508934874,8.58474839346181e-06
0.0,0.001461009046688222,0.00015479526736987843,-0.00015479526736987843,1.033596112932115e-06
0.0,-0.0027763826213396126,0.00015779302536937363,-0.00015779302536937363,-1.964161886563104e-06
0.0,-0.020364110556098214,0.00017023552685140132,-0.00017023552685140132,-1.4406663368590794e-05
0.0,0.0015691842194003325,0.00015471873845427422,-0.00015471873845427422,1.1101250285363302e-06
0.0,-0.011909714125195148,0.00016425443364189888,-0.00016425443364189888,-8.425570159088357e-06
0.0,0.01149147763018199,0.0001476991762386924,-0.0001476991762386924,8.12968724411815e-06
0.0,-0.012985898136748442,0.00016501578389750655,-0.00016501578389750655,-9.186920414696011e-06
0.0,0.010524514660609219,0.00014838325767471444,-0.00014838325767471444,7.4456058080960826e-06
0.0,0.004102792854185466,0.00015292632789902047,-0.00015292632789902047,2.902535583790059e-06
0.0,0.008298280656405366,0.00014995821494033734,-0.00014995821494033734,5.870648542473184e-06
0.0,-0.0019137230947889883,0.00015718273377983986,-0.00015718273377983986,-1.3538702970293262e-06
0.0,-0.006865763848056816,0.00016068607284899986,-0.00016068607284899986,-4.857209366189323e-06
0.0,-0.0024167805585421087,0.0001575386235946876,-0.0001575386235946876,-1.7097601118770452e-06
0.0,0.00302251448379387,0.000153690574723537,-0.000153690574723537,2.138288759273531e-06
0.0,0.01706310194558336,0.00014375751054663467,-0.00014375751054663467,1.2071352936175865e-05
0.0,0.007460210377712606,0.0001505511107778986,-0.0001505511107778986,5.277752704911938e-06
0.0,0.00337476955709759,0.00015344137060303368,-0.00015344137060303368,2.3874928797768577e-06
0.0,0.007393339551406308,0.00015059841878485133,-0.00015059841878485133,5.230444697959194e-06
0.0,0.0036640298040166996,0.00015323673239937634,-0.00015323673239937634,2.5921310834341805e-06
0.0,0.002995871849622578,0.0001537094231510537,-0.0001537094231510537,2.1194403317568488e-06
0.0,-0.0010725536274130976,0.00015658764541008082,-0.00015658764541008082,-7.587819272702896e-07
0.0,0.004748196569493546,0.00015246973471574998,-0.00015246973471574998,3.3591287670605607e-06
0.0,0.0018197952535197182,0.00015454144277543438,-0.00015454144277543438,1.287420707376142e-06
0.0,-0.005051568068462853,0.00015940261350962294,-0.00015940261350962294,-3.5737500268124035e-06
0.0,0.009829281576461124,0.00014887510282446636,-0.00014887510282446636,6.953760658344164e-06
0.0,0.001949334719149265,0.0001544497996138472,-0.0001544497996138472,1.3790638689633372e-06
0.0,0.0018000771431341267,0.00015455539242365533,-0.00015455539242365533,1.2734710591552005e-06
0.0,0.0036803630854131963,0.0001532251773606166,-0.0001532251773606166,2.6036861221939426e-06
0.0,0.006461279195357994,0.0001512578082412092,-0.0001512578082412092,4.571055241601335e-06
0.0,0.004181942361150437,0.00015287033329520545,-0.00015287033329520545,2.9585301876050924e-06
0.0,0.003732799652949259,0.000153188080922026,-0.000153188080922026,2.6407825607845397e-06
0.0,0.0008877879113036169,0.0001552007947269657,-0.0001552007947269657,6.280687558448485e-07
0.0,-0.003498775895770745,0.00015830408509357784,-0.00015830408509357784,-2.4752216107673016e-06
0.0,-0.008225823395229703,0.00016164825187485915,-0.00016164825187485915,-5.819388392048631e-06
0.0,0.0005509400447352153,0.0001554390989635642,-0.0001554390989635642,3.8976451924632343e-07
0.0,0.007222656026415475,0.00015071916945944298,-0.00015071916945944298,5.1096940233675644e-06
0.0,-1.0739820344718431e-05,0.00015583646140740042,-0.00015583646140740042,-7.597924589894126e-09
0.0,0.003865229864862485,0.00015309439269156736,-0.00015309439269156736,2.7344707912431817e-06
0.0,-0.002601625374463401,0.00015766939272555982,-0.00015766939272555982,-1.8405292427492862e-06
0.0,0.0033847802152713324,0.00015343428852684823,-0.00015343428852684823,2.3945749559623038e-06
0.0,-0.001398665559303236,0.0001568183544710182,-0.0001568183544710182,-9.894909882076513e-07
0.0,-0.0031971365563219223,0.00015809068925631836,-0.00015809068925631836,-2.2618257735078177e-06
0.0,0.001657132912945114,0.00015465651883421683,-0.00015465651883421683,1.1723446485937154e-06
0.0,0.0022938506357221833,0.0001542060705876511,-0.0001542060705876511,1.6227928951594375e-06
0.0,-0.022724822637582465,0.0001719056211172137,-0.0001719056211172137,-1.607675763440317e-05
0.0,0.013200199537034996,0.00014649033477052444,-0.00014649033477052444,9.33852871228608e-06
0.0,-0.01896131033450521,0.00016924311078146288,-0.00016924311078146288,-1.3414247298652351e-05
0.0,-0.011815187417889228,0.00016418756038231083,-0.00016418756038231083,-8.358696899500307e-06
0.0,0.01419443613158311,0.00014578695851026843,-0.00014578695851026843,1.0041904972542114e-05
0.0,-0.008448563730297565,0.00016180583032725904,-0.00016180583032725904,-5.9769668444485e-06
0.0,0.011730872577451423,0.0001475298154208972,-0.0001475298154208972,8.299048061913332e-06
0.0,0.020707080374404274,0.0001411795648808119,-0.0001411795648808119,1.4649298601998645e-05
0.0,0.0030852853123166657,0.00015364616727478524,-0.00015364616727478524,2.182696208025308e-06
0.0,-0.007181080169894716,0.00016090914451671778,-0.00016090914451671778,-5.08028103390724e-06
0.0,0.009549073338481762,0.00014907333715179208,-0.00014907333715179208,6.755526331018447e-06
0.0,-0.009136167611567658,0.00016229227816995297,-0.00016229227816995297,-6.463414687142432e-06
0.0,-0.0074706775774360246,0.0001611140212458718,-0.0001611140212458718,-5.285157763061258e-06
0.0,0.016348464630746795,0.00014426308328928513,-0.00014426308328928513,1.1565780193525392e-05
0.0,-0.008743415379980468,0.000162014424188943,-0.000162014424188943,-6.185560706132441e-06
0.0,-0.010287680637092622,0.00016310692020784535,-0.00016310692020784535,-7.278056725034816e-06
0.0,-0.01138805785140995,0.00016388538603189726,-0.00016388538603189726,-8.056522549086736e-06
0.0,0.017777934551572505,0.00014325179964455484,-0.00014325179964455484,1.257706383825571e-05
0.0,0.010180197220578835,0.00014862684628796558,-0.00014862684628796558,7.202017194844951e-06
0.0,0.006223699921661829,0.00015142588455419455,-0.00015142588455419455,4.402978928615989e-06
0.0,0.01383893524747526,0.0001460384588913172,-0.0001460384588913172,9.790404591493332e-06
0.0,-0.0010101548486260992,0.00015654350116925484,-0.00015654350116925484,-7.146376864443013e-07
0.0,0.0014018951394270118,0.0001548370877165107,-0.0001548370877165107,9.917757662998227e-07
0.0,-0.0029897555945093135,0.0001579439768478555,-0.0001579439768478555,-2.1151133650449715e-06
0.0,-0.0026261799136575448,0.00015768676392276316,-0.00015768676392276316,-1.8579004399526406e-06
0.0,0.006374052530970564,0.0001513195170591383,-0.0001513195170591383,4.509346423672214e-06
0.0,-0.000629621957060511,0.00015627429180435968,-0.00015627429180435968,-4.4542832154914785e-07
0.0,-0.019392757790687165,0.00016954833983850054,-0.00016954833983850054,-1.3719476355689998e-05
0.0,-0.0009637690162076495,0.00015651068534501918,-0.00015651068534501918,-6.818218622086412e-07
0.0,-0.004050216740091761,0.00015869420390529512,-0.00015869420390529512,-2.8653404224845823e-06
0.0,-0.0014410312534549607,0.0001568483262339557,-0.0001568483262339557,-1.019462751145159e-06
0.0,0.009159984668711818,0.00014934859933279758,-0.00014934859933279758,6.480264150012965e-06
0.0,0.002817754443029452,0.00015383543295196321,-0.00015383543295196321,1.9934305308473195e-06
0.0,-0.0142436152864307,0.00016590556042560292,-0.00016590556042560292,-1.0076696942792387e-05
0.0,0.0008199802697488323,0.00015524876548724057,-0.00015524876548724057,5.800979955699632e-07
0.0,-0.018387945694007368,0.00016883748190116632,-0.00016883748190116632,-1.300861841835579e-05
0.0,-0.009689541868338813,0.00016268376478127265,-0.00016268376478127265,-6.8549012984621095e-06
0.0,-0.01103737849414832,0.00016363729665738397,-0.00016363729665738397,-7.808433174573438e-06
0.0,-0.018914821867908604,0.00016921022234830818,-0.00016921022234830818,-1.3381358865497644e-05
0.0,0.002771738943381896,0.0001538679867829461,-0.0001538679867829461,1.9608766998644424e-06
0.0,-0.012171906253646725,0.00016443992240764148,-0.00016443992240764148,-8.61105892483094e-06
0.0,-0.0014966358477518371,0.00015688766390449012,-0.00015688766390449012,-1.0588004216795725e-06
0.0,-0.00538408875771057,0.00015963785646903858,-0.00015963785646903858,-3.8089929862280353e-06
0.0,0.024347646888076113,0.00013860403298665173,-0.00013860403298665173,1.72248304961588e-05
0.0,0.018885951732779516,0.00014246792889840607,-0.00014246792889840607,1.3360934584404457e-05
0.0,0.00686300355780145,0.0001509736068939055,-0.0001509736068939055,4.8552565889050365e-06
0.0,0.00942251544733641,0.0001491628709877702,-0.0001491628709877702,6.6659924950403355e-06
0.0,-0.024391082077444004,0.00017308442236015005,-0.00017308442236015005,-1.725555887733952e-05
0.0,0.0051569298644233985,0.00015218057487391117,-0.00015218057487391117,3.648288608899367e-06
0.0,-0.0037017126347429485,0.00015844765342058325,-0.00015844765342058325,-2.6187899377727063e-06
0.0,0.008401207191663262,0.0001498853991922068,-0.0001498853991922068,5.943464290603753e-06
0.0,0.014517207887505545,0.0001455586124688514,-0.0001455586124688514,1.027025101395913e-05
0.0,-0.01811572566845976,0.00016864489886350063,-0.00016864489886350063,-1.2816035380690088e-05
0.0,-0.01896945434456343,0.00016924887229071496,-0.00016924887229071496,-1.3420008807904423e-05
0.0,-0.0038405967262932217,0.0001585459074714393,-0.0001585459074714393,-2.7170439886287677e-06
0.0,0.01576672117072042,0.0001446746397956394,-0.0001446746397956394,1.1154223687171156e-05
0.0,0.0008812077558950637,0.00015520544988161254,-0.00015520544988161254,6.234136011980058e-07
0.0,-0.021173138152195015,0.0001708078763385424,-0.0001708078763385424,-1.4979012855731863e-05
0.0,-0.0071661613961429005,0.0001608985901764866,-0.0001608985901764866,-5.069726693676053e-06
0.0,-0.010142945264832837,0.00016300452664737384,-0.00016300452664737384,-7.1756631645633036e-06
0.0,-0.018412122845487655,0.0001688545861140721,-0.0001688545861140721,-1.302572263126155e-05
0.0,0.014956856067329216,0.00014524758178033274,-0.00014524758178033274,1.0581281702477787e-05
0.0,0.022372677655603468,0.00014000123208440644,-0.00014000123208440644,1.582763139840409e-05
0.0,-0.002442603440647617,0.0001575568920856524,-0.0001575568920856524,-1.7280286028418745e-06
0.0,-0.015473503680411893,0.00016677564940023373,-0.00016677564940023373,-1.094678591742319e-05
0.0,0.018642691757321028,0.00014264002404431624,-0.00014264002404431624,1.318883943849431e-05
0.0,-0.005254666430088317,0.00015954629617715658,-0.00015954629617715658,-3.717432694346055e-06
0.0,-0.007934042550334475,0.00016144183046508392,-0.00016144183046508392,-5.6129669822733945e-06
0.0,-0.029518158313449172,0.0001767115909120861,-0.0001767115909120861,-2.0882727429275555e-05
0.0,-0.00723375351819977,0.00016094640846671632,-0.00016094640846671632,-5.117544983905792e-06
0.0,0.02569824789143582,0.00013764854544168466,-0.00013764854544168466,1.8180318041125867e-05
0.0,-0.004291813651667864,0.00015886512251067096,-0.00015886512251067096,-3.0362590278604412e-06
0.0,-0.012961545123475138,0.00016499855527054184,-0.00016499855527054184,-9.169691787731293e-06
0.0,-0.007421002465963666,0.0001610788784093208,-0.0001610788784093208,-5.250014926510257e-06
0.0,0.021408574170870942,0.00014068329056757785,-0.00014068329056757785,1.51455729152327e-05
0.0,0.02238376135718223,0.00013999339087979878,-0.00013999339087979878,1.5835472603011738e-05
0.0,0.01234781757145198,0.00014709335546252982,-0.00014709335546252982,8.735508020280708e-06
0.0,0.011662294827948783,0.00014757833099681388,-0.00014757833099681388,8.25053248599665e-06
0.0,-0.00043466036210393355,0.00015613636552171622,-0.00015613636552171622,-3.0750203890569316e-07
0.0,0.0113041136006502,0.0001478317275963081,-0.0001478317275963081,7.997135886502442e-06
0.0,-0.012272698789159042,0.00016451122844996494,-0.00016451122844996494,-8.682364967154396e-06
0.0,0.01434391292056647,0.00014568121061745627,-0.00014568121061745627,1.014765286535427e-05
0.0,0.005066170567449069,0.00015224478286548915,-0.00015224478286548915,3.584080617321381e-06
0.0,0.007144955276586762,0.00015077413913480324,-0.00015077413913480324,5.0547243480072945e-06
0.0,0.012256547427530462,0.00014715792485462079,-0.00014715792485462079,8.67093862818976e-06
0.0,-0.0062937001746978805,0.00016028136434259206,-0.00016028136434259206,-4.45250085978153e-06
0.0,-0.015652540713177343,0.00016690230979399153,-0.00016690230979399153,-1.1073446311181011e-05
0.0,0.0034102225843584133,0.00015341628923118896,-0.00015341628923118896,2.412574251621561e-06
0.0,0.008090938687879357,0.00015010489976285913,-0.00015010489976285913,5.723963719951404e-06
0.0,-0.012551720801807331,0.00016470862357790715,-0.00016470862357790715,-8.87976009509662e-06
0.0,-0.009716916613271898,0.00016270313114318498,-0.00016270313114318498,-6.874267660374434e-06
0.0,0.004253385628492534,0.00015281979049837105,-0.00015281979049837105,3.009072984439478e-06
0.0,-0.002651026482054286,0.00015770434171707786,-0.00015770434171707786,-1.8754782342673218e-06
0.0,-0.01687729010355421,0.00016776876316201074,-0.00016776876316201074,-1.1939899679200195e-05
0.0,-0.003417447717741773,0.00015824654918107056,-0.00015824654918107056,-2.4176856982600228e-06
0.0,0.011174577597236057,0.00014792336830853853,-0.00014792336830853853,7.905495174272006e-06
0.0,-0.01214413784439794,0.00016442027754649095,-0.00016442027754649095,-8.591414063680413e-06
0.0,-0.0002048682840329885,0.00015597379828832702,-0.00015597379828832702,-1.4493480551647598e-07
0.0,0.016057604355527166,0.0001444688534387273,-0.0001444688534387273,1.1360010044083239e-05
0.0,-0.0006184750715809706,0.00015626640590007382,-0.00015626640590007382,-4.375424172632922e-07
0.0,-0.014752948498371943,0.00016626589004111285,-0.00016626589004111285,-1.0437026558302317e-05
0.0,-0.027740054250753654,0.0001754536647878387,-0.0001754536647878387,-1.9624801305028164e-05
0.0,0.005697936985382235,0.00015179783743737087,-0.00015179783743737087,4.031026045439674e-06
0.0,-0.028146308431003852,0.0001757410707710671,-0.0001757410707710671,-1.9912207288256572e-05
0.0,0.0020980468517017847,0.00015434459267998148,-0.00015434459267998148,1.4842708028290459e-06
0.0,0.02474690007293945,0.00013832157988282877,-0.00013832157988282877,1.7507283599981756e-05
0.0,-0.036284507106413955,0.00018149846873943726,-0.00018149846873943726,-2.5669605256626717e-05
0.0,0.005675242812353654,0.00015181389251182897,-0.00015181389251182897,4.014970970981565e-06
0.0,0.004837126381486367,0.00015240682099991235,-0.00015240682099991235,3.4220424828982007e-06
0.0,0.02986242108440229,0.0001347025861161195,-0.0001347025861161195,2.1126277366691044e-05
0.0,-0.035649708609806985,0.000181049378256339,-0.000181049378256339,-2.5220514773528473e-05
0.0,-0.0056742248424840325,0.0001598431142873409,-0.0001598431142873409,-4.014250804530367e-06
0.0,-0.03203710063235676,0.0001784936257293412,-0.0001784936257293412,-2.2664762246530653e-05
0.0,0.0024578974498534745,0.00015409001507806384,-0.00015409001507806384,1.7388484047466983e-06
0.0,-0.01646320750393837,0.00016747581893530254,-0.00016747581893530254,-1.1646955452492001e-05
0.0,-0.0012959645058717717,0.00015674569824081797,-0.00015674569824081797,-9.168347580074234e-07
0.0,0.02386969542307149,0.0001389421614722479,-0.0001389421614722479,1.688670201056263e-05
0.0,-0.003946400929555671,0.00015862075903616565,-0.00015862075903616565,-2.7918955533551048e-06
0.0,0.020169632234863677,0.0001415597845031277,-0.0001415597845031277,1.4269078979682849e-05
0.0,-0.04039526078745259,0.0001844066362388611,-0.0001844066362388611,-2.8577772756050573e-05
0.0,-0.005833781800992588,0.0001599559934323945,-0.0001599559934323945,-4.127129949583947e-06
0.0,0.00014614176965843662,0.00015572547496143322,-0.00015572547496143322,1.0338852137731825e-07
0.0,0.018555039930923556,0.00014270203364464087,-0.00014270203364464087,1.3126829838169664e-05
0.0,-0.008120797617175213,0.00016157395100985025,-0.00016157395100985025,-5.74508752703971e-06
0.0,0.009450764734207695,0.0001491428859280134,-0.0001491428859280134,6.685977554797118e-06
0.0,0.019883256167224195,0.00014176238228376424,-0.00014176238228376424,1.40664811990463e-05
0.0,0.02474226295510973,0.00013832486042854127,-0.00013832486042854127,1.7504003054269278e-05
0.0,-0.006274368617659065,0.00016026768816292876,-0.00016026768816292876,-4.43882468011821e-06
0.0,-0.007482768681131846,0.00016112257514073601,-0.00016112257514073601,-5.293711657925489e-06
0.0,0.018431018038486124,0.00014278977337919789,-0.00014278977337919789,1.3039090103612654e-05
0.0,-0.016347313992415624,0.0001673938296531037,-0.0001673938296531037,-1.1564966170293171e-05
0.0,0.003137400778913113,0.00015360929800021104,-0.00015360929800021104,2.2195654825995035e-06
0.0,0.009523393173235029,0.00014909150467720108,-0.00014909150467720108,6.737358805609454e-06
0.0,-0.010793945785935621,0.00016346507931106464,-0.00016346507931106464,-7.636215828254106e-06
0.0,-0.02379869397635359,0.0001726653352641309,-0.0001726653352641309,-1.6836471781320363e-05
0.0,-0.029110303335524668,0.0001764230524387766,-0.0001764230524387766,-2.0594188955966057e-05
0.0,-0.038768430665237275,0.00018325572940872603,-0.00018325572940872603,-2.7426865925915483e-05
0.0,-0.0037736797459957394,0.00015849856681267923,-0.00015849856681267923,-2.6697033298687044e-06
0.0,0.014592504858983224,0.00014550534335514448,-0.00014550534335514448,1.032352012766606e-05
0.0,-0.03251195148816344,0.00017882956067779123,-0.00017882956067779123,-2.3000697194980706e-05
0.0,0.002200865698254617,0.00015427185311661323,-0.00015427185311661323,1.5570103661973004e-06
0.0,0.024477242280086964,0.00013851235025974463,-0.00013851235025974463,1.7316513223065905e-05
0.0,-0.0013015723144006452,0.00015674966550516218,-0.00015674966550516218,-9.20802022351645e-07
0.0,0.009532217409177868,0.00014908526193969663,-0.00014908526193969663,6.743601543113913e-06
0.0,0.03056329358583576,0.00013420675134029472,-0.00013420675134029472,2.162211214251583e-05
0.0,-0.0029730715337762392,0.0001579321736489905,-0.0001579321736489905,-2.103310166179969e-06
0.0,-0.020143036075892073,0.00017007912691402414,-0.00017007912691402414,-1.42502634312136e-05
0.0,-0.0007117454091590814,0.00015633239033637224,-0.00015633239033637224,-5.035268535617035e-07
0.0,-0.008759278267998716,0.00016202564644621285,-0.00016202564644621285,-6.196782963402308e-06
0.0,0.010553814029047315,0.00014836252973097062,-0.00014836252973097062,7.466333751839914e-06
0.0,0.0015841285142366157,0.00015470816605905988,-0.00015470816605905988,1.1206974237506563e-06
0.0,0.0035731642904301975,0.00015330101553427924,-0.00015330101553427924,2.5278479485312993e-06
0.0,0.014964587965241805,0.00014524211182130261,-0.00014524211182130261,1.0586751661507922e-05
0.0,-0.000830271529819071,0.0001564162420673884,-0.0001564162420673884,-5.87378584577871e-07
0.0,-0.011527461422777274,0.0001639840075906212,-0.0001639840075906212,-8.155144107810644e-06
0.0,-0.009243878717321574,0.00016236847877971593,-0.00016236847877971593,-6.539615296905408e-06
0.0,-0.0044569025122100925,0.00015898191521974533,-0.00015898191521974533,-3.153051736934783e-06
0.0,-0.00299863390215227,0.00015795025783857898,-0.00015795025783857898,-2.121394355768456e-06
0.0,0.01920124935943668,0.00014224487045666113,-0.00014224487045666113,1.3583993026149416e-05
0.0,-0.008363571580831342,0.0001617457023249601,-0.0001617457023249601,-5.916838842149565e-06
0.0,0.02762829164595959,0.0001362831290351356,-0.0001362831290351356,1.9545734447674908e-05
0.0,0.005895806193263242,0.0001516578541534902,-0.0001516578541534902,4.171009329320332e-06
0.0,0.00986137270919718,0.00014885239983701345,-0.00014885239983701345,6.976463645797091e-06
0.0,-0.00933246697634671,0.00016243115086267624,-0.00016243115086267624,-6.6022873798657155e-06
0.0,0.0013151670479691902,0.00015489844381722483,-0.00015489844381722483,9.304196655857148e-07
0.0,-0.01154320266205866,0.00016399514378705394,-0.00016399514378705394,-8.166280304243415e-06
0.0,0.026156273782937722,0.00013732451337483898,-0.00013732451337483898,1.8504350107971556e-05
0.0,0.012133338697180918,0.00014724508931472953,-0.00014724508931472953,8.583774168081001e-06
0.0,0.014207760082581844,0.00014577753243313877,-0.00014577753243313877,1.0051331049671758e-05
0.0,-0.0028230841271976725,0.00015782606451792127,-0.00015782606451792127,-1.997201035110736e-06
0.0,-0.006662395550704803,0.0001605421992144641,-0.0001605421992144641,-4.713335731653561e-06
0.0,0.015638477163140152,0.0001447653664807631,-0.0001447653664807631,1.1063497002047426e-05
0.0,-0.0007773401640558397,0.00015637879558200963,-0.00015637879558200963,-5.499320991990991e-07
0.0,-0.0016257460597355333,0.00015697900338903928,-0.00015697900338903928,-1.1501399062287515e-06
0.0,-0.0012375507238541195,0.00015670437320031123,-0.00015670437320031123,-8.755097175006801e-07
0.0,-0.004248692893594086,0.00015883461657504192,-0.00015883461657504192,-3.0057530922313825e-06
0.0,0.021290637641290244,0.00014076672519026113,-0.00014076672519026113,1.5062138292549406e-05
0.0,-0.0007054739583503,0.00015632795357590652,-0.00015632795357590652,-4.990900930959863e-07
0.0,0.017322368774566943,0.00014357409129453825,-0.00014357409129453825,1.2254772188272292e-05
0.0,0.0039695418998517695,0.00015302059676666096,-0.00015302059676666096,2.8082667161495736e-06
0.0,0.0018756797165810912,0.0001545019071107344,-0.0001545019071107344,1.3269563720761428e-06
0.0,-0.007237794954094601,0.0001609492675950982,-0.0001609492675950982,-5.120404112287667e-06
0.0,0.002269561170191503,0.00015422325425753637,-0.00015422325425753637,1.6056092252741497e-06
0.0,-0.012900001139847905,0.00016495501575763076,-0.00016495501575763076,-9.126152274820227e-06
0.0,-0.0214000649197158,0.00017096841649766147,-0.00017096841649766147,-1.5139553014850938e-05
0.0,-0.0022378626777133093,0.00015741204749539656,-0.00015741204749539656,-1.5831840125860172e-06
0.0,0.0029161604463010526,0.00015376581527047024,-0.00015376581527047024,2.063048212340305e-06
0.0,0.014091605518061545,0.0001458597063982211,-0.0001458597063982211,9.969157084589443e-06
0.0,-0.03368805871951874,0.00017966160197519166,-0.00017966160197519166,-2.383273849238111e-05
0.0,-0.006666355799502699,0.00016054500090674178,-0.00016054500090674178,-4.716137423931256e-06
0.0,-0.011028155571448206,0.00016363077186749692,-0.00016363077186749692,-7.801908384686394e-06
0.0,-0.007817025105971265,0.0001613590460525485,-0.0001613590460525485,-5.530182569737943e-06
0.0,0.0029962320243361873,0.00015370916834415513,-0.00015370916834415513,2.1196951386554143e-06
0.0,-0.010736500458081055,0.00016342443940694414,-0.00016342443940694414,-7.595575924133607e-06
0.0,-0.004095056983834944,0.00015872592629725493,-0.00015872592629725493,-2.897062814444399e-06
0.0,0.018341016392734,0.0001428534453676895,-0.0001428534453676895,1.2975418115121031e-05
0.0,0.006610721877456038,0.00015115208447743592,-0.00015115208447743592,4.676779005374614e-06
0.0,0.015271449816332883,0.00014502502129936927,-0.00014502502129936927,1.0803842183441271e-05
0.0,0.0105842727693497,0.00014834098158542512,-0.00014834098158542512,7.487881897385431e-06
0.0,-0.0432366134006168,0.0001864167613801757,-0.0001864167613801757,-3.058789789736515e-05
0.0,0.0033870120853238816,0.0001534327095823399,-0.0001534327095823399,2.396153900470631e-06
0.0,-0.011317739184353415,0.00016383563883758595,-0.00016383563883758595,-8.006775354775412e-06
0.0,-0.007182134089448455,0.0001609098901159025,-0.0001609098901159025,-5.081026633091965e-06
0.0,0.006857100716286535,0.00015097778288039848,-0.00015097778288039848,4.85108060241207e-06
0.0,-0.011272103097361819,0.00016380335342345325,-0.00016380335342345325,-7.974489940642715e-06
0.0,-0.017116493600784488,0.00016793798853778608,-0.00016793798853778608,-1.2109125054975534e-05
0.0,-0.00842758097968943,0.00016179098600475715,-0.00016179098600475715,-5.962122521946629e-06
0.0,-0.017232619015461026,0.0001680201418807064,-0.0001680201418807064,-1.2191278397895876e-05
0.0,-0.010340526208282075,0.00016314430599754384,-0.00016314430599754384,-7.315442514733318e-06
0.0,-0.0021203598092424114,0.00015732891966782752,-0.00015732891966782752,-1.5000561850169858e-06
0.0,0.019672139926234733,0.00014191173722893598,-0.00014191173722893598,1.3917126253874552e-05
0.0,-0.021126437880238824,0.0001707748380629231,-0.0001707748380629231,-1.4945974580112553e-05
0.0,-0.015066695771983274,0.00016648785168001085,-0.00016648785168001085,-1.0658988197200317e-05
0.0,0.025883894952576147,0.00013751720875954237,-0.00013751720875954237,1.8311654723268166e-05
0.0,0.030583700679551518,0.00013419231426833498,-0.00013419231426833498,2.163654921447556e-05
0.0,-0.002017948757084831,0.00015725646860007315,-0.00015725646860007315,-1.4276051172626106e-06
0.0,-0.010245080846639998,0.0001630767828326365,-0.0001630767828326365,-7.247919349825974e-06
0.0,-0.028003617786773516,0.00017564012376080555,-0.00017564012376080555,-1.981126027799502e-05
0.0,-0.00749246363390188,0.0001611294338699964,-0.0001611294338699964,-5.300570387185847e-06
0.0,-0.006519175777754405,0.0001604408778701835,-0.0001604408778701835,-4.612014387372972e-06
0.0,-0.0032907731480149582,0.00015815693280040968,-0.00015815693280040968,-2.328069317599155e-06
0.0,0.02596564246086497,0.00013745937619033224,-0.00013745937619033224,1.8369487292478287e-05
0.0,-0.02366266361565439,0.00017256910009544514,-0.00017256910009544514,-1.6740236612634612e-05
0.0,0.026480052302171098,0.00013709545509509106,-0.00013709545509509106,1.873340838771946e-05
0.0,0.011427569666488724,0.0001477443881578167,-0.0001477443881578167,8.084475324993831e-06
0.0,-0.0066720972934503076,0.00016054906274731706,-0.00016054906274731706,-4.720199264506524e-06
0.0,-0.007950909706564868,0.00016145376319551806,-0.00016145376319551806,-5.624899712707522e-06
0.0,0.02372481982226482,0.00013904465423791006,-0.00013904465423791006,1.6784209244900494e-05
0.0,0.011881976654619875,0.00014742291629719667,-0.00014742291629719667,8.405947185613854e-06
0.0,0.016266654579669915,0.00014432096010461598,-0.00014432096010461598,1.1507903378194565e-05
0.0,-0.007387716072364547,0.00016105532983026473,-0.00016105532983026473,-5.226466347454182e-06
0.0,-0.006082610618211248,0.00016013202827546796,-0.00016013202827546796,-4.303164792657432e-06
0.0,0.024626377895927698,0.0001384068437311012,-0.0001384068437311012,1.7422019751709332e-05
0.0,-0.00745440410765752,0.00016110250852105663,-0.00016110250852105663,-5.2736450382460985e-06
0.0,-0.004101230608784645,0.00015873029385046425,-0.00015873029385046425,-2.9014303676537214e-06
0.0,-0.02500198485734284,0.00017351660773238587,-0.00017351660773238587,-1.7687744249575348e-05
0.0,-0.010585992315429671,0.0001633179618792644,-0.0001633179618792644,-7.489098396453862e-06
0.0,0.013618724670070526,0.00014619424765754558,-0.00014619424765754558,9.634615825264946e-06
0.0,0.009613981920559844,0.000149027417341587,-0.000149027417341587,6.8014461412235364e-06
0.0,0.005597892802462701,0.00015186861405495683,-0.00015186861405495683,3.9602494278537e-06
0.0,-0.02077788695478977,0.00017052825445516265,-0.00017052825445516265,-1.4699390972352107e-05
0.0,0.05543448436034493,0.000116611537835767,-0.000116611537835767,3.921732564704354e-05
0.0,0.009240746788147902,0.0001492914638804809,-0.0001492914638804809,6.537399602329647e-06
0.0,-0.008935777048800997,0.000162150511144476,-0.000162150511144476,-6.321647661665485e-06
0.0,0.008713116550319144,0.00014966473779286457,-0.00014966473779286457,6.164125689945974e-06
0.0,-0.008252046497990273,0.0001616668035033681,-0.0001616668035033681,-5.837940020557559e-06
0.0,-0.0030893228355314273,0.0001580144160511781,-0.0001580144160511781,-2.185552568367573e-06
0.0,0.00475858190881473,0.0001524623875700371,-0.0001524623875700371,3.3664759127734425e-06
0.0,-0.003883688698329779,0.00015857639304228265,-0.00015857639304228265,-2.7475295594721016e-06
0.0,0.013579987927526016,0.00014622165210559634,-0.00014622165210559634,9.607211377214187e-06
0.0,0.0059146891478476515,0.0001516444953392492,-0.0001516444953392492,4.184368143561325e-06
0.0,-0.0002830441976333642,0.00015602910412000918,-0.00015602910412000918,-2.002406371986451e-07
0.0,-0.015444192913123267,0.00016675491339233203,-0.00016675491339233203,-1.092604990952149e-05
0.0,-0.0015918653377758885,0.00015695503435024367,-0.00015695503435024367,-1.126170867433131e-06
0.0,0.030947872397389053,0.00013393467967473,-0.00013393467967473,2.189418380808052e-05
0.0,-0.0008676332180498347,0.00015644267372831168,-0.00015644267372831168,-6.13810245501145e-07
0.0,-0.001194660488065602,0.00015667403034850326,-0.00015667403034850326,-8.451668656927175e-07
0.0,-0.017894212283564803,0.0001684881884214203,-0.0001684881884214203,-1.2659324938609765e-05
0.0,-0.014399194981406072,0.00016601562584124305,-0.00016601562584124305,-1.0186762358432503e-05
0.0,-0.0018623708845491027,0.00015714640447372452,-0.00015714640447372452,-1.3175409909139855e-06
0.0,0.00752178195750397,0.0001505075517419818,-0.0001505075517419818,5.321311740828725e-06
0.0,-0.007349578247904498,0.00016102834908897023,-0.00016102834908897023,-5.199485606159699e-06
0.0,0.014279296218109305,0.00014572692393637212,-0.00014572692393637212,1.0101939546438409e-05
0.0,0.0072896644387934195,0.00015067176411672823,-0.00015067176411672823,5.157099366082308e-06
0.0,-0.006052724634100337,0.00016011088532835328,-0.00016011088532835328,-4.2820218455427586e-06
0.0,-0.024921675023714007,0.00017345979225129278,-0.00017345979225129278,-1.7630928768482233e-05
0.0,-0.011137750774080746,0.0001637083053883836,-0.0001637083053883836,-7.879441905573054e-06
0.0,-0.009007516001852345,0.00016220126312523054,-0.00016220126312523054,-6.372399642419999e-06
0.0,0.0010373383615349674,0.0001550949947222383,-0.0001550949947222383,7.338687605722372e-07
0.0,0.014867993802734736,0.00014531044770952012,-0.00014531044770952012,1.0518415773290423e-05
0.0,-0.01445169956861636,0.0001660527704005972,-0.0001660527704005972,-1.0223906917786651e-05
0.0,0.005868102525282026,0.00015167745321319778,-0.00015167745321319778,4.1514102696127585e-06
0.0,-0.004049622110409712,0.00015869378323238458,-0.00015869378323238458,-2.864919749574039e-06
0.0,-0.012020638322615351,0.00016433290736493538,-0.00016433290736493538,-8.50404388212486e-06
0.0,0.01746133164481911,0.00014347578151140575,-0.00014347578151140575,1.2353081971404785e-05
0.0,-0.0025407424823445934,0.0001576263209042178,-0.0001576263209042178,-1.7974574214072422e-06
0.0,-0.004000548879248611,0.00015865906619822788,-0.00015865906619822788,-2.830202715417332e-06
0.0,0.007538970575044379,0.00015049539159258594,-0.00015049539159258594,5.3334718902245935e-06
0.0,-0.011645528874622113,0.00016406753483473184,-0.00016406753483473184,-8.238671351921314e-06
0.0,0.02284078102943865,0.00013967007066638292,-0.00013967007066638292,1.6158792816427604e-05
0.0,-0.0007676325452631305,0.0001563719278921259,-0.0001563719278921259,-5.430644093153744e-07
0.0,0.006978233159061986,0.0001508920872974132,-0.0001508920872974132,4.936776185397325e-06
0.0,0.012849424614881588,0.0001467384917527647,-0.0001467384917527647,9.09037173004585e-06
0.0,0.0034159058663651987,0.00015341226857286093,-0.00015341226857286093,2.4165949099496022e-06
0.0,0.003996858363534361,0.00015300127163602923,-0.00015300127163602923,2.827591846781296e-06
0.0,-0.0020304911890052235,0.00015726534178871562,-0.00015726534178871562,-1.43647830590509e-06
0.0,-0.015562598500411085,0.00016683867985157986,-0.00016683867985157986,-1.1009816368769329e-05
0.0,-0.007638350296294338,0.00016123264191481943,-0.00016123264191481943,-5.403778432008899e-06
0.0,0.018918401045981525,0.00014244497251489227,-0.00014244497251489227,1.3383890967918262e-05
0.0,0.01188134498366522,0.00014742336317508895,-0.00014742336317508895,8.405500307721575e-06
0.0,-0.0007115031258156934,0.0001563322189321482,-0.0001563322189321482,-5.033554493376697e-07
0.0,-0.0001817250594663422,0.00015595742553074071,-0.00015595742553074071,-1.2856204793018752e-07
0.0,0.011007853469181317,0.00014804131789350515,-0.00014804131789350515,7.78754558930537e-06
0.0,0.002494840970949097,0.00015406387925098665,-0.00015406387925098665,1.7649842318238936e-06
0.0,-0.012968740984683369,0.00016500364600847454,-0.00016500364600847454,-9.174782525664015e-06
0.0,0.014642470285510134,0.00014546999513416237,-0.00014546999513416237,1.035886834864818e-05
0.0,0.010452303944590291,0.00014843434340587976,-0.00014843434340587976,7.394520076930767e-06
0.0,0.014699373244309921,0.00014542973893098338,-0.00014542973893098338,1.039912455182715e-05
0.0,-0.010354610691310495,0.0001631542701157975,-0.0001631542701157975,-7.325406632986955e-06
0.0,-0.006140463017754394,0.00016017295616392092,-0.00016017295616392092,-4.3440926811103714e-06
0.0,0.01287251059802652,0.00014672215949082838,-0.00014672215949082838,9.10670399198215e-06
0.0,-0.011080724476164705,0.00016366796192850253,-0.00016366796192850253,-7.839098445691996e-06
0.0,-0.00882979617773516,0.0001620755345954758,-0.0001620755345954758,-6.246671112665248e-06
0.0,0.0021952617756952897,0.0001542758176318143,-0.0001542758176318143,1.5530458509962324e-06
0.0,0.011448609342766147,0.00014772950356304503,-0.00014772950356304503,8.0993599197655e-06
0.0,-0.0002804145319874607,0.0001560272437535754,-0.0001560272437535754,-1.9838027076485874e-07
0.0,0.002773175690496066,0.00015386697035102472,-0.00015386697035102472,1.961893131785818e-06
0.0,-0.013788741489130674,0.00016558375831915483,-0.00016558375831915483,-9.754894836344302e-06
0.0,-0.002767405825327751,0.0001577866747026988,-0.0001577866747026988,-1.9578112198882625e-06
0.0,-0.020041234255327334,0.00017000710684935468,-0.00017000710684935468,-1.4178243366544155e-05
0.0,-0.0015735561458868341,0.0001569420814464883,-0.0001569420814464883,-1.1132179636777765e-06
0.0,0.005329429416074394,0.0001520585394447171,-0.0001520585394447171,3.7703240380934268e-06
0.0,-0.010537551485558128,0.00016328369223967803,-0.00016328369223967803,-7.45482875686749e-06
0.0,0.0030730045671669703,0.00015365485533217914,-0.00015365485533217914,2.1740081506314076e-06
0.0,-0.0030360018281855305,0.0001579766939124581,-0.0001579766939124581,-2.147830429647576e-06
0.0,-0.004725264845680033,0.00015917176911925447,-0.00015917176911925447,-3.342905636443945e-06
0.0,0.0075821940867943916,0.0001504648129634985,-0.0001504648129634985,5.364050519312043e-06
0.0,0.0161477371607488,0.0001444050886609965,-0.0001444050886609965,1.1423774821814028e-05
0.0,0.0006871667698291617,0.00015534272487618007,-0.00015534272487618007,4.861386066304806e-07
0.0,-0.015326919115337678,0.00016667194762164447,-0.00016667194762164447,-1.084308413883394e-05
0.0,0.0014147940136839399,0.00015482796236145326,-0.00015482796236145326,1.0009011213572622e-06
0.0,-0.01845935787384867,0.0001688880027050363,-0.0001688880027050363,-1.3059139222225753e-05
0.0,-0.01447813845705137,0.0001660714746874588,-0.0001660714746874588,-1.0242611204648267e-05
0.0,-0.001509761003189447,0.00015689694934298393,-0.00015689694934298393,-1.068085860173396e-06
0.0,0.016476655480623936,0.00014417239421076999,-0.00014417239421076999,1.165646927204056e-05
0.0,-0.00698088356543769,0.00016076751470774566,-0.00016076751470774566,-4.938651224935121e-06
0.0,0.017562006217166637,0.00014340455892254816,-0.00014340455892254816,1.2424304560262384e-05
0.0,-0.011019457310067593,0.0001636246182511503,-0.0001636246182511503,-7.795754768339768e-06
0.0,0.008918403718310097,0.0001495195066463831,-0.0001495195066463831,6.309356836427418e-06
0.0,0.012982193897784988,0.00014664456364531263,-0.00014664456364531263,9.184299837497892e-06
0.0,-0.01646322377571363,0.00016747583044682856,-0.00016747583044682856,-1.1646966964018024e-05
0.0,0.0029845287333754023,0.00015371744787950298,-0.00015371744787950298,2.1114156033075663e-06
0.0,0.005639807253104534,0.00015183896152586588,-0.00015183896152586588,3.989901956944664e-06
0.0,0.0016469543057482383,0.00015466371972654367,-0.00015466371972654367,1.1651437562668668e-06
0.0,-0.0015738434957162095,0.0001569422847331602,-0.0001569422847331602,-1.1134212503496607e-06
0.0,0.014237268879836451,0.0001457566563282243,-0.0001457566563282243,1.0072207154586234e-05
0.0,0.005715269388667954,0.00015178557556623154,-0.00015178557556623154,4.043287916579008e-06
0.0,0.014436542471763847,0.00014561567950779116,-0.00014561567950779116,1.0213183975019388e-05
0.0,0.0036988464765423945,0.00015321210121898129,-0.00015321210121898129,2.616762263829238e-06
0.0,-0.005796972083329965,0.00015992995226503796,-0.00015992995226503796,-4.101088782227415e-06
0.0,-0.002492370531228194,0.00015759209999315486,-0.00015759209999315486,-1.763236510344313e-06
0.0,0.0035791630944272956,0.00015329677165878258,-0.00015329677165878258,2.5320918240279617e-06
0.0,0.0009963029974375814,0.00015512402533838674,-0.00015512402533838674,7.048381444237916e-07
0.0,-4.1352477946232646e-05,0.00015585811844229366,-0.00015585811844229366,-2.9254959483120934e-08
0.0,-0.004134884052006904,0.00015875410210009841,-0.00015875410210009841,-2.925238617287874e-06
0.0,0.01326268999363811,0.0001464461256718972,-0.0001464461256718972,9.382737810913323e-06
0.0,-0.0020693734728036706,0.00015729284920045075,-0.00015729284920045075,-1.463985717640217e-06
0.0,0.00330615690296554,0.00015348991087235617,-0.00015348991087235617,2.3389526104543665e-06
0.0,0.0008552202959737354,0.000155223834803746,-0.000155223834803746,6.050286790645318e-07
0.0,-8.42619976980652e-05,0.00015588847493661092,-0.00015588847493661092,-5.961145380039564e-08
0.0,-0.00595254815297297,0.00016004001511592361,-0.00016004001511592361,-4.211151633113088e-06
0.0,0.0009031888869577287,0.00015518989925126172,-0.00015518989925126172,6.389642315488049e-07
0.0,0.0008515791660903549,0.0001552264107341981,-0.0001552264107341981,6.024527486124419e-07
0.0,-0.015810858882773227,0.00016701431255336649,-0.00016701431255336649,-1.1185449070555953e-05
0.0,-0.003841187197329843,0.00015854632520230115,-0.00015854632520230115,-2.717461719490622e-06
0.0,0.01956614972249704,0.00014198672038036854,-0.00014198672038036854,1.3842143102441991e-05
0.0,0.008253202753460531,0.00014999010546515548,-0.00014999010546515548,5.838758017655062e-06
0.0,-0.0003861064902076494,0.00015610201591014227,-0.00015610201591014227,-2.731524273317187e-07
0.0,-0.011586262936400304,0.00016402560693324885,-0.00016402560693324885,-8.1967434504383e-06
0.0,-0.006998305064656485,0.00016077983961012378,-0.00016077983961012378,-4.950976127313251e-06
0.0,-0.007218732334382416,0.00016093578167611537,-0.00016093578167611537,-5.106918193304838e-06
0.0,0.018474751389515376,0.0001427588340624758,-0.0001427588340624758,1.3070029420334748e-05
0.0,0.0004521286642489297,0.00015550900343062798,-0.00015550900343062798,3.198600521825574e-07
0.0,-0.004579421277258522,0.00015906859156141642,-0.00015906859156141642,-3.2397280786058717e-06
0.0,0.004483965263404999,0.00015265666610505738,-0.00015265666610505738,3.172197377753168e-06
0.0,-0.0016966239932159066,0.00015702914623839673,-0.00015702914623839673,-1.2002827555862124e-06
0.0,-0.0015833068345566526,0.00015694897960631175,-0.00015694897960631175,-1.1201161235012085e-06
0.0,0.0029581644391338813,0.0001537360993944337,-0.0001537360993944337,2.092764088376838e-06
0.0,-0.006377683373153031,0.00016034077855886378,-0.00016034077855886378,-4.511915076053234e-06
0.0,0.011890829058788244,0.0001474166536319796,-0.0001474166536319796,8.412209850830931e-06
0.0,0.009445048649426635,0.00014914692979278228,-0.00014914692979278228,6.681933690028254e-06
0.0,-0.0014458676054706077,0.0001568517477286107,-0.0001568517477286107,-1.0228842458001547e-06
0.0,0.0001550346964389604,0.0001557191836283482,-0.0001557191836283482,1.0967985446233561e-07
0.0,-0.011222026747550129,0.00016376792672939374,-0.00016376792672939374,-7.939063246583212e-06
0.0,-0.007318600335353365,0.0001610064336531472,-0.0001610064336531472,-5.177570170336642e-06
0.0,0.008757581265902425,0.00014963328106965419,-0.00014963328106965419,6.19558241315634e-06
0.0,0.01304908677799732,0.00014659724003624464,-0.00014659724003624464,9.231623446565903e-06
0.0,1.660326849850513e-05,0.0001558171174407029,-0.0001558171174407029,1.174604210762652e-08
0.0,-0.006108624209833935,0.0001601504316845677,-0.0001601504316845677,-4.321568201757164e-06
0.0,0.009854453563032717,0.00014885729481189166,-0.00014885729481189166,6.971568670918866e-06
0.0,0.014534424705965554,0.00014554643236861338,-0.00014554643236861338,1.0282431114197155e-05
0.0,-0.0020035816359177394,0.0001572463045284502,-0.0001572463045284502,-1.4174410456396514e-06
0.0,0.0023538963079141606,0.00015416359106056211,-0.00015416359106056211,1.6652724222484084e-06
0.0,-0.0038120096998572883,0.0001585256834766109,-0.0001585256834766109,-2.6968199938003675e-06
0.0,0.0061886426142414575,0.00015145068597261267,-0.00015145068597261267,4.378177510197877e-06
0.0,0.001148059539441082,0.00015501666462608836,-0.00015501666462608836,8.121988567221804e-07
0.0,0.009321148810237156,0.00014923458318032937,-0.00014923458318032937,6.594280302481169e-06
0.0,0.006932489951473775,0.00015092444849439785,-0.00015092444849439785,4.904414988412683e-06
0.0,0.0008194255259321714,0.00015524915794275197,-0.00015524915794275197,5.79705540058566e-07
0.0,0.01217813742034668,0.0001472133962966518,-0.0001472133962966518,8.615467186158757e-06
0.0,-0.0036716195284263176,0.00015842636394411804,-0.00015842636394411804,-2.5975004613074996e-06
0.0,-0.0047351076976228645,0.0001591787324803174,-0.0001591787324803174,-3.3498689975068615e-06
0.0,-0.005245281583003636,0.0001595396568332804,-0.0001595396568332804,-3.710793350469864e-06
0.0,0.003710798414438443,0.0001532036457774634,-0.0001532036457774634,2.6252177053471154e-06
0.0,-0.007658808766684566,0.00016124711533339257,-0.00016124711533339257,-5.418251850582049e-06
0.0,-0.004486838293256468,0.00015900309339588137,-0.00015900309339588137,-3.1742299130708293e-06
0.0,0.011455854954693034,0.0001477243776287872,-0.0001477243776287872,8.104485854023347e-06
0.0,-0.00035407668843834283,0.00015607935631150268,-0.00015607935631150268,-2.504928286921449e-07
0.0,0.004473544672805918,0.0001526640381894138,-0.0001526640381894138,3.1648252933967565e-06
0.0,0.012269004495714109,0.00014714911205686136,-0.00014714911205686136,8.67975142594918e-06
0.0,0.0011706778016009611,0.00015500066325504775,-0.00015500066325504775,8.282002277627798e-07
0.0,-0.0019683184132291975,0.00015722135743453385,-0.00015722135743453385,-1.392493951723323e-06
0.0,-0.007922511336500904,0.0001614336726663196,-0.0001614336726663196,-5.604809183509051e-06
0.0,-0.0028651005386203243,0.0001578557891795339,-0.0001578557891795339,-2.026925696723374e-06
0.0,0.002405026057131332,0.00015412741913529865,-0.00015412741913529865,1.70144434751188e-06
0.0,0.0067422110558885695,0.000151059061984503,-0.000151059061984503,4.769801498307543e-06
0.0,0.007411233485312474,0.00015058575965685184,-0.00015058575965685184,5.2431038259587105e-06
0.0,0.008470153458069118,0.00014983662290767944,-0.00014983662290767944,5.992240575131088e-06
0.0,-0.0010244071333035398,0.00015655358399938954,-0.00015655358399938954,-7.247205165789927e-07
0.0,0.0038553825145495324,0.0001531013592350184,-0.0001531013592350184,2.7275042477921194e-06
0.0,0.007117275205842377,0.0001507937215005606,-0.0001507937215005606,5.03514198224992e-06
0.0,0.002357910335732072,0.000154160751322123,-0.000154160751322123,1.6681121606875365e-06
0.0,-0.006756896218903741,0.0001606090540525921,-0.0001606090540525921,-4.780190569781578e-06
0.0,0.0003240945218980773,0.00015559958164583918,-0.00015559958164583918,2.2928183697135585e-07
0.0,0.004034153877153557,0.0001529748867905733,-0.0001529748867905733,2.8539766922372415e-06
0.0,0.002814673351556163,0.00015383761268122472,-0.00015383761268122472,1.991250801585821e-06
0.0,-0.00015543889679858758,0.0001559388292902733,-0.0001559388292902733,-1.0996580746276599e-07
0.0,-0.006424666064487883,0.00016037401663308984,-0.00016037401663308984,-4.545153150279311e-06
0.0,0.009877842794752345,0.00014884074801565884,-0.00014884074801565884,6.9881154671517e-06
0.0,0.0014687129405193122,0.00015478981722243663,-0.00015478981722243663,1.0390462603739166e-06
0.0,-0.002665087639215691,0.00015771428933336284,-0.00015771428933336284,-1.885425850552313e-06
0.0,-0.013839541336347905,0.00016561969685406007,-0.00016561969685406007,-9.790833371249541e-06
0.0,-0.0025479738404268204,0.00015763143675454188,-0.00015763143675454188,-1.8025732717313404e-06
0.0,-0.005300074155050516,0.00015957842003574898,-0.00015957842003574898,-3.7495565529384477e-06
0.0,0.00902409277936278,0.00014944473653942785,-0.00014944473653942785,6.38412694338269e-06
0.0,-0.004218283044793103,0.0001588131030179652,-0.0001588131030179652,-2.98423953515465e-06
0.0,-0.007038730380597102,0.0001608084386455062,-0.0001608084386455062,-4.9795751626956724e-06
0.0,0.00025071394456976925,0.00015565149499960189,-0.00015565149499960189,1.7736848320864016e-07
0.0,-0.0010696923700230787,0.00015658562120323343,-0.00015658562120323343,-7.567577204228881e-07
0.0,0.005750475751703066,0.00015176066869788184,-0.00015176066869788184,4.068194784928696e-06
0.0,-0.011550909428841738,0.000164000595966976,-0.000164000595966976,-8.171732484165448e-06
0.0,-0.007555395210577687,0.00016117395504060806,-0.00016117395504060806,-5.345091557797518e-06
0.0,-0.007712913029036983,0.0001612853915886884,-0.0001612853915886884,-5.456528105877852e-06
0.0,-0.00014870682600087726,0.00015593406666253716,-0.00015593406666253716,-1.0520317972663393e-07
0.0,0.006879188518795987,0.0001509621567849484,-0.0001509621567849484,4.866706697862151e-06
0.0,-0.002777466728829614,0.00015779379232512262,-0.00015779379232512262,-1.9649288423120815e-06
0.0,0.011044879965972587,0.0001480151233649732,-0.0001480151233649732,7.813740117837347e-06
0.0,-0.013457974663146133,0.00016534975613662252,-0.00016534975613662252,-9.520892653811978e-06
0.0,0.006717966037625089,0.00015107621421000899,-0.00015107621421000899,4.752649272801544e-06
0.0,0.006264619755036449,0.00015139693567067208,-0.00015139693567067208,4.431927812138449e-06
0.0,0.01450830719454621,0.0001455649092961476,-0.0001455649092961476,1.0263954186662937e-05
0.0,0.003833182103508026,0.00015311706499578014,-0.00015311706499578014,2.7117984870303976e-06
0.0,-0.0015969365120942491,0.0001569586219707826,-0.0001569586219707826,-1.1297584879720593e-06
0.0,0.0017991292600010311,0.0001545560630069923,-0.0001545560630069923,1.2728004758182237e-06
0.0,-0.004194177587506065,0.0001587960495253747,-0.0001587960495253747,-2.967186042564162e-06
0.0,-0.006971599351452862,0.00016076094655711847,-0.00016076094655711847,-4.932083074307922e-06
0.0,-0.0032112659361860363,0.00015810068513700013,-0.00015810068513700013,-2.2718216541895926e-06
0.0,0.0014266227216406246,0.0001548195940993999,-0.0001548195940993999,1.009269383410637e-06
0.0,0.006723453106275201,0.00015107233236352692,-0.00015107233236352692,4.756531119283606e-06
0.0,-0.005695885604828921,0.00015985843827168828,-0.00015985843827168828,-4.029574788877741e-06
0.0,0.0012416323054647016,0.00015495046623569675,-0.00015495046623569675,8.783972471137758e-07
0.0,0.00842991886716793,0.0001498650870139457,-0.0001498650870139457,5.9637764688648394e-06
0.0,-0.012159612938677844,0.0001644312254576837,-0.0001644312254576837,-8.602361974873178e-06
0.0,0.0007212876971294246,0.00015531858590325096,-0.00015531858590325096,5.102775795595901e-07
0.0,-0.002151010615372817,0.00015735060369103494,-0.00015735060369103494,-1.5217402082243955e-06
0.0,-0.0093947947580596,0.00016247524487636642,-0.00016247524487636642,-6.64638139355588e-06
0.0,-0.01640093410321941,0.0001674317633936424,-0.0001674317633936424,-1.1602899910831885e-05
0.0,-0.002295598477193961,0.00015745289289471526,-0.00015745289289471526,-1.624029411904728e-06
0.0,0.0040230650909416354,0.00015298273159232298,-0.00015298273159232298,2.8461318904875488e-06
0.0,-0.014734533990868215,0.00016625286263144653,-0.00016625286263144653,-1.0423999148635994e-05
0.0,0.00022931406074522265,0.00015566663442450032,-0.00015566663442450032,1.62229058310219e-07
0.0,0.005893173970516585,0.00015165971632895414,-0.00015165971632895414,4.169147153856406e-06
0.0,-0.002709582086142026,0.00015774576709011895,-0.00015774576709011895,-1.9169036073084207e-06
0.0,7.936755559079245e-05,0.00015577271461970972,-0.00015577271461970972,5.6148863100826926e-08
0.0,-0.013744071674259506,0.00016555215649771444,-0.00016555215649771444,-9.723293014903912e-06
0.0,0.008109754957160709,0.000150091588125376,-0.000150091588125376,5.737275357434536e-06
0.0,-0.001304030159777203,0.00015675140431672748,-0.00015675140431672748,-9.22540833916951e-07
0.0,0.011814893014644445,0.00014747037485994625,-0.00014747037485994625,8.358488622864284e-06
0.0,0.00630385429964031,0.00015136917905076124,-0.00015136917905076124,4.459684432049281e-06
0.0,0.005207990781392224,0.00015214445164426973,-0.00015214445164426973,3.684411838540799e-06
0.0,0.00429300817103373,0.00015279175938792182,-0.00015279175938792182,3.037104094888725e-06
0.0,-0.00624643434611849,0.00016024792596190242,-0.00016024792596190242,-4.4190624790918875e-06
0.0,-0.005018858888767519,0.00015937947328262234,-0.00015937947328262234,-3.5506097998118036e-06
0.0,0.01059436938392988,0.0001483338386990703,-0.0001483338386990703,7.495024783740244e-06
0.0,-9.824505308242415e-05,0.0001558983672995124,-0.0001558983672995124,-6.950381670187746e-08
0.0,-0.013399820506516447,0.0001653086147690317,-0.0001653086147690317,-9.479751286221174e-06
0.0,-0.008482848196321058,0.00016183008499624698,-0.00016183008499624698,-6.001221513436458e-06
0.0,-0.012585283719027562,0.00016473236778459508,-0.00016473236778459508,-8.903504301784545e-06
0.0,-0.0016855698941634634,0.00015702132597620298,-0.00015702132597620298,-1.1924624933924422e-06
0.0,0.007265792222727274,0.0001506886526019768,-0.0001506886526019768,5.140210880833723e-06
0.0,-0.014339628627712542,0.0001659734854097524,-0.0001659734854097524,-1.0144621926941861e-05
0.0,-0.011832519778109618,0.00016419982222298346,-0.00016419982222298346,-8.370958740172917e-06
0.0,-0.004800280229768528,0.0001592248390229486,-0.0001592248390229486,-3.3959755401380625e-06
0.0,0.012010022325859904,0.0001473323299258313,-0.0001473323299258313,8.496533556979233e-06
0.0,0.006474957307233353,0.00015124813161169164,-0.00015124813161169164,4.580731871118907e-06
0.0,0.010505999486313922,0.0001483963563014651,-0.0001483963563014651,7.432507181345441e-06
0.0,0.01885855702012762,0.000142487309386553,-0.000142487309386553,1.3341554096257531e-05
0.0,0.009393730253031363,0.00014918323517717144,-0.00014918323517717144,6.64562830563909e-06
0.0,0.0017529924220356374,0.00015458870267920523,-0.00015458870267920523,1.240160803605307e-06
0.0,0.0028401189192852616,0.00015381961112267463,-0.00015381961112267463,2.0092523601358962e-06
0.0,0.0010049156221052513,0.00015511793230604118,-0.00015511793230604118,7.109311767693652e-07
0.0,-0.008083839306732843,0.00016154780471999643,-0.00016154780471999643,-5.718941237185885e-06
0.0,0.015616441094852496,0.00014478095597665163,-0.00014478095597665163,1.104790750615891e-05
0.0,-0.0008358389332403515,0.0001564201807469937,-0.0001564201807469937,-5.913172641831784e-07
0.0,0.019075017703661823,0.0001423341734962512,-0.0001423341734962512,1.3494689986559328e-05
0.0,0.0015970120755575135,0.0001546990515371942,-0.0001546990515371942,1.1298119456163406e-06
0.0,0.0011904273935798848,0.0001549866913350602,-0.0001549866913350602,8.421721477503272e-07
0.0,0.0012820490603360213,0.00015492187325687366,-0.00015492187325687366,9.069902259368842e-07
0.0,0.007390278097329839,0.00015060058462156573,-0.00015060058462156573,5.2282788612448136e-06
0.0,-0.0020209310950652926,0.0001572585784658204,-0.0001572585784658204,-1.4297149830098778e-06
0.0,0.00406112922094648,0.0001529558029864363,-0.0001529558029864363,2.8730604963742347e-06
0.0,0.0005968736678840791,0.00015540660305640526,-0.00015540660305640526,4.2226042640526506e-07
0.0,-0.001954157460090089,0.00015721133921722496,-0.00015721133921722496,-1.3824757344144197e-06
0.0,0.0009801185306033133,0.0001551354750977484,-0.0001551354750977484,6.933883850621387e-07
0.0,-0.0009462486392383118,0.00015649829049122025,-0.00015649829049122025,-6.694270084097124e-07
0.0,0.0037840728581564065,0.00015315180750830566,-0.00015315180750830566,2.6770559745048777e-06
0.0,0.005873742123607695,0.0001516734634590473,-0.0001516734634590473,4.155400023763236e-06
0.0,-0.005408509126972105,0.0001596551327472398,-0.0001596551327472398,-3.826269264429258e-06
0.0,-0.0005688697261614362,0.0001562313124197682,-0.0001562313124197682,-4.024489369576723e-07
0.0,-0.003906202808869552,0.0001585923207308844,-0.0001585923207308844,-2.7634572480738814e-06
0.0,0.007968189065892917,0.00015019173942510262,-0.00015019173942510262,5.6371240577079265e-06
0.0,0.00409549786994079,0.0001529314887619024,-0.0001529314887619024,2.8973747209081415e-06
0.0,0.003924494286698943,0.00015305246586285663,-0.00015305246586285663,2.7763976199539172e-06
0.0,0.00459935752021523,0.00015257503143731053,-0.00015257503143731053,3.253832045500008e-06
0.0,0.013650676351045998,0.00014617164332574303,-0.00014617164332574303,9.657220157067516e-06
0.0,0.0026470624846992585,0.00015395618959275115,-0.00015395618959275115,1.8726738900593806e-06
0.0,-7.62494933082003e-05,0.00015588280646151764,-0.00015588280646151764,-5.3942978707110895e-08
0.0,0.004528344366900416,0.00015262526994842696,-0.00015262526994842696,3.203593534383583e-06
0.0,0.005866407818910568,0.00015167865213932494,-0.00015167865213932494,4.150211343485593e-06
0.0,-0.014684266911006771,0.00016621730100472627,-0.00016621730100472627,-1.0388437521915744e-05
0.0,0.010301467821202559,0.00014854105296471288,-0.00014854105296471288,7.287810518097639e-06
0.0,0.0016600585268868873,0.00015465444909809506,-0.00015465444909809506,1.174414384715481e-06
0.0,0.0042316894655107795,0.0001528351395270265,-0.0001528351395270265,2.993723955784032e-06
0.0,0.0014304577464787638,0.00015481688099726362,-0.00015481688099726362,1.0119824855469202e-06
0.0,0.0003701746080437829,0.00015556698212290554,-0.00015556698212290554,2.6188135990500274e-07
0.0,-0.0028264750133749628,0.00015782846341256206,-0.00015782846341256206,-1.999599929751524e-06
0.0,-0.005660579005492328,0.00015983346049080604,-0.00015983346049080604,-4.004597007995497e-06
0.0,-0.008016314922730805,0.00016150003435129757,-0.00016150003435129757,-5.671170868487041e-06
0.0,-0.0034283812973570083,0.00015825428418135434,-0.00015825428418135434,-2.4254206985438045e-06
0.0,0.0018256861788026324,0.0001545372752191227,-0.0001545372752191227,1.2915882636878538e-06
0.0,0.014114629309846638,0.00014584341813378632,-0.00014584341813378632,9.9854453490242e-06
0.0,-0.0014779006799081618,0.0001568744096425112,-0.0001568744096425112,-1.045546159700669e-06
0.0,0.00566597189372442,0.00015182045125660895,-0.00015182045125660895,4.008412226201574e-06
0.0,-0.0006710555783868699,0.00015630360416901936,-0.00015630360416901936,-4.7474068620883404e-07
0.0,0.0007509755941104146,0.0001552975830935899,-0.0001552975830935899,5.312803892206506e-07
0.0,-0.0037313402367431525,0.00015846861357434296,-0.00015846861357434296,-2.639750091532415e-06
0.0,-0.005616897183990499,0.00015980255762883375,-0.00015980255762883375,-3.9736941460232e-06
0.0,0.008805260963896,0.00014959954989555665,-0.00014959954989555665,6.22931358725389e-06
0.0,0.012313502764936146,0.0001471176315960084,-0.0001471176315960084,8.71123188680215e-06
0.0,0.0021943252026270788,0.00015427648021380515,-0.00015427648021380515,1.5523832690053996e-06
0.0,0.002921374261968035,0.00015376212673779538,-0.00015376212673779538,2.0667367450151393e-06
0.0,0.0008119284117831249,0.00015525446180316284,-0.00015525446180316284,5.74401679647689e-07
0.0,0.005260365527706368,0.00015210739894132527,-0.00015210739894132527,3.7214645414852566e-06
0.0,-0.0006517852510764532,0.00015628997130654796,-0.00015628997130654796,-4.61107823737431e-07
0.0,0.007556774896180896,0.00015048279586146312,-0.00015048279586146312,5.346067621347418e-06
0.0,-0.0006006499345398986,0.00015625379544266434,-0.00015625379544266434,-4.249319598538071e-07
0.0,-0.016105744611597972,0.00016722293052446208,-0.00016722293052446208,-1.139406704165155e-05
0.0,0.012493688211609788,0.0001469901587526944,-0.0001469901587526944,8.838704730116144e-06
0.0,0.01068444607751462,0.00014827011361771914,-0.00014827011361771914,7.558749865091387e-06
0.0,-0.0031863375266721894,0.00015808304944389234,-0.00015808304944389234,-2.254185961081807e-06
0.0,0.0023104108269635937,0.00015419435502070418,-0.00015419435502070418,1.6345084621063594e-06
0.0,0.008241457963390042,0.00014999841435919798,-0.00014999841435919798,5.830449123612565e-06
0.0,0.0005705832608251526,0.00015542520229958252,-0.00015542520229958252,4.0366118322801985e-07
0.0,0.0057423415255595245,0.00015176642328546824,-0.00015176642328546824,4.062440197342307e-06
0.0,-0.0009489536011326738,0.00015650020412625624,-0.00015650020412625624,-6.713406434457032e-07
0.0,-0.013674255653625456,0.00016550276490242535,-0.00016550276490242535,-9.67390141961481e-06
0.0,0.009579763275017639,0.00014905162544563838,-0.00014905162544563838,6.777238037172164e-06
0.0,0.005821250684729495,0.00015171059871656655,-0.00015171059871656655,4.1182647662439865e-06
0.0,-0.0048034698371121065,0.00015922709552215343,-0.00015922709552215343,-3.3982320393428935e-06
0.0,-0.006005322001165325,0.00016007735016492947,-0.00016007735016492947,-4.248486682118933e-06
0.0,0.001264199922982101,0.00015493450069339093,-0.00015493450069339093,8.943627894196205e-07
0.0,0.02112288421741404,0.0001408854029542644,-0.0001408854029542644,1.4943460528546142e-05
0.0,0.0003479475462115911,0.00015558270673786512,-0.00015558270673786512,2.461567449454091e-07
0.0,-0.003786751350190576,0.00015850781436615346,-0.00015850781436615346,-2.6789508833429254e-06
0.0,0.0017063496993998672,0.0001546217002413505,-0.0001546217002413505,1.2071632414600323e-06
0.0,-0.001658155060430544,0.0001570019312533248,-0.0001570019312533248,-1.1730677705142665e-06
0.0,0.005229094697149161,0.0001521295216030469,-0.0001521295216030469,3.699341879763652e-06
0.0,0.00800782894888763,0.00015016369604708705,-0.00015016369604708705,5.665167435723479e-06
0.0,-0.0011932620709189656,0.00015667304103325548,-0.00015667304103325548,-8.441775504449458e-07
0.0,-0.010193100883444606,0.00016304000942043151,-0.00016304000942043151,-7.211145937620966e-06
0.0,0.005141103203274655,0.0001521917715023517,-0.0001521917715023517,3.6370919804588276e-06
0.0,0.010304127925951478,0.00014853917106402603,-0.00014853917106402603,7.2896924187845025e-06
0.0,-0.0065285190034379825,0.00016044748776884957,-0.00016044748776884957,-4.618624286039024e-06
0.0,-0.001122238087346461,0.00015662279486023425,-0.00015662279486023425,-7.939313774237045e-07
0.0,0.011201787981366396,0.00014790411822426816,-0.00014790411822426816,7.924745258542367e-06
0.0,-0.0019245297153407392,0.00015719037896247685,-0.00015719037896247685,-1.3615154796663135e-06
0.0,-0.0028710915621273925,0.00015786002755069486,-0.00015786002755069486,-2.0311640678843375e-06
0.0,-0.006482917484461503,0.00016041522680998368,-0.00016041522680998368,-4.586363327173143e-06
0.0,0.006318059504952345,0.0001513591295270932,-0.0001513591295270932,4.469733955717326e-06
0.0,0.0056491496501236416,0.00015183235221344148,-0.00015183235221344148,3.996511269369051e-06
0.0,0.008904173912846591,0.00014952957357351694,-0.00014952957357351694,6.2992899092936e-06
0.0,0.0032365354015160275,0.00015353916485434747,-0.00015353916485434747,2.2896986284630623e-06
0.0,-0.0014021878490156903,0.00015682084632756327,-0.00015682084632756327,-9.91982844752733e-07
0.0,-0.0030549644525015296,0.0001579901090893377,-0.0001579901090893377,-2.1612456065271694e-06
0.0,-0.002799795225030266,0.00015780958870019156,-0.00015780958870019156,-1.9807252173810296e-06
0.0,0.008630626525532925,0.00014972309565804547,-0.00014972309565804547,6.1057678247650726e-06
0.0,0.0011164855071790214,0.00015503900178894827,-0.00015503900178894827,7.898616938622825e-07
0.0,-0.0020135845401164643,0.00015725338111905807,-0.00015725338111905807,-1.4245176362475402e-06
0.0,-0.0072390590731691296,0.0001609501619006911,-0.0001609501619006911,-5.121298417880557e-06
0.0,0.001091122364688113,0.00015505694503546664,-0.00015505694503546664,7.719184473438777e-07
0.0,-0.012334336350379616,0.0001645548341646815,-0.0001645548341646815,-8.725970681870957e-06
0.0,0.011099194174331695,0.0001479766985826187,-0.0001479766985826187,7.852164900191853e-06
0.0,-0.00037463099831791524,0.0001560938975320678,-0.0001560938975320678,-2.6503404925726424e-07
0.0,0.0014454931932483817,0.0001548062441162857,-0.0001548062441162857,1.0226193665248317e-06
0.0,-0.009456980649108493,0.0001625192385089952,-0.0001625192385089952,-6.6903750261846805e-06
0.0,0.007444797710585593,0.00015056201452477716,-0.00015056201452477716,5.266848958033363e-06
0.0,-0.01455068829580164,0.00016612280033222198,-0.00016612280033222198,-1.029393684941146e-05
0.0,-0.01202135494776202,0.00016433341434397684,-0.00016433341434397684,-8.5045508611663e-06
0.0,-0.0020565070133361507,0.00015728374677735285,-0.00015728374677735285,-1.454883294542309e-06
0.0,-0.005780602724641426,0.000159918371703268,-0.000159918371703268,-4.0895082204574394e-06
0.0,-0.002208160119998248,0.00015739103431394635,-0.00015739103431394635,-1.562170831135827e-06
0.0,-0.00875854812743615,0.00016202512990564174,-0.00016202512990564174,-6.196266422831206e-06
0.0,0.008731248071466746,0.00014965191058291524,-0.00014965191058291524,6.176952899895282e-06
0.0,0.011964576270872662,0.00014736448090113798,-0.00014736448090113798,8.46438258167255e-06
0.0,0.0002130100613548791,0.00015567816874759936,-0.00015567816874759936,1.5069473521118975e-07
0.0,-0.004576430353515626,0.00015906647562164057,-0.00015906647562164057,-3.2376121388300426e-06
0.0,0.01020914263474304,0.00014860636875044784,-0.00014860636875044784,7.2224947323627036e-06
0.0,0.0031784486665891176,0.00015358025852421178,-0.00015358025852421178,2.2486049585987552e-06
0.0,-0.01573051358686217,0.00016695747198435407,-0.00016695747198435407,-1.1128608501543535e-05
0.0,-0.0034354388154940185,0.00015825927704798297,-0.00015825927704798297,-2.430413565172452e-06
0.0,0.009128437077573048,0.00014937091778978955,-0.00014937091778978955,6.457945693020985e-06
0.0,0.012556739721478527,0.00014694555273491336,-0.00014694555273491336,8.88331074789718e-06
0.0,0.01032612390701182,0.00014852360992799089,-0.00014852360992799089,7.30525355481965e-06
0.0,0.0013434298232750663,0.0001548784492150264,-0.0001548784492150264,9.504142677841372e-07
0.0,-5.835618166138978e-06,0.00015583299191190326,-0.00015583299191190326,-4.128429092721723e-09
0.0,0.005090947698625836,0.00015222725419478586,-0.00015222725419478586,3.6016092880246645e-06
0.0,0.001649398844549843,0.00015466199032876274,-0.00015466199032876274,1.1668731540477894e-06
0.0,-0.00024130405535727206,0.00015599957490599944,-0.00015599957490599944,-1.707114231889191e-07
0.0,0.004837813139759728,0.000152406335150298,-0.000152406335150298,3.422528332512533e-06
0.0,0.011715927882596233,0.00014754038809910633,-0.00014754038809910633,8.288475383704189e-06
0.0,-0.0020816677921287052,0.0001573015468609439,-0.0001573015468609439,-1.472683378133358e-06
0.0,0.0011647735102702228,0.00015500484026721815,-0.00015500484026721815,8.240232155923875e-07
0.0,0.0009163899374069473,0.00015518056012056857,-0.00015518056012056857,6.483033622419805e-07
0.0,0.002501874243978186,0.00015405890353664692,-0.00015405890353664692,1.7699599461636063e-06
0.0,-0.002706123039226127,0.0001577433199749181,-0.0001577433199749181,-1.9144564921075755e-06
0.0,-0.0073807894850155265,0.00016105042959109367,-0.00016105042959109367,-5.221566108283137e-06
0.0,0.0070010425881694704,0.0001508759506846269,-0.0001508759506846269,4.95291279818363e-06
0.0,0.0002488018529340774,0.0001556528477157173,-0.0001556528477157173,1.7601576709322596e-07
0.0,-0.007367046509680453,0.00016104070707368787,-0.00016104070707368787,-5.2118435908773395e-06
0.0,-0.005975035585443322,0.00016005592393102908,-0.00016005592393102908,-4.227060448218557e-06
0.0,0.00802787620486467,0.0001501495135436318,-0.0001501495135436318,5.67934993917874e-06
0.0,0.0011160825806737495,0.00015503928684075584,-0.00015503928684075584,7.895766420547045e-07
0.0,0.0015028090913065117,0.00015476569577774094,-0.00015476569577774094,1.0631677050696093e-06
0.0,0.011847649793331305,0.00014744720095886764,-0.00014744720095886764,8.3816625239429e-06
0.0,-0.00019981663563317653,0.0001559702244814695,-0.0001559702244814695,-1.4136099865896126e-07
0.0,-0.0011152197300303701,0.00015661782969806943,-0.00015661782969806943,-7.889662152588817e-07
0.0,0.0025808546645145203,0.00015400302855363493,-0.00015400302855363493,1.8258349291756174e-06
0.0,0.0027103813151374556,0.0001539113944580703,-0.0001539113944580703,1.917469024740223e-06
0.0,0.008503672791998707,0.0001498129095341475,-0.0001498129095341475,6.015953948663051e-06
0.0,0.0023446558536817097,0.00015417012825319487,-0.00015417012825319487,1.6587352296156605e-06
0.0,-0.000393860697500914,0.00015610750165202412,-0.00015610750165202412,-2.7863816921357474e-07
0.0,0.007664386564552705,0.0001504066655990343,-0.0001504066655990343,5.422197883776229e-06
0.0,0.0025213273947457537,0.0001540451413350622,-0.0001540451413350622,1.7837221477483383e-06
0.0,-0.0025259318472709014,0.00015761584306708397,-0.00015761584306708397,-1.786979584273431e-06
0.0,-0.001562130321101196,0.00015693399820558557,-0.00015693399820558557,-1.1051347227750258e-06
0.0,-0.003065171894990004,0.00015799733038129545,-0.00015799733038129545,-2.1684668984849302e-06
0.0,0.003933590015736899,0.00015304603105658403,-0.00015304603105658403,2.7828324262264898e-06
0.0,0.0015724312002203256,0.0001547164413659968,-0.0001547164413659968,1.1124221168137214e-06
0.0,0.0009073212238914774,0.00015518697581461244,-0.00015518697581461244,6.418876681981059e-07
0.0,-0.004083652583445674,0.00015871785821311858,-0.00015871785821311858,-2.888994730308034e-06
0.0,0.0026755639309195,0.00015393602614195462,-0.00015393602614195462,1.8928373408559122e-06
0.0,0.006195317856513505,0.0001514459635484217,-0.0001514459635484217,4.38289993438882e-06
0.0,0.005084444409779065,0.00015223185496990668,-0.00015223185496990668,3.597008512903844e-06
0.0,0.005448765178485582,0.00015197411492972755,-0.00015197411492972755,3.8547485530829745e-06
0.0,0.0010166989647510949,0.00015510959613784035,-0.00015510959613784035,7.192673449701704e-07
0.0,0.0007410719362856977,0.00015530458947199296,-0.00015530458947199296,5.242740108175594e-07
0.0,0.010208065293514812,0.00014860713091938054,-0.00014860713091938054,7.221732563429991e-06
0.0,-0.008763028841120457,0.00016202829980267814,-0.00016202829980267814,-6.199436319867614e-06
0.0,0.0055170270744306915,0.00015192582280554792,-0.00015192582280554792,3.903040677262612e-06
0.0,0.0028262026252154904,0.00015382945625504364,-0.00015382945625504364,1.9994072277669074e-06
0.0,0.006389375498743188,0.00015130867677039112,-0.00015130867677039112,4.520186712419412e-06
0.0,-0.013927543241993745,0.00016568195411921003,-0.00016568195411921003,-9.853090636399502e-06
0.0,-0.007816403936922511,0.00016135860660426737,-0.00016135860660426737,-5.529743121456825e-06
0.0,-0.007140265531926926,0.00016088027005406482,-0.00016088027005406482,-5.0514065712542774e-06
0.0,0.01079203564940956,0.0001481939989875225,-0.0001481939989875225,7.634864495288042e-06
0.0,-0.001558102589770738,0.00015693114877254712,-0.00015693114877254712,-1.1022852897365836e-06
0.0,-0.02314909375473495,0.0001722057732473543,-0.0001722057732473543,-1.6376909764543783e-05
0.0,-0.005142620237842288,0.0001594670286948389,-0.0001594670286948389,-3.6381652120283673e-06
0.0,0.011090468702846357,0.00014798287144885192,-0.00014798287144885192,7.845992033958622e-06
0.0,0.0008133101292933098,0.00015525348430213304,-0.00015525348430213304,5.753791806774976e-07
0.0,-0.004960171878030217,0.00015933795494547364,-0.00015933795494547364,-3.509091462663119e-06
0.0,0.0157933986591674,0.00014465576671033982,-0.00014465576671033982,1.1173096772470725e-05
0.0,-0.013693502993456064,0.00016551638150232134,-0.00016551638150232134,-9.687518019510815e-06
0.0,-0.018381860868696753,0.00016883317716958154,-0.00016883317716958154,-1.3004313686771014e-05
0.0,-0.02996879838863975,0.00017703039785657711,-0.00017703039785657711,-2.120153437376658e-05
0.0,0.010354085880061037,0.00014850382812943248,-0.00014850382812943248,7.3250353533780486e-06
0.0,-0.007734647858502863,0.0001613007679720873,-0.0001613007679720873,-5.471904489276778e-06
0.0,0.023042611519136447,0.00013952728495941164,-0.00013952728495941164,1.6301578523398893e-05
0.0,0.004671676849538509,0.0001525238688672718,-0.0001525238688672718,3.3049946155387335e-06
0.0,4.303397765514916e-05,0.00015579841894030125,-0.00015579841894030125,3.044454250929878e-08
0.0,0.016847579753558328,0.00014390998249773766,-0.00014390998249773766,1.1918880985072869e-05
0.0,0.0038237284285767004,0.00015312375303216437,-0.00015312375303216437,2.7051104506461664e-06
0.0,0.016133247764330783,0.0001444153392366862,-0.0001444153392366862,1.1413524246124341e-05
0.0,0.001989779357261412,0.00015442118690892493,-0.00015442118690892493,1.4076765738856101e-06
0.0,0.009722284736913167,0.000148950798124029,-0.000148950798124029,6.878065358781525e-06
0.0,-0.0019845553982971165,0.00015723284434810908,-0.00015723284434810908,-1.4039808652985537e-06
0.0,0.004239676828782013,0.00015282948883810815,-0.00015282948883810815,2.9993746447023775e-06
0.0,-0.008932805548120926,0.00016214840894561596,-0.00016214840894561596,-6.319545462805417e-06
0.0,0.01148337085011919,0.00014770491140945007,-0.00014770491140945007,8.123952073360449e-06
0.0,-0.0031537266931381813,0.00015805997879223782,-0.00015805997879223782,-2.2311153094273002e-06
0.0,0.0015951960865450143,0.00015470033626516265,-0.00015470033626516265,1.1285272176478854e-06
0.0,-0.00597597320797616,0.00016005658725546745,-0.00016005658725546745,-4.22772377265692e-06
0.0,-3.937906806072977e-05,0.00015585672234636152,-0.00015585672234636152,-2.7858863550997077e-08
0.0,0.010093051774424433,0.00014868849764776318,-0.00014868849764776318,7.140365835047351e-06
0.0,-0.02115107439771169,0.00017079226725595504,-0.00017079226725595504,-1.4963403773144493e-05
0.0,-0.0016025435809103872,0.00015696258871181437,-0.00015696258871181437,-1.1337252290038415e-06
0.0,-0.003018017615584734,0.00015796397091647087,-0.00015796397091647087,-2.1351074336603412e-06
0.0,-0.01726024985928465,0.00016803968942070136,-0.00016803968942070136,-1.2210825937890833e-05
0.0,0.0115800702824842,0.00014763650104769238,-0.00014763650104769238,8.19236243511815e-06
0.0,0.004472672652839682,0.00015266465510308007,-0.00015266465510308007,3.1642083797304487e-06
0.0,0.010665025888896507,0.00014828385250011253,-0.00014828385250011253,7.545010982698024e-06
0.0,0.007495302358939249,0.00015052628482937133,-0.00015052628482937133,5.302578653439199e-06
0.0,0.005407711405364557,0.0001520031585694061,-0.0001520031585694061,3.825704913404442e-06
0.0,0.0012566297656613212,0.00015493985622845675,-0.00015493985622845675,8.890072543537844e-07
0.0,0.00026455008109871336,0.00015564170657497391,-0.00015564170657497391,1.8715690783662706e-07
0.0,-0.002896455862498093,0.0001578779716163595,-0.0001578779716163595,-2.049108133548972e-06
0.0,0.01697685316676334,0.00014381852755589658,-0.00014381852755589658,1.2010335926913951e-05
0.0,-0.0019410273951238066,0.0001572020503054674,-0.0001572020503054674,-1.3731868226568515e-06
0.0,0.0028092730585327352,0.00015384143313797708,-0.00015384143313797708,1.9874303448334404e-06
0.0,0.0025111788443470395,0.00015405232096359891,-0.00015405232096359891,1.7765425192116198e-06
0.0,-0.0018612489301417234,0.00015714561074303752,-0.00015714561074303752,-1.3167472602269766e-06
0.0,0.00403867571712313,0.00015297168779859822,-0.00015297168779859822,2.857175684212306e-06
0.0,-0.0012532169669905446,0.00015671545634045108,-0.00015671545634045108,-8.865928576405467e-07
0.0,0.004236552581176722,0.00015283169909833069,-0.00015283169909833069,2.9971643844798377e-06
0.0,-0.009324107094664358,0.00016242523663426606,-0.00016242523663426606,-6.5963731514555375e-06
0.0,0.00013839090212397487,0.00015573095834059067,-0.00015573095834059067,9.790514221985778e-08
0.0,-0.001681413492255035,0.00015701838551470065,-0.00015701838551470065,-1.1895220318901173e-06
0.0,0.008970249395274354,0.00014948282823545607,-0.00014948282823545607,6.346035247354483e-06
0.0,-0.009586022165882668,0.00016261052939487098,-0.00016261052939487098,-6.7816659120604305e-06
0.0,0.009689347495581924,0.00014897409969405546,-0.00014897409969405546,6.854763788755078e-06
0.0,0.007113411987488272,0.00015079645454830134,-0.00015079645454830134,5.032408934509208e-06
0.0,-0.002070122839989974,0.00015729337934296608,-0.00015729337934296608,-1.4645158601555407e-06
0.0,0.006051847587953629,0.00015154746210672358,-0.00015154746210672358,4.281401376086971e-06
0.0,0.0077076668832223305,0.00015037604678168695,-0.00015037604678168695,5.45281670112359e-06
0.0,-0.007609466332438197,0.00016121220785054349,-0.00016121220785054349,-5.383344367732945e-06
0.0,0.004679145956573816,0.00015251858482059444,-0.00015251858482059444,3.3102786622161084e-06
0.0,-0.00017116047891174713,0.0001559499515801716,-0.0001559499515801716,-1.2108809736106562e-07
0.0,0.00397155273894878,0.00015301917419129833,-0.00015301917419129833,2.8096892915122065e-06
0.0,-0.0018227694906369774,0.00015711838832494908,-0.00015711838832494908,-1.2895248421385555e-06
0.0,-0.0004748538883844189,0.00015616480057666863,-0.00015616480057666863,-3.3593709385810093e-07
0.0,-0.009191323428069387,0.0001623312983510196,-0.0001623312983510196,-6.502434868209079e-06
0.0,0.002145772011323821,0.00015431082934389112,-0.00015431082934389112,1.5180341389194133e-06
0.0,-0.00029944716993013376,0.00015604070846184738,-0.00015604070846184738,-2.1184497903684602e-07
0.0,0.0026514435020339455,0.00015395309022625642,-0.00015395309022625642,1.8757732565541229e-06
0.0,0.001614127248163344,0.00015468694334668185,-0.00015468694334668185,1.1419201361286774e-06
0.0,-0.003300233889343751,0.00015816362583594227,-0.00015816362583594227,-2.3347623531317286e-06
0.0,-0.018614700871699585,0.0001689979006684431,-0.0001689979006684431,-1.3169037185632542e-05
0.0,0.004092509543626166,0.00015293360286411823,-0.00015293360286411823,2.8952606186923e-06
0.0,-0.002812083478299976,0.000157818282069232,-0.000157818282069232,-1.98941858642148e-06
0.0,0.012265644545291332,0.00014715148906589118,-0.00014715148906589118,8.67737441691936e-06
0.0,0.025295927786425976,0.00013793316824921295,-0.00013793316824921295,1.7895695233597587e-05
0.0,0.007431229727488331,0.00015057161324329396,-0.00015057161324329396,5.257250239516562e-06
0.0,0.0037568333092317108,0.00015317107822531483,-0.00015317107822531483,2.6577852574956917e-06
0.0,0.0009690634297987444,0.00015514329606863532,-0.00015514329606863532,6.855674141752187e-07
0.0,-0.00289265965137242,0.00015787528597312393,-0.00015787528597312393,-2.0464224903133883e-06
0.0,0.00023222772482434095,0.00015566457314235193,-0.00015566457314235193,1.6429034045860345e-07
0.0,-0.006049734794859041,0.00016010877015581201,-0.00016010877015581201,-4.279906673001493e-06
0.0,-0.013203489851361216,0.00016516971993981908,-0.00016516971993981908,-9.34085645700855e-06
0.0,0.003917814394541086,0.00015305719157662602,-0.00015305719157662602,2.7716719061845075e-06
0.0,0.003963584828470035,0.00015302481111826856,-0.00015302481111826856,2.8040523645419795e-06
0.0,2.195086225209586e-05,0.0001558133342662388,-0.0001558133342662388,1.5529216571727528e-08
0.0,0.0053404615405816536,0.0001520507347284945,-0.0001520507347284945,3.7781287543160502e-06
0.0,0.003467959094991535,0.0001533754433287629,-0.0001533754433287629,2.4534201540476487e-06
0.0,0.003020480305938378,0.0001536920138099884,-0.0001536920138099884,2.1368496728221393e-06
0.0,0.005722005647630368,0.0001517808099755632,-0.0001517808099755632,4.048053507247346e-06
0.0,-0.003801238017440034,0.00015851806301108302,-0.00015851806301108302,-2.689199528272484e-06
0.0,0.005607785488815242,0.00015186161543836126,-0.00015186161543836126,3.96724804444928e-06
0.0,0.0024484564662998753,0.00015409669413588717,-0.00015409669413588717,1.7321693469233566e-06
0.0,0.0004514491145146682,0.00015550948418053536,-0.00015550948418053536,3.1937930227517734e-07
0.0,0.006051417924264779,0.00015154776607384797,-0.00015154776607384797,4.2810974089625575e-06
0.0,-0.0018697756269248078,0.00015715164298539161,-0.00015715164298539161,-1.3227795025810701e-06
0.0,0.0024954538421815275,0.00015406344567302558,-0.00015406344567302558,1.7654178097849636e-06
0.0,-0.006144213927296471,0.000160175609758388,-0.000160175609758388,-4.346746275577456e-06
0.0,-0.002963883313944371,0.0001579256734097726,-0.0001579256734097726,-2.096809926962072e-06
0.0,0.008165786048233592,0.00015005194872816106,-0.00015005194872816106,5.776914754649464e-06
0.0,-0.005414022527810203,0.0001596590332225231,-0.0001596590332225231,-3.8301697397125646e-06
0.0,-2.6466639124200775e-05,0.0001558475874019972,-0.0001558475874019972,-1.8723919186647353e-08
0.0,0.0037993543260221863,0.00015314099657881704,-0.00015314099657881704,2.687866903993487e-06
0.0,-0.003863994965801476,0.00015856246064026465,-0.00015856246064026465,-2.7335971574541127e-06
0.0,-0.02949284635160343,0.00017669368387349948,-0.00017669368387349948,-2.0864820390688934e-05
0.0,-0.0008651123249070469,0.00015644089031337704,-0.00015644089031337704,-6.120268305665086e-07
0.0,0.010869123768910471,0.00014813946271969444,-0.00014813946271969444,7.689400763116088e-06
0.0,0.007287273468533639,0.00015067345561725127,-0.00015067345561725127,5.1554078655592635e-06
0.0,0.01104275925539211,0.0001480166236693126,-0.0001480166236693126,7.812239813497955e-06
0.0,-0.00040565878647391695,0.0001561158482525672,-0.0001561158482525672,-2.8698476975664816e-07
0.0,-0.011055736101235558,0.0001636502838126457,-0.0001636502838126457,-7.821420329835149e-06
0.0,-0.010701995701766776,0.00016340002889279643,-0.00016340002889279643,-7.5711654099859e-06
0.0,-0.004284800394927402,0.00015886016095692675,-0.00015886016095692675,-3.03129747411622e-06
0.0,-0.0022238866412221947,0.00015740216009803637,-0.00015740216009803637,-1.5732966152258445e-06
0.0,0.01259602672149196,0.00014691775900523406,-0.00014691775900523406,8.911104477576469e-06
0.0,0.005538045085450305,0.00015191095353794094,-0.00015191095353794094,3.9179099448695995e-06
0.0,-0.01110391288210788,0.0001636843666498164,-0.0001636843666498164,-7.855503167005862e-06
0.0,0.001560360190925314,0.0001547249810450048,-0.0001547249810450048,1.103882437805728e-06
0.0,-0.01541164380306681,0.00016673188640717405,-0.00016673188640717405,-1.0903022924363519e-05
0.0,0.0015754440882007614,0.00015471430988754203,-0.00015471430988754203,1.1145535952685175e-06
0.0,0.0011462798112440442,0.0001550179237012123,-0.0001550179237012123,8.109397815982421e-07
0.0,0.018312792279639112,0.00014287341261816748,-0.00014287341261816748,1.2955450864643042e-05
0.0,-0.0021126894641922966,0.00015732349325459167,-0.00015732349325459167,-1.494629771781135e-06
0.0,0.009991058969353706,0.00014876065282510935,-0.00014876065282510935,7.068210657701182e-06
0.0,0.008768227105582893,0.00014962574963202376,-0.00014962574963202376,6.2031138507867725e-06
0.0,0.006137941522227575,0.00015148655464279355,-0.00015148655464279355,4.342308840016982e-06
0.0,0.00531348622041139,0.00015206981851591955,-0.00015206981851591955,3.7590449668909925e-06
0.0,-0.002855132319398823,0.0001578487371269381,-0.0001578487371269381,-2.0198736441275645e-06
0.0,-0.014580715690809543,0.00016614404332098513,-0.00016614404332098513,-1.03151798381746e-05
0.0,0.009217869449967608,0.00014930764853578538,-0.00014930764853578538,6.52121494702516e-06
0.0,-0.004678895760321544,0.00015913896514278673,-0.00015913896514278673,-3.310101659976181e-06
0.0,0.005275414405311762,0.0001520967525586542,-0.0001520967525586542,3.732110924156319e-06
0.0,-0.005046825754019935,0.0001593992585421875,-0.0001593992585421875,-3.5703950593769772e-06
0.0,-0.007608597684666707,0.00016121159332254848,-0.00016121159332254848,-5.382729839737958e-06
0.0,0.007224881828679752,0.00015071759480761332,-0.00015071759480761332,5.111268675197221e-06
0.0,0.003908672930614365,0.0001530636587382104,-0.0001530636587382104,2.7652047446001314e-06
0.0,0.003644298722618622,0.0001532506912239868,-0.0001532506912239868,2.5781722588237316e-06
0.0,-0.009464770111542897,0.00016252474919225366,-0.00016252474919225366,-6.695885709443132e-06
0.0,0.006712541085862833,0.00015108005211167497,-0.00015108005211167497,4.748811371135553e-06
0.0,0.00033958278885926063,0.0001555886244155856,-0.0001555886244155856,2.4023906722494113e-07
0.0,-0.0027238667143857365,0.0001577558728018261,-0.0001577558728018261,-1.9270093190155777e-06
0.0,0.010426292122230674,0.00014845274556330796,-0.00014845274556330796,7.376117919502567e-06
0.0,-7.194380749464546e-05,0.0001558797603885789,-0.0001558797603885789,-5.089690576835316e-08
0.0,0.0024449877750611915,0.0001540991480739989,-0.0001540991480739989,1.7297154088116165e-06
0.0,0.0023769693899173827,0.000154147267925585,-0.000154147267925585,1.6815955572255346e-06
0.0,-0.0043341850761716705,0.0001588950983275667,-0.0001588950983275667,-3.066234844756171e-06
0.0,-0.01706412670256352,0.00016790094138700339,-0.00016790094138700339,-1.2072077904192863e-05
0.0,-0.00496910650440241,0.00015934427577908502,-0.00015934427577908502,-3.5154122962744725e-06
0.0,-0.004679730915472358,0.00015913955597630656,-0.00015913955597630656,-3.310692493496023e-06
0.0,0.00013602428004699796,0.00015573263261590408,-0.00015573263261590408,9.623086690644511e-08
0.0,-0.015864553655509872,0.00016705229911375855,-0.00016705229911375855,-1.1223435630948014e-05
0.0,0.01585414463498891,0.0001446127917509255,-0.0001446127917509255,1.1216071731885044e-05
0.0,-0.0175967394669998,0.00016827774020578365,-0.00016827774020578365,-1.2448876722973103e-05
0.0,-0.012234826602200433,0.00016448443563487773,-0.00016448443563487773,-8.655572152067187e-06
0.0,0.011159277893187936,0.00014793419213928003,-0.00014793419213928003,7.894671343530508e-06
0.0,-0.017819007085749905,0.00016843498423332168,-0.00016843498423332168,-1.2606120750511155e-05
0.0,0.00552061780274804,0.00015192328253186527,-0.00015192328253186527,3.905580950945256e-06
0.0,-0.0269730913054258,0.00017491107408940958,-0.00017491107408940958,-1.9082210606599036e-05
0.0,-0.007567865323653167,0.0001611827770670232,-0.0001611827770670232,-5.353913584212658e-06
0.0,0.004886869929446425,0.00015237162974772158,-0.00015237162974772158,3.457233735088947e-06
0.0,-0.013890984206835322,0.00016565609029809412,-0.00016565609029809412,-9.827226815283575e-06
0.0,0.021265869083087807,0.00014078424779598284,-0.00014078424779598284,1.5044615686827695e-05
0.0,0.006416130719105961,0.00015128974869336773,-0.00015128974869336773,4.539114789442816e-06
0.0,-0.010653512117636543,0.00016336572900655576,-0.00016336572900655576,-7.5368655237452105e-06
0.0,0.010798495567894584,0.00014818942889492033,-0.00014818942889492033,7.639434587890215e-06
0.0,-0.0021848931523151816,0.0001573745740138466,-0.0001573745740138466,-1.545710531036079e-06
0.0,0.0008246534476661349,0.00015524545943068925,-0.00015524545943068925,5.834040521212987e-07
0.0,0.017646000146633645,0.00014334513711458346,-0.00014334513711458346,1.248372636822708e-05
0.0,0.0015743334544251475,0.0001547150956094073,-0.0001547150956094073,1.11376787340323e-06
0.0,-0.011156934922627149,0.00016372187728337797,-0.00016372187728337797,-7.893013800567421e-06
0.0,-0.003306980860763864,0.0001581683990051774,-0.0001581683990051774,-2.3395355223668547e-06
0.0,-0.01973722070834405,0.00016979203137042258,-0.00016979203137042258,-1.3963167887612038e-05
0.0,0.005538521570653376,0.00015191061644676763,-0.00015191061644676763,3.91824703604291e-06
0.0,0.0037812354559083605,0.00015315381483874693,-0.00015315381483874693,2.675048644063596e-06
0.0,0.006728194715792668,0.00015106897789479354,-0.00015106897789479354,4.759885588016982e-06
0.0,-0.04839563335990149,0.00019006652863421363,-0.00019006652863421363,-3.4237665151403084e-05
0.0,-0.05974960534553109,0.0001980989370147698,-0.0001980989370147698,-4.227007353195927e-05
0.0,-0.0023314724921273955,0.00015747827209580543,-0.00015747827209580543,-1.649408612994904e-06
0.0,-0.015700524562941354,0.0001669362561413547,-0.0001669362561413547,-1.1107392658544174e-05
0.0,0.09515387644904849,8.851191082526331e-05,-8.851191082526331e-05,6.731695265754723e-05
0.0,-0.03460757958472693,0.00018031212032358485,-0.00018031212032358485,-2.448325684077432e-05
0.0,0.018092095201708958,0.00014302954556094506,-0.00014302954556094506,1.2799317921865473e-05
0.0,0.007944712390868913,0.0001502083480834161,-0.0001502083480834161,5.6205153993944246e-06
0.0,-0.0017277808903947145,0.00015705118829753938,-0.00015705118829753938,-1.2223248147288574e-06
0.0,-0.0224083715440897,0.00017168174665120088,-0.00017168174665120088,-1.5852883168390342e-05
0.0,0.0013268380955802073,0.0001548901870925509,-0.0001548901870925509,9.386763902596224e-07
0.0,-0.023567493023827546,0.00017250177131743335,-0.00017250177131743335,-1.667290783462283e-05
0.0,0.025117204723895226,0.00013805960652359724,-0.00013805960652359724,1.7769256959213292e-05
0.0,0.01666113847096007,0.00014404188105471134,-0.00014404188105471134,1.178698242809921e-05
0.0,0.020259113708281262,0.0001414964805124279,-0.0001414964805124279,1.4332382970382634e-05
0.0,0.007373133469998461,0.00015061271364992976,-0.00015061271364992976,5.216149832880787e-06
0.0,0.0006407067039131409,0.00015537559321717096,-0.00015537559321717096,4.532702656395595e-07
0.0,0.005802410694099036,0.00015172392713580355,-0.00015172392713580355,4.10493634700698e-06
0.0,0.00147999135976562,0.00015478183826411366,-0.00015478183826411366,1.0470252186968831e-06
0.0,0.006299102138585644,0.00015137254098421764,-0.00015137254098421764,4.4563224985929045e-06
0.0,0.01472657412963474,0.00014541049556667722,-0.00014541049556667722,1.0418367916133329e-05
0.0,-0.006381597588933863,0.00016034354768491773,-0.00016034354768491773,-4.514684202107187e-06
0.0,-0.007693239651855532,0.00016127147358713386,-0.00016127147358713386,-5.442610104323319e-06
0.0,0.00434635623313584,0.00015275401810921707,-0.00015275401810921707,3.0748453735934617e-06
0.0,0.005799775094835535,0.00015172579169999648,-0.00015172579169999648,4.1030717828140496e-06
0.0,-0.0007114809122162891,0.0001563322032170573,-0.0001563322032170573,-5.033397342467531e-07
0.0,0.032558782749008364,0.00013279503534364934,-0.00013279503534364934,2.30338281391612e-05
0.0,0.0072482009835321826,0.0001507010975875126,-0.0001507010975875126,5.127765895297924e-06
0.0,0.001024415597859818,0.00015510413697795072,-0.00015510413697795072,7.247265048598226e-07
0.0,0.004132332074135769,0.00015290543027146033,-0.00015290543027146033,2.9234332113501953e-06
0.0,0.007005272294898557,0.00015087295836336515,-0.00015087295836336515,4.9559051194453884e-06
0.0,0.0008761131291423752,0.0001552090540936606,-0.0001552090540936606,6.198093891499319e-07
0.0,-0.0038802294486252054,0.0001585739457836182,-0.0001585739457836182,-2.7450823008076776e-06
0.0,-0.01613513066101424,0.00016724371979097617,-0.00016724371979097617,-1.1414856308165632e-05
0.0,-0.00044487103794299543,0.0001561435891011195,-0.0001561435891011195,-3.1472561830897417e-07
0.0,-0.006708297825321674,0.00016057467294399116,-0.00016057467294399116,-4.74580946118062e-06
0.0,0.0204590558452733,0.00014135503072738054,-0.00014135503072738054,1.4473832755430003e-05
0.0,-0.005571225417268844,0.0001597702469729475,-0.0001597702469729475,-3.941383490136947e-06
0.0,0.004011194261904327,0.00015299112965308658,-0.00015299112965308658,2.837733829723958e-06
0.0,-8.118516130162234e-05,0.00015588629821761888,-0.00015588629821761888,-5.743473480833997e-08
0.0,0.0041020419271569075,0.00015292685914505182,-0.00015292685914505182,2.9020043377587127e-06
0.0,0.005800290454605506,0.0001517254271068708,-0.0001517254271068708,4.1034363759397465e-06
0.0,7.36874595066439e-05,0.0001557767330241453,-0.0001557767330241453,5.213045866523159e-08
0.0,-0.005277383403094138,0.00015956236738154072,-0.00015956236738154072,-3.7335038987301922e-06
0.0,0.010280683010067904,0.00014855575725422125,-0.00014855575725422125,7.2731062285892995e-06
0.0,0.0009199480792858594,0.00015517804290027918,-0.00015517804290027918,6.508205825313695e-07
0.0,0.00548298940767844,0.0001519499028755024,-0.0001519499028755024,3.878960607308115e-06
0.0,-0.002743888954607865,0.00015777003760779546,-0.00015777003760779546,-1.941174124984915e-06
0.0,0.0038224199557175265,0.00015312467871600197,-0.00015312467871600197,2.7041847668085576e-06
0.0,-0.011296379879250695,0.00016382052812025045,-0.00016382052812025045,-7.991664637439921e-06
0.0,0.009392659896159117,0.00014918399240499637,-0.00014918399240499637,6.644871077814175e-06
0.0,-0.008352184790166306,0.00016173764669888657,-0.00016173764669888657,-5.908783216076043e-06
0.0,-0.0003092402101070313,0.00015604763658339706,-0.00015604763658339706,-2.1877310058652e-07
0.0,-0.002178658486505891,0.0001573701632770613,-0.0001573701632770613,-1.5412997942507589e-06
0.0,0.009606504133156335,0.00014903270752922212,-0.00014903270752922212,6.796155953588408e-06
0.0,0.01112172017970181,0.00014796076247897632,-0.00014796076247897632,7.868101003834206e-06
0.0,-3.2861029504172024e-06,0.00015583118824818003,-0.00015583118824818003,-2.324765369485618e-09
0.0,0.008020121275230219,0.00015015499979653652,-0.00015015499979653652,5.67386368627401e-06
0.0,0.005218970885222163,0.00015213668373026268,-0.00015213668373026268,3.692179752547862e-06
0.0,0.005164427424532603,0.00015217527069800416,-0.00015217527069800416,3.653592784806364e-06
