nasdaq_Close,SPX_Close,Prediction,Residual,Excess
-0.4500000103801286,0.0031156756258232665,0.0198830130131071,-0.4698830233932357,-0.4508992240863931
0.0,0.0005455206301101523,0.019141241764452567,-0.019141241764452567,-0.00015744245760997068
0.0,0.00400120187417663,0.020138584335479895,-0.020138584335479895,-0.0011547850286372984
0.0,0.0028817272914287706,0.019815493292151008,-0.019815493292151008,-0.0008316939853084142
0.0,0.0017467554316374923,0.019487929586837763,-0.019487929586837763,-0.0005041302799951686
0.0,-0.009381166148364262,0.016276305268812,-0.016276305268812,0.0027074940380305973
0.0,0.008325925658531075,0.021386740873493074,-0.021386740873493074,-0.002402941566650479
0.0,0.0024264254383745687,0.019684088834202734,-0.019684088834202734,-0.0007002895273601368
0.0,-0.010823130159869354,0.015860140700094123,-0.015860140700094123,0.0031236586067484706
0.0,0.012499626599363545,0.022591310778248143,-0.022591310778248143,-0.0036075114714055473
0.0,-0.010597829662970737,0.015925164572656567,-0.015925164572656567,0.0030586347341860277
0.0,-0.01894490338978838,0.013516119471765654,-0.013516119471765654,0.005467679835076942
0.0,-0.022140988764300484,0.012593698744995226,-0.012593698744995226,0.006390100561847371
0.0,0.004598098012701168,0.020310854254892895,-0.020310854254892895,-0.0013270549480502982
0.0,-0.004203199573680982,0.017770715815257885,-0.017770715815257885,0.0012130834915847104
0.0,0.004880152210944955,0.020392257787041155,-0.020392257787041155,-0.0014084584801985595
0.0,-0.011817740959567224,0.015573086535637996,-0.015573086535637996,0.0034107127712046
0.0,-0.009829173828039273,0.016147005978880594,-0.016147005978880594,0.0028367933279620007
0.0,0.014266108894671836,0.023101134419274662,-0.023101134419274662,-0.004117335112432068
0.0,0.01297294837718499,0.022727915958377594,-0.022727915958377594,-0.003744116651534998
0.0,-0.00547431142933863,0.017403860808488478,-0.017403860808488478,0.0015799384983541161
0.0,-0.031140677888039425,0.009996302615208027,-0.009996302615208027,0.008987496691634568
0.0,0.002897118921960873,0.019819935463544436,-0.019819935463544436,-0.0008361361567018398
0.0,-0.00886329049344714,0.01642576912287387,-0.01642576912287387,0.0025580301839687246
0.0,0.013040132316577413,0.022747305884158634,-0.022747305884158634,-0.003763506577316039
0.0,-0.0022325735201887964,0.01833945729223814,-0.01833945729223814,0.0006443420146044557
0.0,0.009680437561949251,0.02177766592960517,-0.02177766592960517,-0.0027938666227625745
0.0,-0.002744592819371894,0.0181916836383053,-0.0181916836383053,0.0007921156685372942
0.0,0.01800074864554846,0.024178987076372484,-0.024178987076372484,-0.005195187769529886
0.0,0.0042379594555796984,0.020206914831920268,-0.020206914831920268,-0.0012231155250776713
0.0,0.006584742448973557,0.02088421878994401,-0.02088421878994401,-0.001900419483101415
0.0,0.002186622042297248,0.019614879286593126,-0.019614879286593126,-0.0006310799797505313
0.0,-0.0010458578339902491,0.018681954759440574,-0.018681954759440574,0.0003018445474020234
0.0,-0.012102809596931441,0.015490813007604628,-0.015490813007604628,0.003492986299237967
0.0,0.00972045942422195,0.02178921662082847,-0.02178921662082847,-0.002805417313985873
0.0,-0.002081040179913507,0.018383191259728923,-0.018383191259728923,0.0006006080471136715
0.0,0.0014053791778985136,0.019389405143596272,-0.019389405143596272,-0.00040560583675367835
0.0,0.01015850827289455,0.02191564169713458,-0.02191564169713458,-0.0029318423902919815
0.0,0.0023304422719907514,0.019656387176794098,-0.019656387176794098,-0.0006725878699515004
0.0,0.00042920160206150193,0.019107670983382227,-0.019107670983382227,-0.00012387167653962926
0.0,0.0037361180334851696,0.020062078610402684,-0.020062078610402684,-0.0010782793035600889
0.0,0.014007480947064943,0.023026491926524884,-0.023026491926524884,-0.004042692619682289
0.0,-0.00017559601339156572,0.0189331206223549,-0.0189331206223549,5.067868448769583e-05
0.0,0.0017127370855292146,0.019478111567647487,-0.019478111567647487,-0.000494312260804891
0.0,0.00452455995494172,0.02028963046993874,-0.02028963046993874,-0.001305831163096146
0.0,0.004041519314613495,0.020150220333380913,-0.020150220333380913,-0.0011664210265383164
0.0,-0.00021734594703937127,0.01892107119324855,-0.01892107119324855,6.272811359404593e-05
0.0,0.000452194832708086,0.019114307049080896,-0.019114307049080896,-0.00013050774223829974
0.0,0.0077791163013856135,0.021228926476967454,-0.021228926476967454,-0.0022451271701248595
0.0,0.005821675803744153,0.020663990477183678,-0.020663990477183678,-0.001680191170341081
0.0,-0.0003258460273372066,0.018889757035084595,-0.018889757035084595,9.404227175800212e-05
0.0,-0.005086446449439896,0.017515802341558948,-0.017515802341558948,0.0014679969652836476
0.0,0.005095296193887933,0.020454350392792288,-0.020454350392792288,-0.001470551085949694
0.0,0.007170966908320198,0.02105340876094836,-0.02105340876094836,-0.0020696094541057647
0.0,-0.005493304207041971,0.017398379311669834,-0.017398379311669834,0.0015854199951727608
0.0,-0.001704167338318907,0.01849196035683003,-0.01849196035683003,0.0004918389500125667
0.0,0.000737722599547963,0.019196713086260607,-0.019196713086260607,-0.00021291377941801137
0.0,0.005683234964352302,0.020624035130338152,-0.020624035130338152,-0.0016402358234955563
0.0,4.265937281555665e-05,0.018996111208767964,-0.018996111208767964,-1.2311901925368119e-05
0.0,-0.00327287474868454,0.018039216434186687,-0.018039216434186687,0.0009445828726559088
0.0,0.0074138011482498545,0.021123493039005185,-0.021123493039005185,-0.0021396937321625903
0.0,0.00792799084446738,0.021271893090225733,-0.021271893090225733,-0.002288093783383137
0.0,0.0016842957106795176,0.01946990311556156,-0.01946990311556156,-0.0004861038087189662
0.0,-0.005876707172041695,0.0172877255586627,-0.0172877255586627,0.0016960737481798971
0.0,0.003374341747336196,0.019957666523210307,-0.019957666523210307,-0.0009738672163677104
0.0,0.00668390656297202,0.02091283849917752,-0.02091283849917752,-0.001929039192334924
0.0,0.0017666094762833762,0.019493659653511713,-0.019493659653511713,-0.000509860346669118
0.0,0.0006854008197059169,0.019181612521497006,-0.019181612521497006,-0.00019781321465440894
0.0,0.011150066851666862,0.02220181496151624,-0.02220181496151624,-0.0032180156546736415
0.0,0.0008425387276917995,0.019226964020691437,-0.019226964020691437,-0.0002431647138488413
0.0,-0.016126534744455467,0.014329527547428162,-0.014329527547428162,0.004654271759414434
0.0,0.004521331252766547,0.020288698635692166,-0.020288698635692166,-0.0013048993288495708
0.0,0.008058340784849571,0.021309513326437407,-0.021309513326437407,-0.002325714019594811
0.0,-0.0010189969053922,0.018689707079662284,-0.018689707079662284,0.0002940922271803136
0.0,0.002263879356942944,0.019637176484562906,-0.019637176484562906,-0.0006533771777203111
0.0,0.0071235200993795544,0.0210397151592896,-0.0210397151592896,-0.0020559158524470025
0.0,-0.004296448099761374,0.017743803401126745,-0.017743803401126745,0.0012399959057158496
0.0,-0.023381945257149872,0.012235546863586438,-0.012235546863586438,0.006748252443256157
0.0,0.006462752419523099,0.02084901130377302,-0.02084901130377302,-0.001865211996930425
0.0,0.012943228020842135,0.02271933838003245,-0.02271933838003245,-0.003735539073189852
0.0,-0.016647680109796337,0.014179120023747993,-0.014179120023747993,0.004804679283094602
0.0,0.013120586781854904,0.0227705258102986,-0.0227705258102986,-0.0037867265034560024
0.0,-0.02383846584506677,0.012103790667131189,-0.012103790667131189,0.006880008639711407
0.0,-0.006586554728659322,0.017082856782536404,-0.017082856782536404,0.0019009425243061916
0.0,-0.032353496411350324,0.009646271620218147,-0.009646271620218147,0.009337527686624448
0.0,-0.015308264998017185,0.014565688001783695,-0.014565688001783695,0.0044181113050589
0.0,0.04397412445198401,0.03167515109599324,-0.03167515109599324,-0.012691351789150642
0.0,-0.003397292018489928,0.018003308423295644,-0.018003308423295644,0.00098049088354695
0.0,0.013739523915341278,0.022949156971108206,-0.022949156971108206,-0.0039653576642656105
0.0,-0.012145144968583543,0.015478594615505704,-0.015478594615505704,0.003505204691336892
0.0,-0.018800014512092122,0.013557935783974127,-0.013557935783974127,0.0054258635228684685
0.0,0.0011093685155389998,0.019303973642772507,-0.019303973642772507,-0.0003201743359299118
0.0,-0.014195906037184347,0.01488672540875148,-0.01488672540875148,0.004097073898091116
0.0,-0.005130263873571406,0.017503156214977063,-0.017503156214977063,0.0014806430918655336
0.0,-0.03897590341661106,0.007734981786887366,-0.007734981786887366,0.01124881751995523
0.0,0.015024380686144978,0.023319978891502488,-0.023319978891502488,-0.0043361795846598924
0.0,-0.012908014000787449,0.015258423335749574,-0.015258423335749574,0.0037253759710930224
0.0,0.00035393738571354305,0.01908594901259348,-0.01908594901259348,-0.000102149705750883
0.0,-0.0056609945338124135,0.017349982283753902,-0.017349982283753902,0.0016338170230886923
0.0,0.032876173067238,0.02847217646220611,-0.02847217646220611,-0.009488377155363515
0.0,-0.01237468831159061,0.015412346217083551,-0.015412346217083551,0.0035714530897590444
0.0,-0.01716532127985071,0.014029723844254278,-0.014029723844254278,0.004954075462588317
0.0,0.025842707133391096,0.026442251100964934,-0.026442251100964934,-0.0074584517941223396
0.0,0.004051376711240895,0.02015306527207799,-0.02015306527207799,-0.001169265965235393
0.0,-0.034411425771964765,0.009052333576009939,-0.009052333576009939,0.009931465730832657
0.0,-0.01353207320412908,0.01507831389671995,-0.01507831389671995,0.0039054854101226466
0.0,0.010976067492112662,0.0221515970865566,-0.0221515970865566,-0.0031677977797140043
0.0,-0.005941674758709992,0.017268975293419787,-0.017268975293419787,0.0017148240134228082
0.0,0.029506792849203878,0.02749974119052336,-0.02749974119052336,-0.008515941883680763
0.0,0.004379678623643857,0.02024781633569283,-0.02024781633569283,-0.0012640170288502348
0.0,-0.0018046635646612463,0.01846295618726696,-0.01846295618726696,0.0005208431195756332
0.0,0.023494191121040897,0.025764446977139,-0.025764446977139,-0.006780647670296405
0.0,-0.0005559347650669899,0.018823351230542906,-0.018823351230542906,0.00016044807629968978
0.0,0.0012830081640498037,0.019354087701693713,-0.019354087701693713,-0.0003702883948511157
0.0,0.0013171307943036226,0.019363935818283166,-0.019363935818283166,-0.00038013651144057044
0.0,-0.003856841152281021,0.01787067815961159,-0.01787067815961159,0.001113121147231008
0.0,-0.016070691127224812,0.014345644548057174,-0.014345644548057174,0.004638154758785421
0.0,-0.0029854738442266493,0.01812216307675095,-0.01812216307675095,0.0008616362300916452
0.0,-0.01680350261882635,0.01413414816123991,-0.01413414816123991,0.004849651145602685
0.0,0.002859362131449217,0.019809038493638055,-0.019809038493638055,-0.0008252391867954595
0.0,-0.00203393834902843,0.01839678529743008,-0.01839678529743008,0.0005870140094125155
0.0,-0.03101701864061035,0.010031991853610436,-0.010031991853610436,0.00895180745323216
0.0,-0.0101129704925228,0.016065099554354034,-0.016065099554354034,0.0029186997524885605
0.0,-0.0032404516759250157,0.018048574042271087,-0.018048574042271087,0.0009352252645715076
0.0,-0.004662369010297374,0.017638195135800405,-0.017638195135800405,0.001345604171042191
0.0,0.00535903441522545,0.020530467759287994,-0.020530467759287994,-0.0015466684524453966
0.0,0.03133081639370272,0.028026171784956352,-0.028026171784956352,-0.009042372478113755
0.0,0.00941267817151159,0.02170038801534895,-0.02170038801534895,-0.002716588708506352
0.0,0.007203887818266752,0.021062910049593844,-0.021062910049593844,-0.0020791107427512476
0.0,0.0007329020475055348,0.019195321828957574,-0.019195321828957574,-0.000211522522114977
0.0,0.015378879091830777,0.023422290512968975,-0.023422290512968975,-0.004438491206126378
0.0,-0.0001551316306374062,0.018939026838428956,-0.018939026838428956,4.4772468413639396e-05
0.0,0.0011961033180916125,0.019329006134158656,-0.019329006134158656,-0.00034520682731606074
0.0,-0.028819473359129044,0.010666224384387043,-0.010666224384387043,0.008317574922455552
0.0,0.005981890060832162,0.020710229840074496,-0.020710229840074496,-0.0017264305332319006
0.0,0.011416551196032687,0.02227872488531337,-0.02227872488531337,-0.003294925578470777
0.0,-0.012819816608358736,0.015283877944525714,-0.015283877944525714,0.003699921362316882
0.0,0.022513373250030444,0.02548137358347379,-0.02548137358347379,-0.006497574276631194
0.0,0.008220020548377116,0.021356175648466248,-0.021356175648466248,-0.002372376341623651
0.0,0.011200166146517754,0.02221627409591095,-0.02221627409591095,-0.003232474789068354
0.0,-0.0010493573466290318,0.01868094476671092,-0.01868094476671092,0.00030285454013167666
0.0,-0.006921964711350426,0.016986054262032015,-0.016986054262032015,0.0019977450448105806
0.0,-0.004158621107493432,0.017783581585836778,-0.017783581585836778,0.0012002177210058164
0.0,6.349921218862242e-05,0.019002125785203744,-0.019002125785203744,-1.832647836114835e-05
0.0,0.022022522061804883,0.025339709248287417,-0.025339709248287417,-0.00635590994144482
0.0,-0.004796355216742376,0.0175995254385164,-0.0175995254385164,0.0013842738683261938
0.0,0.006051112519185553,0.02073020810187325,-0.02073020810187325,-0.0017464087950306542
0.0,-0.001268524584838171,0.018617691011111853,-0.018617691011111853,0.0003661082957307439
0.0,-0.003704038628435491,0.017914778425587575,-0.017914778425587575,0.0010690208812550199
0.0,0.005483064382283187,0.020566263990911552,-0.020566263990911552,-0.0015824646840689575
0.0,-0.0059674054882985494,0.017261549159413265,-0.017261549159413265,0.0017222501474293299
0.0,-0.028178764954173263,0.010851138941820432,-0.010851138941820432,0.008132660365022163
0.0,-0.0053787488495717906,0.01743144108058745,-0.01743144108058745,0.0015523582262551453
0.0,-0.004023574358396065,0.017822557365846845,-0.017822557365846845,0.0011612419409957491
0.0,0.00012045854325926086,0.01901856479148985,-0.01901856479148985,-3.476548464725431e-05
0.0,0.012192216013040102,0.022502589150623697,-0.022502589150623697,-0.0035187898437811036
0.0,0.0014827787168125717,0.01941174338884659,-0.01941174338884659,-0.000427944082003995
0.0,-0.016935392189468268,0.014096083573048635,-0.014096083573048635,0.0048877157337939596
0.0,-0.0036630286052607985,0.017926614309473326,-0.017926614309473326,0.0010571849973692688
0.0,-0.004040306703826824,0.017817728251344492,-0.017817728251344492,0.001166071055498102
0.0,-0.014512432962598854,0.014795372718703946,-0.014795372718703946,0.004188426588138649
0.0,0.0032893427453595248,0.0199331350004283,-0.0199331350004283,-0.0009493356935857037
0.0,-0.007684786454732473,0.016765896630280965,-0.016765896630280965,0.002217902676561631
0.0,0.01658676839931239,0.02377089888925038,-0.02377089888925038,-0.004787099582407786
0.0,-0.01471920868888299,0.01473569527164995,-0.01473569527164995,0.004248104035192645
0.0,0.000390794428747121,0.019096586306794932,-0.019096586306794932,-0.00011278699995233463
0.0,0.029504621333996228,0.027499114470520194,-0.027499114470520194,-0.008515315163677598
0.0,0.009080835857702363,0.021604615158116115,-0.021604615158116115,-0.0026208158512735203
0.0,0.013219002387319545,0.02279892949282917,-0.02279892949282917,-0.0038151301859865746
0.0,-0.011471189788493708,0.015673104509386138,-0.015673104509386138,0.003310694797456456
0.0,0.006438699367075529,0.02084206936339287,-0.02084206936339287,-0.0018582700565502744
0.0,0.0048322900955937165,0.020378444323990656,-0.020378444323990656,-0.001394645017148062
0.0,0.004863332840635781,0.020387403556328756,-0.020387403556328756,-0.0014036042494861597
0.0,0.011130616053760978,0.02219620127569805,-0.02219620127569805,-0.003212401968855455
0.0,-0.0007131195389205036,0.018777986205412017,-0.018777986205412017,0.00020581310143057732
0.0,0.00354113887216001,0.020005805764524123,-0.020005805764524123,-0.0010220064576815279
0.0,-0.00036434366656679096,0.01887864624917121,-0.01887864624917121,0.00010515305767138527
0.0,0.0008268557718451586,0.01922243777003326,-0.01922243777003326,-0.00023863846319066684
0.0,0.015209797205957498,0.023373491867821783,-0.023373491867821783,-0.0043896925609791864
0.0,-0.002564020390809607,0.018243798563681645,-0.018243798563681645,0.0007400007431609492
0.0,-0.004825492514895946,0.017591116136326516,-0.017591116136326516,0.0013926831705160785
0.0,-0.008331340584428193,0.016579294940924843,-0.016579294940924843,0.002404504365917752
0.0,0.021194392772258208,0.025100703235739916,-0.025100703235739916,-0.006116903928897319
0.0,-0.005667432349210744,0.017348124268819164,-0.017348124268819164,0.0016356750380234304
0.0,0.004850385958537151,0.02038366696265386,-0.02038366696265386,-0.0013998676558112638
0.0,-0.0025877588476783675,0.01823694741858649,-0.01823694741858649,0.0007468518882561059
0.0,-0.003083722237648967,0.01809380765321084,-0.01809380765321084,0.0008899916536317551
0.0,0.004416438203773465,0.02025842550117049,-0.02025842550117049,-0.0012746261943278952
0.0,-0.008034932488803492,0.016664841144780087,-0.016664841144780087,0.002318958162062508
0.0,0.02086134059079603,0.02500458119916143,-0.02500458119916143,-0.006020781892318832
0.0,-0.0006720045633211713,0.018789852379568667,-0.018789852379568667,0.00019394692727392669
0.0,-0.0016465185803191673,0.018508598338304365,-0.018508598338304365,0.0004752009685382295
0.0,0.00612227817348443,0.020750747188558155,-0.020750747188558155,-0.00176694788171556
0.0,0.00014583690635494584,0.019025889229165278,-0.019025889229165278,-4.2089922322683786e-05
0.0,0.003818756605307172,0.020085928890525743,-0.020085928890525743,-0.0011021295836831466
0.0,0.007121020299379444,0.021038993693163796,-0.021038993693163796,-0.0020551943863212
0.0,-0.0036413861990395313,0.01793286051435724,-0.01793286051435724,0.0010509387924853553
0.0,0.002027485447987365,0.019568950947459977,-0.019568950947459977,-0.0005851516406173811
0.0,0.007243744595420987,0.021074413095677196,-0.021074413095677196,-0.002090613788834598
0.0,-0.015877250249970554,0.014401473430479072,-0.014401473430479072,0.004582325876363523
0.0,0.01052407519882892,0.022021147799128202,-0.022021147799128202,-0.0030373484922856077
0.0,0.0017739084702186325,0.019495766212787053,-0.019495766212787053,-0.0005119669059444565
0.0,0.0023892585241640507,0.019673362108223732,-0.019673362108223732,-0.000689562801381137
0.0,0.002146971596890701,0.01960343578982037,-0.01960343578982037,-0.0006196364829777764
0.0,1.688528477283846e-05,0.018988672561097972,-0.018988672561097972,-4.8732542553763776e-06
0.0,-0.002690583513671685,0.018207271239129,-0.018207271239129,0.0007765280677135966
0.0,0.0011248494058304637,0.01930844157538394,-0.01930844157538394,-0.0003246422685413444
0.0,-0.0004392872986367369,0.018857016802063174,-0.018857016802063174,0.0001267825047794207
0.0,0.0009465333975153811,0.01925697787441509,-0.01925697787441509,-0.00027317856757249617
0.0,0.007759284493458862,0.021223202828022765,-0.021223202828022765,-0.0022394035211801694
0.0,0.003678053944041082,0.02004532076031163,-0.02004532076031163,-0.0010615214534690366
0.0,0.01928286287479275,0.024549017473111417,-0.024549017473111417,-0.005565218166268824
0.0,0.00392275298702649,0.020115943238318838,-0.020115943238318838,-0.001132143931476241
0.0,-0.0021209574072836856,0.018371670767136614,-0.018371670767136614,0.0006121285397059826
0.0,-0.008052299681943542,0.016659828807172976,-0.016659828807172976,0.0023239704996696198
0.0,0.004376080778473401,0.020246777963256534,-0.020246777963256534,-0.0012629786564139398
0.0,-0.004242126544221403,0.017759481120232772,-0.017759481120232772,0.001224318186609823
0.0,-0.011808492232419865,0.015575755806516992,-0.015575755806516992,0.0034080435003256042
0.0,-0.0012174356326716262,0.018632435770048274,-0.018632435770048274,0.00035136353679432225
0.0,-0.016205413633636034,0.014306762347579303,-0.014306762347579303,0.004677036959263293
0.0,0.00021216287934855416,0.01904503153765942,-0.01904503153765942,-6.12322308168239e-05
0.0,0.015357313493959523,0.023416066475707556,-0.023416066475707556,-0.004432267168864959
0.0,0.002540373205550228,0.0197169752467655,-0.0197169752467655,-0.0007331759399229065
0.0,-0.0015753666901773267,0.018529133452522255,-0.018529133452522255,0.0004546658543203418
0.0,-0.014284032792181156,0.014861291186612002,-0.014861291186612002,0.004122508120230593
0.0,0.014922967493543604,0.02329071007673006,-0.02329071007673006,-0.004306910769887462
0.0,-0.007468562068020934,0.016828301050865753,-0.016828301050865753,0.0021554982559768413
0.0,-0.001378858764733426,0.018585847514308473,-0.018585847514308473,0.0003979517925341222
0.0,-0.006070216944686235,0.01723187679237397,-0.01723187679237397,0.001751922514468628
0.0,0.02161695515261708,0.025222658769564157,-0.025222658769564157,-0.00623885946272156
0.0,0.012818562518186694,0.02268335872677297,-0.02268335872677297,-0.0036995594199303746
0.0,0.0026032365675492386,0.01973511821269651,-0.01973511821269651,-0.0007513189058539126
0.0,-0.001298238661417761,0.018609115245166286,-0.018609115245166286,0.0003746840616763084
0.0,0.0005150801927265025,0.019132456363850144,-0.019132456363850144,-0.00014865705700754705
0.0,0.003701760406026544,0.020052162671378267,-0.020052162671378267,-0.0010683633645356717
0.0,0.0038427480627742927,0.020092853054006977,-0.020092853054006977,-0.0011090537471643807
0.0,0.006001641860553519,0.020715930397887904,-0.020715930397887904,-0.0017321310910453098
0.0,4.832031784740565e-05,0.018997745011504315,-0.018997745011504315,-1.3945704661717966e-05
0.0,0.00091095635360805,0.019246710000171478,-0.019246710000171478,-0.0002629106933288823
0.0,-0.005122452280258649,0.01750541071532247,-0.01750541071532247,0.0014783885915201267
0.0,0.006185094896691501,0.020768876694088917,-0.020768876694088917,-0.0017850773872463215
0.0,0.0008368043854836138,0.019225309034829854,-0.019225309034829854,-0.00024150972798725977
0.0,0.0025483530061645165,0.019719278293342673,-0.019719278293342673,-0.0007354789865000771
0.0,0.006030102155631267,0.020724144310532128,-0.020724144310532128,-0.0017403450036895317
0.0,0.0033795554893063517,0.01995917125887715,-0.01995917125887715,-0.0009753719520345538
0.0,-0.0016443283858672553,0.01850923044931561,-0.01850923044931561,0.0004745688575269866
0.0,0.0006126972471360848,0.019160629576928788,-0.019160629576928788,-0.00017683027008619362
0.0,0.0007713239125555216,0.01920641074571991,-0.01920641074571991,-0.000222611438877313
10.363636578101834,0.0010091453555356455,0.019275048282759673,10.344361529819075,10.363345329125917
0.0,-0.0015082191889665975,0.01854851286189647,-0.01854851286189647,0.00043528644494612433
0.0,-0.0001907894500615681,0.01892873565160066,-0.01892873565160066,5.506365524193405e-05
0.0,0.011314828013585299,0.02224936660451437,-0.02224936660451437,-0.0032655672976717714
0.0,-0.0013130618315739806,0.018604837136859925,-0.018604837136859925,0.00037896216998267024
0.0,0.0050071702616640845,0.020428916408112938,-0.020428916408112938,-0.0014451171012703414
0.0,-0.002122957701494954,0.01837109346314629,-0.01837109346314629,0.0006127058436963037
0.0,-0.001844782063018524,0.018451377605947835,-0.018451377605947835,0.0005324217008947595
0.0,-0.001376327172630698,0.01858657815593836,-0.01858657815593836,0.0003972211509042374
0.0,0.0037251273626697223,0.020058906597964554,-0.020058906597964554,-0.0010751072911219582
0.0,0.00900758006769764,0.02158347283832855,-0.02158347283832855,-0.002599673531485954
0.0,-0.001710746243041017,0.018490061622170588,-0.018490061622170588,0.0004937376846720088
0.0,0.007384542591010179,0.02111504874028635,-0.02111504874028635,-0.0021312494334437566
0.0,0.00137641065101346,0.019381044550404403,-0.019381044550404403,-0.0003972452435618087
0.0,-0.010115654884377157,0.016064324813258264,-0.016064324813258264,0.002919474493584333
0.0,-0.0012949592195925508,0.018610061723359873,-0.018610061723359873,0.00037373758348272336
0.0,0.0024135455272700224,0.01968037156899557,-0.01968037156899557,-0.0006965722621529745
0.0,0.00583628034196626,0.02066820548622831,-0.02066820548622831,-0.0016844061793857125
0.0,0.0002634624737614111,0.019059837089957458,-0.019059837089957458,-7.603778311486266e-05
0.0,0.00422090718967616,0.020201993385317727,-0.020201993385317727,-0.00121819407847513
0.0,0.0022443057531671418,0.01963152735579921,-0.01963152735579921,-0.0006477280489566128
0.0,-0.017852526697772375,0.013831389805340613,-0.013831389805340613,0.0051524095015019825
0.0,0.007662558220206783,0.021195286702883398,-0.021195286702883398,-0.0022114873960408033
0.0,0.01669359840810869,0.023801731048848064,-0.023801731048848064,-0.004817931742005468
0.0,-0.00272251746839014,0.01819805479517698,-0.01819805479517698,0.0007857445116656133
0.0,0.0023541990752451447,0.019663243616831153,-0.019663243616831153,-0.0006794443099885581
0.0,0.002884262567260709,0.019816224996940284,-0.019816224996940284,-0.0008324256900976885
0.0,0.006240171597036381,0.02078477235518902,-0.02078477235518902,-0.001800973048346425
0.0,0.004184752099316791,0.020191558681354027,-0.020191558681354027,-0.0012077593745114317
0.0,-0.0027857656113878804,0.01817980077777929,-0.01817980077777929,0.0008039985290633062
0.0,0.0007494929370688297,0.019200110117947217,-0.019200110117947217,-0.0002163108111046222
0.0,0.005507371620330659,0.02057327929168053,-0.02057327929168053,-0.0015894799848379345
0.0,0.002384924061824778,0.019672111141045872,-0.019672111141045872,-0.0006883118342032777
0.0,-0.003234911055292722,0.018050173118237943,-0.018050173118237943,0.0009336261886046524
0.0,0.006257435156610036,0.0207897547831603,-0.0207897547831603,-0.0018059554763177072
0.0,0.003075691142146564,0.019871473109703164,-0.019871473109703164,-0.0008876738028605689
0.0,0.0019247226272978146,0.0195392926171471,-0.0195392926171471,-0.0005554933103045043
0.0,-0.02052856505826517,0.013059059607581698,-0.013059059607581698,0.0059247396992608975
0.0,-0.006111960522950599,0.017219829197491904,-0.017219829197491904,0.0017639701093506923
0.0,-0.000994377240208233,0.018696812549883115,-0.018696812549883115,0.0002869867569594794
0.0,0.01055051646463201,0.022028779000664096,-0.022028779000664096,-0.003044979693821499
0.0,0.005561085699577806,0.020588781687333687,-0.020588781687333687,-0.0016049823804910922
0.0,-0.015739677754675885,0.014441178164934954,-0.014441178164934954,0.004542621141907642
0.0,0.0016152009236127807,0.019449961700914002,-0.019449961700914002,-0.0004661623940714063
0.0,0.017219001487115193,0.023953367389306767,-0.023953367389306767,-0.004969568082464171
0.0,-0.0073780374502926405,0.01685442731906292,-0.01685442731906292,0.0021293719877796737
0.0,-0.008341232507744434,0.016576440037496015,-0.016576440037496015,0.0024073592693465806
0.0,0.008922733898683255,0.021558985424597343,-0.021558985424597343,-0.0025751861177547475
0.0,-0.0013617034323515353,0.018590798706879824,-0.018590798706879824,0.00039300059996277
0.0,-0.018870951812180237,0.013537462602492735,-0.013537462602492735,0.005446336704349861
0.0,0.007080513662183874,0.021027303091273455,-0.021027303091273455,-0.0020435037844308587
0.0,-0.006049325659529536,0.01723790621655365,-0.01723790621655365,0.0017458930902889461
0.0,-0.01120034817237281,0.015751271983376114,-0.015751271983376114,0.003232527323466481
0.0,-0.019494949042855536,0.013357371049365775,-0.013357371049365775,0.00562642825747682
0.0,0.013398228752857344,0.022850655931576456,-0.022850655931576456,-0.003866856624733861
0.0,0.004310201897316901,0.020227764689731427,-0.020227764689731427,-0.0012439653828888299
0.0,0.014985846366661448,0.02330885751931792,-0.02330885751931792,-0.004325058212475325
0.0,-0.003550567117658776,0.017959071767573418,-0.017959071767573418,0.0010247275392691777
0.0,0.00291397966743423,0.0198248016355239,-0.0198248016355239,-0.0008410023286813037
0.0,0.009340748456551973,0.02167962841346892,-0.02167962841346892,-0.0026958291066263274
0.0,0.003161136890789118,0.019896133567834495,-0.019896133567834495,-0.0009123342609918978
0.0,-0.002747836267090409,0.018190747548354258,-0.018190747548354258,0.0007930517584883367
0.0,0.007060045042073693,0.02102139565225803,-0.02102139565225803,-0.0020375963454154337
0.0,0.006684706201916635,0.020913069282604748,-0.020913069282604748,-0.0019292699757621529
0.0,-0.0018295015230987977,0.01845578771553083,-0.01845578771553083,0.0005280115913117668
0.0,0.004962987972138233,0.020416164977897767,-0.020416164977897767,-0.0014323656710551712
0.0,0.0003452097520288966,0.019083430134258568,-0.019083430134258568,-9.963082741597412e-05
0.0,-0.0001800552456384663,0.01893183364539151,-0.01893183364539151,5.1965661451085644e-05
0.0,0.002183677516658822,0.019614029468405837,-0.019614029468405837,-0.0006302301615632415
0.0,-0.0015200063176690204,0.018545110984114693,-0.018545110984114693,0.00043868832272790463
0.0,-0.00400444374710851,0.0178280786427527,-0.0178280786427527,0.0011557206640898962
0.0,-0.0027933795260068894,0.018177603329390567,-0.018177603329390567,0.0008061959774520265
0.0,-0.007776699229565143,0.016739369726701744,-0.016739369726701744,0.002244429580140851
0.0,0.00019023558280406583,0.019038703110710636,-0.019038703110710636,-5.490380386803964e-05
0.0,8.367659155239515e-05,0.01900794916936159,-0.01900794916936159,-2.4149862518993353e-05
0.0,0.003925413156908419,0.020116710988722312,-0.020116710988722312,-0.0011329116818797158
0.0,-0.011017851653977395,0.01580394221943233,-0.01580394221943233,0.003179857087410265
0.0,0.00573117089721964,0.020637869897827947,-0.020637869897827947,-0.001654070590985351
0.0,0.013514947433656221,0.02288434205624283,-0.02288434205624283,-0.003900542749400234
0.0,0.0052767819301140495,0.020506728907472523,-0.020506728907472523,-0.0015229296006299272
0.0,-0.0015926699031209024,0.018524139580210156,-0.018524139580210156,0.00045965972663243956
0.0,0.008979584523029382,0.021575393057085793,-0.021575393057085793,-0.0025915937502431984
0.0,0.006249847099511818,0.02078756479749874,-0.02078756479749874,-0.001803765490656144
0.0,0.0035554240499382495,0.02000992860309825,-0.02000992860309825,-0.001026129296255657
0.0,0.002300662213150728,0.01964779236773876,-0.01964779236773876,-0.0006639930608961654
0.0,-0.00175271131343413,0.018477950102547335,-0.018477950102547335,0.0005058492042952594
0.0,-0.0033793036283190636,0.018008500044291494,-0.018008500044291494,0.0009752992625511025
0.0,-0.006855308680100647,0.017005291828487337,-0.017005291828487337,0.0019785074783552604
0.0,-0.009069835815006422,0.016366158172821315,-0.016366158172821315,0.00261764113402128
0.0,0.0038199203649145197,0.02008626476264961,-0.02008626476264961,-0.001102465455807013
0.0,0.004544163641626575,0.020295288280916954,-0.020295288280916954,-0.00131148897407436
0.0,0.008074036650198346,0.021314043302901042,-0.021314043302901042,-0.0023302439960584463
0.0,-0.011111495877577093,0.015776915603222533,-0.015776915603222533,0.0032068837036200626
0.0,0.004895437361786659,0.020396669227380215,-0.020396669227380215,-0.001412869920537619
0.0,-0.00806733006032423,0.01665549089659646,-0.01665549089659646,0.0023283084102461373
0.0,-0.006204391417766519,0.017193152759543133,-0.017193152759543133,0.001790646547299462
0.0,-0.0003685605881837972,0.018877429205367027,-0.018877429205367027,0.00010637010147556921
0.0,0.00880379946585852,0.02152465981276009,-0.02152465981276009,-0.0025408605059174952
0.0,0.0021779408643529674,0.019612373815828033,-0.019612373815828033,-0.0006285745089854366
0.0,-0.007688267521873571,0.016764891961097896,-0.016764891961097896,0.0022189073457446994
0.0,-0.01192558460112425,0.015541961831956453,-0.015541961831956453,0.0034418374748861422
0.0,-0.0008273801774386635,0.0187450094951953,-0.0187450094951953,0.00023878981164729472
0.0,0.0031831687125787322,0.019902492161766094,-0.019902492161766094,-0.0009186928549234991
0.0,0.0039531157988739185,0.020124706235451033,-0.020124706235451033,-0.0011409069286084355
0.0,0.004080919686204165,0.020161591656464934,-0.020161591656464934,-0.0011777923496223371
0.0,0.010592724697279676,0.02204096069923355,-0.02204096069923355,-0.003057161392390956
0.0,-0.02278464425831217,0.01240793362954781,-0.01240793362954781,0.006575865677294787
0.0,-0.0012248353901096465,0.018630300129464848,-0.018630300129464848,0.0003534991773777486
0.0,-0.009733809463420173,0.01617452904419714,-0.01617452904419714,0.0028092702626454557
0.0,-0.010760206333523925,0.01587830111661228,-0.01587830111661228,0.003105498190230314
0.0,-0.0009564073932939454,0.018707771009899656,-0.018707771009899656,0.00027602829694293947
0.0,-0.004186874918536865,0.01777542726645453,-0.01777542726645453,0.0012083720403880688
0.0,0.007377489898070522,0.021113013265827825,-0.021113013265827825,-0.0021292139589852307
0.0,-0.013979844477308045,0.014949082835958402,-0.014949082835958402,0.004034716470884193
0.0,0.0006687560771996282,0.019176808690034304,-0.019176808690034304,-0.00019300938319170865
0.0,0.012611779574887017,0.022623679196819447,-0.022623679196819447,-0.00363987988997685
0.0,-0.01743184580508239,0.013952802323875968,-0.013952802323875968,0.005030996982966627
0.0,0.0017543350239683786,0.019490117129486728,-0.019490117129486728,-0.0005063178226441341
0.0,0.003045016966140013,0.01986262024990452,-0.01986262024990452,-0.0008788209430619266
0.0,0.005395190996116739,0.02054090289343342,-0.02054090289343342,-0.0015571035865908254
0.0,0.013423475684721353,0.02285794243694469,-0.02285794243694469,-0.003874143130102097
0.0,-0.006468448774604507,0.01711694328749774,-0.01711694328749774,0.0018668560193448567
0.0,-0.002827986549257977,0.01816761541236144,-0.01816761541236144,0.0008161838944811524
0.0,-0.011725787945559007,0.015599625052627124,-0.015599625052627124,0.0033841742542154722
0.0,0.009184457300265958,0.0216345212948923,-0.0216345212948923,-0.0026507219880497015
0.0,0.012944354874931063,0.022719663600871652,-0.022719663600871652,-0.0037358642940290582
0.0,0.008282747245164312,0.021374279171513463,-0.021374279171513463,-0.0023904798646708684
0.0,0.01011922818616795,0.021904305089409732,-0.021904305089409732,-0.002920505782567137
0.0,0.014409702179091433,0.023142576810904737,-0.023142576810904737,-0.00415877750406214
0.0,-0.0013361790618444669,0.018598165283686956,-0.018598165283686956,0.00038563402315564015
0.0,0.0010015590452223666,0.019272858801236904,-0.019272858801236904,-0.0002890594943943084
0.0,0.010453846497412655,0.02200087912598288,-0.02200087912598288,-0.003017079819140285
0.0,-0.006961116506509657,0.016974754680477294,-0.016974754680477294,0.0020090446263652997
0.0,-0.01809053260189253,0.013762699031056251,-0.013762699031056251,0.005221100275786345
0.0,-0.004433512667192274,0.017704245259497507,-0.017704245259497507,0.0012795540473450873
0.0,0.003105840267646931,0.019880174434917228,-0.019880174434917228,-0.0008963751280746324
0.0,-0.0067161276923011215,0.017045460789223643,-0.017045460789223643,0.0019383385176189524
0.0,0.005554424471774233,0.02058685919344765,-0.02058685919344765,-0.0016030598866050541
0.0,-0.008129889770918997,0.01663743556735727,-0.01663743556735727,0.002346363739485326
0.0,0.01630870818887753,0.02369064806008271,-0.02369064806008271,-0.004706848753240115
0.0,-0.0006708332980633891,0.01879019041789485,-0.01879019041789485,0.00019360888894774794
0.0,0.013546192203295337,0.022893359594806765,-0.022893359594806765,-0.003909560287964168
0.0,0.0009078513609139804,0.019245813869661222,-0.019245813869661222,-0.00026201456281862713
0.0,-0.0056430132712504966,0.017355171847653818,-0.017355171847653818,0.0016286274591887776
0.0,-0.004104971538103408,0.017799065363329807,-0.017799065363329807,0.0011847339435127884
0.0,-0.020308668519432915,0.013122523846297446,-0.013122523846297446,0.005861275460545149
0.0,-0.0032339665839667964,0.018050445701671986,-0.018050445701671986,0.000933353605170611
0.0,-0.006450532698506817,0.01712211403796226,-0.01712211403796226,0.001861685268880336
0.0,-0.004132299323336697,0.01779117830382979,-0.01779117830382979,0.001192621003012807
0.0,-0.025556664705103427,0.011607902086103194,-0.011607902086103194,0.007375897220739403
0.0,0.005015682586245518,0.02043137314618681,-0.02043137314618681,-0.001447573839344214
0.0,-0.047820446201610634,0.005182362370412336,-0.005182362370412336,0.01380143693643026
0.0,-0.0005749176607442452,0.018817872585771254,-0.018817872585771254,0.00016592672107134082
0.0,-0.06663446415643826,-0.00024754267960943807,0.00024754267960943807,0.019231341986452034
0.0,0.0474068481332115,0.03266586789539141,-0.03266586789539141,-0.01368206858854881
0.0,-0.04415240397919251,0.006240994345518459,-0.006240994345518459,0.012742804961324137
0.0,0.04629002144148742,0.032343541058670405,-0.032343541058670405,-0.01335974175182781
0.0,0.00526166928318772,0.020502367253408968,-0.020502367253408968,-0.0015185679465663721
0.0,0.021784622088531824,0.025271049046656006,-0.025271049046656006,-0.00628724973981341
0.0,-0.00973854541245922,0.016173162204127914,-0.016173162204127914,0.0028106371027146805
0.0,0.0009473866272851073,0.019257224124665653,-0.019257224124665653,-0.0002734248178230587
0.0,-0.0445937143129993,0.006113627973491085,-0.006113627973491085,0.012870171333351511
0.0,-0.015008981502439234,0.014652064073494092,-0.014652064073494092,0.0043317352333485035
0.0,0.00025804116011829414,0.019058272447125758,-0.019058272447125758,-7.447314028316179e-05
0.0,0.034284877594586316,0.028878742026531748,-0.028878742026531748,-0.00989494271968915
0.0,0.013119972745138542,0.022770348593444917,-0.022770348593444917,-0.0037865492866023206
0.0,-0.01556552007023193,0.014491441733968047,-0.014491441733968047,0.00449235757287455
0.0,0.015121610152536658,0.023348040242981937,-0.023348040242981937,-0.004364240936139342
0.0,0.028280001568408375,0.027145677524436293,-0.027145677524436293,-0.008161878217593696
0.0,0.002347024984931334,0.01966117310593243,-0.01966117310593243,-0.0006773737990898335
0.0,0.004921982065451136,0.020404330282069602,-0.020404330282069602,-0.0014205309752270078
0.0,-0.01187143263889856,0.015557590604814216,-0.015557590604814216,0.00342620870202838
0.0,-0.025281938303220453,0.011687190746321352,-0.011687190746321352,0.007296608560521244
0.0,-0.007436289416773878,0.016837615245866775,-0.016837615245866775,0.00214618406097582
0.0,0.028646463529026667,0.027251441941977497,-0.027251441941977497,-0.008267642635134903
0.0,-0.010612179635699603,0.015921023033641603,-0.015921023033641603,0.0030627762732009915
0.0,-0.026705492278710663,0.011276339489612021,-0.011276339489612021,0.007707459817230576
0.0,0.006965716710316983,0.020994171595908363,-0.020994171595908363,-0.002010372289065766
0.0,0.00912006281484623,0.021615936432136575,-0.021615936432136575,-0.002632137125293981
0.0,0.013479804803234297,0.022874199557875004,-0.022874199557875004,-0.0038904002510324097
0.0,0.017187073659429952,0.023944152713674983,-0.023944152713674983,-0.004960353406832386
0.0,0.0057066970727697175,0.020630806518634144,-0.020630806518634144,-0.0016470072117915474
0.0,-0.0098025870260805,0.016154679183539297,-0.016154679183539297,0.0028291201233032995
0.0,-0.0016610054537223862,0.018504417288448878,-0.018504417288448878,0.0004793820183937166
0.0,-0.02939044252863232,0.010501437235552786,-0.010501437235552786,0.00848236207128981
0.0,-0.031883121516435575,0.009782026301830199,-0.009782026301830199,0.009201773005012397
0.0,0.006082009597382809,0.02073912529337041,-0.02073912529337041,-0.001755325986527814
0.0,0.023336145831710953,0.025718833599033097,-0.025718833599033097,-0.006735034292190501
0.0,0.010688382331855317,0.02206856840505708,-0.02206856840505708,-0.003084769098214482
0.0,-0.020691134941917988,0.013012140388393784,-0.013012140388393784,0.005971658918448811
0.0,0.008114229792425487,0.021325643427153044,-0.021325643427153044,-0.002341844120310448
0.0,-0.024974129488995245,0.01177602730631697,-0.01177602730631697,0.007207772000525626
0.0,-0.0284510281118181,0.010772561197386463,-0.010772561197386463,0.008211238109456133
0.0,0.022488442948566112,0.02547417846065926,-0.02547417846065926,-0.006490379153816665
0.0,0.017865633700204997,0.024139991614275262,-0.024139991614275262,-0.005156192307432667
0.0,0.018303664125949304,0.024266411373548527,-0.024266411373548527,-0.005282612066705932
0.0,-0.008163308930517088,0.016627790479109516,-0.016627790479109516,0.002356008827733081
0.0,0.034124984892549115,0.028832595467495926,-0.028832595467495926,-0.00984879616065333
0.0,0.0005440035535435594,0.019140803921683946,-0.019140803921683946,-0.00015700461484135047
0.0,0.009794704112697561,0.021810644346147906,-0.021810644346147906,-0.0028268450393053104
0.0,-0.002973672247100878,0.018125569130257726,-0.018125569130257726,0.0008582301765848713
0.0,0.01738025794738407,0.023999907541977235,-0.023999907541977235,-0.005016108235134639
0.0,-0.019369883187983272,0.013393466248094017,-0.013393466248094017,0.005590333058748579
0.0,0.020418716445174567,0.024876835648511793,-0.024876835648511793,-0.005893036341669199
0.0,-0.01264913736003248,0.015333137603714188,-0.015333137603714188,0.003650661703128407
0.0,0.0045541787147385104,0.020298178726551555,-0.020298178726551555,-0.0013143794197089608
0.0,0.01880876515031682,0.02441218834737567,-0.02441218834737567,-0.005428389040533077
0.0,0.012872958939026846,0.022699058052718775,-0.022699058052718775,-0.003715258745876179
0.0,-0.02004472508361621,0.013198700439649397,-0.013198700439649397,0.005785098867193197
0.0,0.010536553156824224,0.02202474905683378,-0.02202474905683378,-0.003040949749991184
0.0,0.034291437858544604,0.028880635381288933,-0.028880635381288933,-0.009896836074446339
0.0,0.0003892292585989665,0.019096134583759902,-0.019096134583759902,-0.00011233527691730762
0.0,-0.02473750308360323,0.011844319944109255,-0.011844319944109255,0.0071394793627333406
0.0,-0.027942247001422227,0.010919400279145995,-0.010919400279145995,0.0080643990276966
0.0,0.016104667765514558,0.023631760047544012,-0.023631760047544012,-0.0046479607407014165
0.0,0.01878180753005876,0.024404408121018534,-0.024404408121018534,-0.00542060881417594
0.0,-0.006280017279460592,0.01717132641445774,-0.01717132641445774,0.0018124728923848575
0.0,0.006295743615618132,0.02080081096985716,-0.02080081096985716,-0.0018170116630145652
0.0,0.011735638864999398,0.022370816630377186,-0.022370816630377186,-0.003387017323534592
0.0,-0.036695142913972245,0.008393231024285956,-0.008393231024285956,0.01059056828255664
0.0,0.008624176874533207,0.0214728190194709,-0.0214728190194709,-0.0024890197126283065
0.0,0.019480539941325148,0.0246060689601683,-0.0246060689601683,-0.0056222696533257035
0.0,-0.009550141648312915,0.016227537327657478,-0.016227537327657478,0.002756261979185119
0.0,0.004817163683512371,0.020374078697172057,-0.020374078697172057,-0.0013902793903294625
0.0,-0.016616200730203312,0.014188205272982587,-0.014188205272982587,0.004795594033860009
0.0,-0.016799952076269054,0.014135172881690824,-0.014135172881690824,0.004848626425151771
0.0,-0.00039467858438069214,0.018869891302523176,-0.018869891302523176,0.00011390800431942075
0.0,-0.018648495446902502,0.013601665631539016,-0.013601665631539016,0.005382133675303579
0.0,-0.004140841830647446,0.01778871285473232,-0.01778871285473232,0.0011950864521102756
0.0,-0.02209521492281885,0.012606909512286761,-0.012606909512286761,0.0063768897945558345
0.0,-0.002685506857766806,0.01820873641044973,-0.01820873641044973,0.0007750628963928659
0.0,0.029240425313361795,0.027422864978780423,-0.027422864978780423,-0.008439065671937826
0.0,0.002213653490450218,0.019622680820384986,-0.019622680820384986,-0.0006388815135423895
0.0,0.0433153072475978,0.0314850101663031,-0.0314850101663031,-0.012501210859460503
0.0,-0.0019086457924624156,0.01843294592442966,-0.01843294592442966,0.0005508533824129346
0.0,-0.00024098633145541726,0.018914248352798767,-0.018914248352798767,6.955095404382907e-05
0.0,0.010287014543699957,0.021952729832719495,-0.021952729832719495,-0.0029689305258769
0.0,0.0011057487964409862,0.019302928957312063,-0.019302928957312063,-0.00031912965046946657
0.0,0.002018354924337773,0.01956631579123799,-0.01956631579123799,-0.0005825164843953929
0.0,-0.02114181011508598,0.012882071234394898,-0.012882071234394898,0.006101728072447699
0.0,0.01688335256005491,0.023856495907178126,-0.023856495907178126,-0.00487269660033553
0.0,-0.014914054108935981,0.014679461024778306,-0.014679461024778306,0.004304338282064291
0.0,-0.00868600976072853,0.01647693403343001,-0.01647693403343001,0.002506865273412586
0.0,-0.01134836742295231,0.015708552215692687,-0.015708552215692687,0.003275247091149908
0.0,0.0032431003656709922,0.01991978900854083,-0.01991978900854083,-0.0009359897016982368
0.0,0.0032161498496299235,0.019912010832528484,-0.019912010832528484,-0.0009282115256858905
0.0,-0.011732825699560245,0.015597593889688729,-0.015597593889688729,0.0033862054171538668
0.0,0.029825423296426123,0.027591700977030252,-0.027591700977030252,-0.008607901670187655
0.0,0.0019495059855065833,0.01954644533073637,-0.01954644533073637,-0.0005626460238937757
0.0,0.008265549753183832,0.021369315811279797,-0.021369315811279797,-0.0023855165044371998
0.0,0.009035052675189448,0.021591401694913845,-0.021591401694913845,-0.002607602388071251
0.0,7.9107947907886e-05,0.019006630615225166,-0.019006630615225166,-2.283130838257059e-05
0.0,-0.0124780022540123,0.01538252882778159,-0.01538252882778159,0.003601270479061006
0.0,0.01070708742195392,0.02207396687248872,-0.02207396687248872,-0.0030901675656461263
0.0,-0.0042913365279230176,0.017745278649518945,-0.017745278649518945,0.0012385206573236516
0.0,0.015473984880403524,0.023449738950771966,-0.023449738950771966,-0.00446593964392937
0.0,0.00018792399994027598,0.01903803596584579,-0.01903803596584579,-5.423665900319616e-05
0.0,0.002943716919978634,0.019833384090273985,-0.019833384090273985,-0.0008495847834313906
0.0,-0.002536961462655807,0.018251608028463876,-0.018251608028463876,0.0007321912783787178
0.0,0.0022615979258335805,0.01963651804178201,-0.01963651804178201,-0.0006527187349394149
0.0,0.00888576974833133,0.021548317218202113,-0.021548317218202113,-0.0025645179113595166
0.0,0.0003095972599744812,0.019073152029341563,-0.019073152029341563,-8.935272249896932e-05
0.0,0.002336608362904613,0.019658166769450616,-0.019658166769450616,-0.0006743674626080216
0.0,-0.004947922948427275,0.01755578154533674,-0.01755578154533674,0.0014280177615058533
0.0,0.003552954600872571,0.020009215896541647,-0.020009215896541647,-0.0010254165896990514
0.0,0.011107929092462498,0.02218965360225477,-0.02218965360225477,-0.003205854295412173
0.0,0.004938656879440728,0.02040914279244924,-0.02040914279244924,-0.0014253434856066434
0.0,0.0006694597815233294,0.01917701178581481,-0.01917701178581481,-0.00019321247897221454
0.0,0.00047134296924533636,0.019119833383940986,-0.019119833383940986,-0.0001360340770983897
0.0,-0.00102581731454221,0.01868773864452122,-0.01868773864452122,0.00029606066232137565
0.0,0.008679141952454561,0.0214886824652748,-0.0214886824652748,-0.002504883158432206
0.0,-0.005753890884025226,0.01732317151093758,-0.01732317151093758,0.001660627795905017
0.0,-0.0015928775670267514,0.01852407964642601,-0.01852407964642601,0.0004597196604165884
0.0,-0.0025221231757218687,0.01825589049961649,-0.01825589049961649,0.0007279088072261064
0.0,-0.0004569466961219515,0.01885192013149469,-0.01885192013149469,0.0001318791753479052
0.0,0.008899605562620927,0.02155231036618691,-0.02155231036618691,-0.002568511059344313
0.0,0.0010951470667548424,0.019299869196993984,-0.019299869196993984,-0.0003160698901513902
0.0,0.014605356896842503,0.023199044628811994,-0.023199044628811994,-0.004215245321969399
0.0,-0.0004238741534883239,0.018861465182780097,-0.018861465182780097,0.00012233412406249835
0.0,0.00202338180532724,0.019567766597043325,-0.019567766597043325,-0.0005839672902007291
0.0,0.0021602108339675574,0.019607256759930778,-0.019607256759930778,-0.0006234574530881835
0.0,0.0014741105602813498,0.019409241676185518,-0.019409241676185518,-0.00042544236934292126
0.0,-0.006886302644093845,0.016996346674825268,-0.016996346674825268,0.0019874526320173293
0.0,0.006800039312997219,0.020946355518633372,-0.020946355518633372,-0.0019625562117907783
0.0,-0.0009395233752043097,0.018712643898578178,-0.018712643898578178,0.0002711554082644184
0.0,-0.0053832058728249255,0.017430154741160733,-0.017430154741160733,0.0015536445656818625
0.0,0.01102570580548079,0.022165923177298052,-0.022165923177298052,-0.003182123870455456
0.0,0.0023489303072772305,0.01966172300013646,-0.01966172300013646,-0.0006779236932938648
0.0,0.000719922777789872,0.019191575887907455,-0.019191575887907455,-0.00020777658106485762
0.0,-0.0033401068031253534,0.018019812621943708,-0.018019812621943708,0.0009639866848988878
0.0,0.004272002277298181,0.020216739915005125,-0.020216739915005125,-0.0012329406081625289
0.0,0.0016722378083675604,0.01946642308993314,-0.01946642308993314,-0.0004826237830905456
0.0,0.0013545591394890089,0.01937473799573532,-0.01937473799573532,-0.0003909386888927259
0.0,0.0033563334079245166,0.019952469144673263,-0.019952469144673263,-0.0009686698378306663
0.0,-0.0047369876733168725,0.01761665947786023,-0.01761665947786023,0.0013671398289823646
0.0,0.006158039788692005,0.020761068331839657,-0.020761068331839657,-0.0017772690249970627
0.0,-0.003245756135652589,0.01804704312459409,-0.01804704312459409,0.0009367561822485047
0.0,-0.003869693865664492,0.017866968743926168,-0.017866968743926168,0.001116830562916427
0.0,-0.015370160722531612,0.014547824305261102,-0.014547824305261102,0.004435975001581493
0.0,0.0069006220464606915,0.020975384654976798,-0.020975384654976798,-0.0019915853481342013
0.0,0.009817931917032618,0.021817348112050685,-0.021817348112050685,-0.0028335488052080894
0.0,0.0036312500921620305,0.020031812722194058,-0.020031812722194058,-0.0010480134153514626
0.0,0.00016046065922270536,0.019030109783739937,-0.019030109783739937,-4.631047689734031e-05
0.0,0.018131549330308916,0.024216737401711406,-0.024216737401711406,-0.005232938094868811
0.0,-0.0011962619960680376,0.018638546683548897,-0.018638546683548897,0.0003452526232936975
0.0,0.005967198922915307,0.020705989837531878,-0.020705989837531878,-0.0017221905306892841
0.0,0.0011193985360786751,0.019306868402377338,-0.019306868402377338,-0.0003230690955347431
0.0,0.00397384638616094,0.020130689280692615,-0.020130689280692615,-0.0011468899738500198
0.0,-0.003000518154814724,0.01811782114520648,-0.01811782114520648,0.0008659781616361148
0.0,-0.0018711970276237277,0.018443753995188543,-0.018443753995188543,0.0005400453116540518
0.0,-0.0072065416718331,0.0169039226366368,-0.0169039226366368,0.0020798766702057937
0.0,0.003108858515779689,0.019881045530119625,-0.019881045530119625,-0.0008972462232770304
0.0,0.013885824750712539,0.022991380787770452,-0.022991380787770452,-0.0040075814809278545
0.0,-0.0028167751776319028,0.0181708511211588,-0.0181708511211588,0.0008129481856837942
0.0,-0.00494150905632218,0.017557632655780846,-0.017557632655780846,0.001426166651061749
0.0,-0.001607929836799582,0.018519735417784892,-0.018519735417784892,0.0004640638890577017
0.0,0.0036984360198231148,0.0200512032218084,-0.0200512032218084,-0.0010674039149658051
0.0,0.007504645877610239,0.021149711694472943,-0.021149711694472943,-0.002165912387630347
0.0,-0.003988635996082901,0.017832640910489955,-0.017832640910489955,0.0011511583963526412
0.0,-0.010202524371008104,0.016039253450762344,-0.016039253450762344,0.0029445458560802508
0.0,-0.0006290422223540482,0.018802251720992615,-0.018802251720992615,0.00018154758584998167
0.0,-0.011358438273891824,0.01570564567204498,-0.01570564567204498,0.003278153634797617
0.0,-0.017081454337735447,0.014053928643761482,-0.014053928643761482,0.004929870663081113
0.0,0.007448895819775148,0.021133621695977958,-0.021133621695977958,-0.0021498223891353633
0.0,0.013779387810288313,0.022960662071454457,-0.022960662071454457,-0.00397686276461186
0.0,-0.012475001040294531,0.015383395006689329,-0.015383395006689329,0.0036004043001532666
0.0,-0.000503600390907244,0.018838455430146735,-0.018838455430146735,0.0001453438766958611
0.0,0.015486673802446171,0.023453401094714006,-0.023453401094714006,-0.00446960178787141
0.0,-0.004055288780130728,0.017813404281208093,-0.017813404281208093,0.0011703950256345028
0.0,-0.005934396967956612,0.01727107573325458,-0.01727107573325458,0.0017127235735880182
0.0,0.0011692656800530443,0.019321260535814583,-0.019321260535814583,-0.0003374612289719874
0.0,-0.008407570124922548,0.016557294368379154,-0.016557294368379154,0.0024265049384634436
0.0,0.003679773444691614,0.020045817024601814,-0.020045817024601814,-0.0010620177177592194
0.0,0.013644592157896263,0.02292175876034877,-0.02292175876034877,-0.003937959453506177
0.0,0.006680165568110796,0.020911758812374955,-0.020911758812374955,-0.0019279595055323583
0.0,0.002414323726029899,0.019680596164580965,-0.019680596164580965,-0.0006967968577383682
0.0,-0.0038835019016946193,0.017862983613012032,-0.017862983613012032,0.0011208156938305618
0.0,0.005658384242170911,0.020616862974863794,-0.020616862974863794,-0.0016330636680211964
0.0,-0.002496683664631072,0.0182632325851866,-0.0182632325851866,0.0007205667216559926
0.0,-0.0076588713308223255,0.016773375982247648,-0.016773375982247648,0.002210423324594948
0.0,-0.016147208958519288,0.014323560772036541,-0.014323560772036541,0.004660238534806054
0.0,0.00035058102206497743,0.01908498033402791,-0.01908498033402791,-0.00010118102718531485
0.0,-0.004278673417828949,0.017748933343886403,-0.017748933343886403,0.0012348659629561934
0.0,-0.006702266480503982,0.017049461267171384,-0.017049461267171384,0.0019343380396712106
0.0,0.002517410777005402,0.019710348070847223,-0.019710348070847223,-0.0007265487640046269
0.0,-0.0033873413051768164,0.018006180294078373,-0.018006180294078373,0.0009776190127642225
0.0,-0.01111286391927968,0.01577652077333732,-0.01577652077333732,0.003207278533505277
0.0,-0.005745837446504476,0.01732549580982838,-0.01732549580982838,0.0016583034970142142
0.0,-0.004403818556987793,0.017712815262956757,-0.017712815262956757,0.0012709840438858398
0.0,-0.015051375861739213,0.014639828656997303,-0.014639828656997303,0.004343970649845293
0.0,-0.007387777046316768,0.016851616378743658,-0.016851616378743658,0.002132182928098938
0.0,0.016035901237667627,0.023611913371638576,-0.023611913371638576,-0.004628114064795981
0.0,0.0004863370186602989,0.01912416080963145,-0.01912416080963145,-0.00014036150278885418
0.0,0.0016937032123527374,0.01947261821028328,-0.01947261821028328,-0.0004888189034406865
0.0,0.001380031526917458,0.01938208956973009,-0.01938208956973009,-0.00039829026288749593
0.0,-0.002165632329979128,0.018358777158289437,-0.018358777158289437,0.0006250221485531597
0.0,0.011078977592776207,0.022181297923274886,-0.022181297923274886,-0.0031974986164322898
0.0,-0.014334892170861036,0.01484661268477375,-0.01484661268477375,0.004137186622068845
0.0,-0.0022766655169013106,0.01832673192139021,-0.01832673192139021,0.0006570673854523871
0.0,-0.024642584749729912,0.011871714280697849,-0.011871714280697849,0.007112085026144748
0.0,0.00010955419561042845,0.01901541769274105,-0.01901541769274105,-3.1618385898451684e-05
0.0,0.005726850663809513,0.02063662303725477,-0.02063662303725477,-0.001652823730412174
0.0,0.023049400920118535,0.02563607628226737,-0.02563607628226737,-0.006652276975424775
0.0,-0.00010646449242102118,0.018953072638757507,-0.018953072638757507,3.072666808508976e-05
0.0,0.008114163624478143,0.02132562433045226,-0.02132562433045226,-0.0023418250236096638
0.0,-0.012620113782869202,0.015341514084941481,-0.015341514084941481,0.0036422852219011132
0.0,0.011650737147309576,0.022346313184768367,-0.022346313184768367,-0.0033625138779257713
0.0,-0.007023250955987548,0.016956822085653033,-0.016956822085653033,0.0020269772211895624
0.0,0.010814652782245693,0.022105011261542566,-0.022105011261542566,-0.0031212119546999723
0.0,0.010337815429059649,0.02196739145282757,-0.02196739145282757,-0.0029835921459849743
0.0,0.0014447466011910937,0.01940076695748717,-0.01940076695748717,-0.0004169676506445742
0.0,0.009815695418065262,0.021816702637114584,-0.021816702637114584,-0.0028329033302719876
0.0,-0.0016863570122068738,0.018497100586839933,-0.018497100586839933,0.00048669872000266343
0.0,-0.022261677039013494,0.012558866957658994,-0.012558866957658994,0.006424932349183602
0.0,0.007174604262178752,0.021054458535968917,-0.021054458535968917,-0.0020706592291263215
0.0,-0.015954853497705423,0.014379076392919875,-0.014379076392919875,0.00460472291392272
0.0,0.004772721486371312,0.02036125225513986,-0.02036125225513986,-0.001377452948297266
0.0,0.008984905521485453,0.0215769287479976,-0.0215769287479976,-0.002593129441155004
0.0,-0.002109799583246086,0.018374891021589145,-0.018374891021589145,0.0006089082852534524
0.0,0.02492023877666627,0.026176017933722734,-0.026176017933722734,-0.007192218626880137
0.0,0.0024593113157624913,0.019693580012117615,-0.019693580012117615,-0.00070978070527502
0.0,0.0062321108631679945,0.02078244595050269,-0.02078244595050269,-0.0017986466436600934
0.0,-0.0046870230309741245,0.017631079750256632,-0.017631079750256632,0.001352719556585962
0.0,-0.00943264946713962,0.016261446691910382,-0.016261446691910382,0.002722352614932214
0.0,-0.0016388318166757898,0.01851081681161643,-0.01851081681161643,0.0004729824952261643
0.0,-0.008125926498228409,0.016638579405661713,-0.016638579405661713,0.0023452199011808816
0.0,-1.4923577632885987e-05,0.018979492219980673,-0.018979492219980673,4.3070868619218364e-06
0.0,-0.004987097282612596,0.017544475458804092,-0.017544475458804092,0.0014393238480385035
0.0,0.01649736234989274,0.02374509545053719,-0.02374509545053719,-0.004761296143694596
0.0,-0.002314313728559836,0.018315866288376583,-0.018315866288376583,0.0006679330184660126
0.0,0.007409672577889825,0.021122301494216553,-0.021122301494216553,-0.002138502187373959
0.0,0.006680490923747229,0.020911852713115218,-0.020911852713115218,-0.0019280534062726233
0.0,0.002717099891568653,0.019767980254158875,-0.019767980254158875,-0.0007841809473162806
0.0,-0.010061659913606968,0.016079908276884415,-0.016079908276884415,0.002903891029958182
0.0,-0.00890905606969361,0.016412560741008046,-0.016412560741008046,0.0025712385658345502
0.0,-0.009040932945028057,0.016374499816803608,-0.016374499816803608,0.002609299490038987
0.0,-0.000313861457302278,0.01889321589631834,-0.01889321589631834,9.058341052425379e-05
0.0,0.016540974699349675,0.023757682390611774,-0.023757682390611774,-0.004773883083769178
0.0,0.01908056557933535,0.024490632543914093,-0.024490632543914093,-0.005506833237071495
0.0,-0.0004833595887074882,0.018844297118740038,-0.018844297118740038,0.00013950218810255643
0.0,-0.0043168283608459035,0.017737921463368986,-0.017737921463368986,0.001245877843473608
0.0,-0.0028999798130677767,0.01814683746967706,-0.01814683746967706,0.0008369618371655364
0.0,-0.0075036694675360005,0.01681816872047372,-0.01681816872047372,0.002165630586368876
0.0,0.01904028588598905,0.02447900744018348,-0.02447900744018348,-0.005495208133340886
0.0,0.0023292692665812798,0.01965604863624354,-0.01965604863624354,-0.0006722493294009447
0.0,0.005106758007594747,0.020457658381563135,-0.020457658381563135,-0.0014738590747205387
0.0,0.0006208264404641284,0.019162975739668218,-0.019162975739668218,-0.0001791764328256217
0.0,0.0004136855394443195,0.019103192899702078,-0.019103192899702078,-0.00011939359285948297
0.0,0.002188441817939202,0.019615404491202363,-0.019615404491202363,-0.0006316051843597687
0.0,-0.0012519007957618733,0.01862248879521478,-0.01862248879521478,0.00036131051162781525
0.0,-0.00012814640056846294,0.018946815033240888,-0.018946815033240888,3.698427360170897e-05
0.0,0.0011396405267545262,0.01931271043397618,-0.01931271043397618,-0.0003289111271335858
0.0,0.007100510313353237,0.021033074315550414,-0.021033074315550414,-0.0020492750087078176
0.0,0.0018721339981915275,0.019524115037140344,-0.019524115037140344,-0.0005403157302977478
0.0,-2.1174829462955458e-05,0.01897768804907138,-0.01897768804907138,6.1112577712167435e-06
0.0,-0.003497536135912971,0.017974377014771573,-0.017974377014771573,0.0010094222920710228
0.0,0.0002264032488046297,0.019049141444124344,-0.019049141444124344,-6.534213728174675e-05
0.0,-0.008072242646582573,0.016654073077340792,-0.016654073077340792,0.0023297262295018054
0.0,0.006454730908207917,0.020846696219089692,-0.020846696219089692,-0.0018628969122470953
0.0,-0.0004890148137838279,0.01884266496683741,-0.01884266496683741,0.00014113434000518325
0.0,-0.0008081822874276279,0.01875055018938253,-0.01875055018938253,0.0002332491174600684
0.0,0.0008443492265819419,0.01922748654794161,-0.01922748654794161,-0.00024368724109901437
0.0,-0.00780580496271055,0.016730969534474317,-0.016730969534474317,0.0022528297723682787
0.0,0.0050732955705157234,0.020448000803021556,-0.020448000803021556,-0.0014642014961789595
0.0,-0.0011659590635981765,0.018647292398921534,-0.018647292398921534,0.0003365069079210625
0.0,-0.0010676612969652277,0.018675662072041205,-0.018675662072041205,0.0003081372348013899
0.0,0.020435540463669577,0.024881691220734966,-0.024881691220734966,-0.00589789191389237
0.0,0.0040499740579702515,0.020152660452964072,-0.020152660452964072,-0.0011688611461214758
0.0,-0.006147829935223559,0.017209476942949047,-0.017209476942949047,0.0017743223638935492
0.0,0.0031349558295050706,0.01988857746380491,-0.01988857746380491,-0.0009047781569623117
0.0,0.002092692232889659,0.01958777024759495,-0.01958777024759495,-0.000603970940752353
0.0,0.01630974737217783,0.02369094797829602,-0.02369094797829602,-0.0047071486714534245
0.0,0.003958951318527193,0.020126390422088403,-0.020126390422088403,-0.0011425911152458084
0.0,-0.003124690820504483,0.018081983729396504,-0.018081983729396504,0.0009018155774460895
0.0,-0.0012797755200721905,0.01861444388387984,-0.01861444388387984,0.00036935542296275524
0.0,0.001185553958514829,0.019325961488353704,-0.019325961488353704,-0.0003421621815111079
0.0,-0.0005407337436069692,0.018827738390339896,-0.018827738390339896,0.00015606091650270044
0.0,-7.531901909729743e-05,0.01896206151945762,-0.01896206151945762,2.1737787384972695e-05
0.0,-0.002232653981520283,0.018339434070330347,-0.018339434070330347,0.000644365236512249
0.0,-0.0105018557847808,0.01595286354940385,-0.01595286354940385,0.003030935757438746
0.0,-0.0057367349435899495,0.017328122878998937,-0.017328122878998937,0.0016556764278436574
0.0,0.009648981834660786,0.021768587506651293,-0.021768587506651293,-0.0027847881998086985
0.0,-0.004477753072888002,0.01769147705640134,-0.01769147705640134,0.0012923222504412583
0.0,0.002651506710448004,0.019749049436389426,-0.019749049436389426,-0.0007652501295468305
0.0,0.0008722869484341089,0.019235549640968064,-0.019235549640968064,-0.0002517503341254702
0.0,0.0036244096381636837,0.020029838501918557,-0.020029838501918557,-0.0010460391950759614
0.0,0.007174435557619541,0.021054409846223844,-0.021054409846223844,-0.002070610539381248
0.0,-0.00032158936312698394,0.018890985548980287,-0.018890985548980287,9.281375786230851e-05
0.0,-0.0034567355331607263,0.01798615245792573,-0.01798615245792573,0.0009976468489168667
0.0,-0.00989094181235195,0.01612917914939875,-0.01612917914939875,0.002854620157443845
0.0,-0.006188030354815854,0.01719787471838004,-0.01719787471838004,0.0017859245884625542
0.0,0.00019538952303133073,0.01904019058702403,-0.01904019058702403,-5.639128018143154e-05
0.0,-0.0029661372528556607,0.01812774380147374,-0.01812774380147374,0.0008560555053688543
0.0,0.008077922524027725,0.021315164803155828,-0.021315164803155828,-0.0023313654963132324
0.0,0.010269933278491461,0.021947800016640918,-0.021947800016640918,-0.0029640007097983217
0.0,0.004117058019306619,0.020172021524124437,-0.020172021524124437,-0.001188222217281841
0.0,-0.0024437290975140025,0.01827851577839398,-0.01827851577839398,0.0007052835284486155
0.0,-0.016571304555192734,0.014201162737358455,-0.014201162737358455,0.004782636569484141
0.0,0.00043958226653084687,0.019110666942169976,-0.019110666942169976,-0.00012686763532738062
0.0,-0.01444390628760639,0.014815150170787609,-0.014815150170787609,0.004168649136054986
0.0,-0.0030853828766044256,0.01809332837696734,-0.01809332837696734,0.0008904709298752537
0.0,0.002995542646406335,0.01984834148929032,-0.01984834148929032,-0.0008645421824477243
0.0,-0.0007289817322603254,0.018773408225103552,-0.018773408225103552,0.00021039108173904296
0.0,0.00015587969925845435,0.019028787674996148,-0.019028787674996148,-4.4988368153553795e-05
0.0,0.010926475234507071,0.022137284287947544,-0.022137284287947544,-0.00315348498110495
0.0,-0.009379454163327194,0.016276799364024444,-0.016276799364024444,0.0027069999428181524
0.0,0.002163809008205897,0.019608295227339204,-0.019608295227339204,-0.0006244959204966088
0.0,0.007853184882181896,0.021250303375930736,-0.021250303375930736,-0.002266504069088139
0.0,-0.023705000038029778,0.012142310172181911,-0.012142310172181911,0.006841489134660684
0.0,-0.01220484261628385,0.015461365304919279,-0.015461365304919279,0.003522434001923318
0.0,0.001698692425988746,0.019474058144931097,-0.019474058144931097,-0.0004902588380885031
0.0,0.00013048788935265954,0.019021459356443053,-0.019021459356443053,-3.766004960045654e-05
0.0,-0.0039854205221913075,0.017833568926927702,-0.017833568926927702,0.0011502303799148926
0.0,-0.013852035718884714,0.014985969662816234,-0.014985969662816234,0.003997829644026361
0.0,-0.0015935449138314572,0.0185238870437723,-0.0185238870437723,0.00045991226307029524
0.0,0.00483994963594836,0.020380654940401907,-0.020380654940401907,-0.0013968556335593133
0.0,0.019862053761098286,0.024716177487842352,-0.024716177487842352,-0.005732378180999756
0.0,0.0006633863793055195,0.019175258944000132,-0.019175258944000132,-0.00019145963715753786
0.0,0.002320181125065268,0.01965342571190959,-0.01965342571190959,-0.0006696264050669938
0.0,0.013026314842639719,0.02274331802937435,-0.02274331802937435,-0.0037595187225317513
0.0,-0.0020295818770267315,0.018398042616806467,-0.018398042616806467,0.0005857566900361284
0.0,-0.0052265872985560735,0.017475356355690468,-0.017475356355690468,0.0015084429511521265
0.0,0.007856028682432292,0.021251124123810212,-0.021251124123810212,-0.0022673248169676166
0.0,0.004269642628790704,0.02021605889793701,-0.02021605889793701,-0.0012322595910944157
0.0,0.00016250753698754394,0.01903070053218818,-0.01903070053218818,-4.6901225345585654e-05
0.0,-0.004745224843287543,0.017614282152031743,-0.017614282152031743,0.0013695171548108516
0.0,-0.0017098123935156417,0.018490331140051667,-0.018490331140051667,0.0004934681667909282
0.0,0.0015848622233496368,0.019441205662615035,-0.019441205662615035,-0.00045740635577243836
0.0,0.0033065906083264984,0.01993811289820916,-0.01993811289820916,-0.0009543135913665668
0.0,0.0029209195962771606,0.019826804565188445,-0.019826804565188445,-0.0008430052583458495
0.0,0.0003385605486661003,0.019081511110740842,-0.019081511110740842,-9.771180389824622e-05
0.0,0.0065488820784729285,0.020873869144942898,-0.020873869144942898,-0.0018900698381003028
0.0,0.0004482397633895907,0.01911316557834789,-0.01911316557834789,-0.00012936627150529381
0.0,-0.0063214251654488685,0.017159375703568746,-0.017159375703568746,0.0018244236032738503
0.0,-0.004135401260425775,0.017790283055196282,-0.017790283055196282,0.0011935162516463142
0.0,0.011870590853387819,0.022409765061542724,-0.022409765061542724,-0.0034259657547001283
0.0,0.011486656421599406,0.022298957922150673,-0.022298957922150673,-0.0033151586153080765
0.0,-0.007589201039747917,0.016793483492841595,-0.016793483492841595,0.0021903158140010003
0.0,0.00548810949285139,0.020567720057947207,-0.020567720057947207,-0.00158392075110461
0.0,-0.009378687628036508,0.01627702059342137,-0.01627702059342137,0.0027067787134212257
0.0,-0.002440296594621194,0.018279506431471734,-0.018279506431471734,0.0007042928753708612
0.0,-0.00478746019469678,0.01760209262672901,-0.01760209262672901,0.0013817066801135854
0.0,-0.001218442012279497,0.018632145319293515,-0.018632145319293515,0.00035165398754908055
0.0,-0.011049941573072375,0.015794680762673492,-0.015794680762673492,0.003189118544169102
0.0,0.016941941334216226,0.023873405186283576,-0.023873405186283576,-0.004889605879440979
0.0,0.025403420320955883,0.026315468736507912,-0.026315468736507912,-0.007331669429665316
0.0,-0.0020856174946130013,0.01838187020304332,-0.01838187020304332,0.0006019291037992768
0.0,0.004865096315322948,0.020387912511945383,-0.020387912511945383,-0.0014041132051027868
0.0,-0.0031231161538831653,0.018082438193204275,-0.018082438193204275,0.00090136111363832
0.0,-0.003242371304872038,0.0180480200190455,-0.0180480200190455,0.0009357792877970957
0.0,0.002655865938542279,0.01975030755120042,-0.01975030755120042,-0.0007665082443578258
0.0,0.007597415119266371,0.021176485782547314,-0.021176485782547314,-0.002192686475704716
0.0,-4.7513986152325494e-05,0.018970086317199732,-0.018970086317199732,1.3712989642862312e-05
0.0,-0.0009306715612543703,0.018715198616522214,-0.018715198616522214,0.00026860069032038156
0.0,0.0011286697641588184,0.019309544167240175,-0.019309544167240175,-0.00032574486039757804
0.0,0.00019699191031485874,0.01904065305127934,-0.01904065305127934,-5.6853744436744256e-05
0.0,0.005642922184040833,0.020612400477393777,-0.020612400477393777,-0.0016286011705511812
0.0,0.0034032703971196288,0.019966015607490256,-0.019966015607490256,-0.0009822163006476617
0.0,0.004428106846314561,0.020261793182715863,-0.020261793182715863,-0.0012779938758732685
0.0,0.001507477027169024,0.019418871556814404,-0.019418871556814404,-0.0004350722499718104
0.0,6.614683421224399e-06,0.018985708367575897,-0.018985708367575897,-1.9090607333020768e-06
0.0,0.005445481690718124,0.020555417267621903,-0.020555417267621903,-0.001571617960779306
0.0,-0.0018496216125600817,0.018449980865785334,-0.018449980865785334,0.0005338184410572612
0.0,0.005105995170664235,0.02045743821954823,-0.02045743821954823,-0.001473638912705637
0.0,-0.0038996213232838084,0.01785833139417708,-0.01785833139417708,0.0011254679126655135
0.0,-0.0025633010773032927,0.01824400616442115,-0.01824400616442115,0.0007397931424214441
0.0,0.010052705569688847,0.021885106027729882,-0.021885106027729882,-0.0029013067208872867
0.0,-0.011538744820964397,0.015653607482602826,-0.015653607482602826,0.003330191824239768
0.0,0.010416510240551347,0.02199010352609949,-0.02199010352609949,-0.003006304219256895
0.0,0.0005491705981217621,0.019142295180038023,-0.019142295180038023,-0.00015849587319542632
0.0,-0.0018053993582290984,0.018462743830224494,-0.018462743830224494,0.0005210554766181026
0.0,0.005657940611518475,0.020616734938825675,-0.020616734938825675,-0.001632935631983079
0.0,-0.000606117484177382,0.01880886801911111,-0.01880886801911111,0.00017493128773148406
0.0,0.001595272232703504,0.019444210090616382,-0.019444210090616382,-0.0004604107837737858
0.0,0.000592263093356804,0.01915473208522524,-0.01915473208522524,-0.00017093277838264355
0.0,0.0006906716689645265,0.019183133738872045,-0.019183133738872045,-0.0001993344320294505
0.0,-0.0010450813177572682,0.018682178869432655,-0.018682178869432655,0.00030162043740994144
0.0,0.007336475471722448,0.021101176111144235,-0.021101176111144235,-0.00211737680430164
0.0,-0.012404137955230099,0.015403846769006944,-0.015403846769006944,0.003579952537835651
0.0,-0.006303057332801343,0.017164676835282885,-0.017164676835282885,0.0018191224715597093
0.0,0.008772467921830174,0.021515617230279678,-0.021515617230279678,-0.002531817923437083
0.0,-0.018309580659152336,0.013699479672216037,-0.013699479672216037,0.00528431963462656
0.0,0.006109463971145868,0.020747048887527656,-0.020747048887527656,-0.0017632495806850612
0.0,0.012725994077109837,0.02265664259166123,-0.02265664259166123,-0.003672843284818635
0.0,-0.0008640799292052304,0.01873441759675392,-0.01873441759675392,0.00024938171008867435
0.0,0.002323855425648391,0.019654486150107293,-0.019654486150107293,-0.0006706868432646984
0.0,0.00461072337316093,0.020314498054355794,-0.020314498054355794,-0.0013306987475131989
0.0,0.00956601649469957,0.021744642918126195,-0.021744642918126195,-0.002760843611283599
0.0,0.001084512714484509,0.019296800021486923,-0.019296800021486923,-0.00031300071464432757
0.0,0.0018164914425815581,0.019508056064813,-0.019508056064813,-0.0005242567579704059
0.0,0.004481139122655131,0.020277098803546417,-0.020277098803546417,-0.0012932994967038217
0.0,0.0032490857396794137,0.019921516444574572,-0.019921516444574572,-0.0009377171377319766
0.0,-0.0024032529493148713,0.01829019758086911,-0.01829019758086911,0.000693601725973483
0.0,0.00131405176760091,0.019363047181805707,-0.019363047181805707,-0.00037924787496311236
0.0,0.005602990523162488,0.020600875819153326,-0.020600875819153326,-0.001617076512310731
0.0,-0.0016184626244926115,0.018516695554783674,-0.018516695554783674,0.00046710375205892275
0.0,-0.005510332450180511,0.017393464798266426,-0.017393464798266426,0.0015903345085761687
0.0,-0.0024225306518709244,0.018284633852020057,-0.018284633852020057,0.000699165454822539
0.0,0.006697492376419811,0.020916759494534594,-0.020916759494534594,-0.0019329601876919998
0.0,-0.008282433828555424,0.016593409897194756,-0.016593409897194756,0.0023903894096478397
0.0,0.007174256352702191,0.021054358125975246,-0.021054358125975246,-0.0020705588191326525
0.0,-0.0033400389194234714,0.01801983221382762,-0.01801983221382762,0.0009639670930149773
0.0,0.0077851108025177584,0.021230656547176166,-0.021230656547176166,-0.00224685724033357
0.0,-0.0005883499068413123,0.018813995911416487,-0.018813995911416487,0.0001698033954261075
0.0,0.00405666949441863,0.020154592819791317,-0.020154592819791317,-0.0011707935129487233
0.0,-0.0044735804606589324,0.01769268131209349,-0.01769268131209349,0.0012911179947491032
0.0,0.005172264111710456,0.020476564068078323,-0.020476564068078323,-0.0014927647612357293
0.0,-0.010546128701639845,0.01594008596327582,-0.01594008596327582,0.0030437133435667766
0.0,0.004048451943253761,0.02015222115613733,-0.02015222115613733,-0.0011684218492947359
0.0,-0.00429489561132812,0.01774425146409788,-0.01774425146409788,0.0012395478427447146
0.0,0.006302737952936344,0.02080282960232668,-0.02080282960232668,-0.0018190302954840833
0.0,0.0035443321494683655,0.020006727374816215,-0.020006727374816215,-0.0010229280679736191
0.0,0.01218913260513399,0.022501699249689148,-0.022501699249689148,-0.003517899942846552
0.0,0.0035522505198095633,0.020009012692030585,-0.020009012692030585,-0.001025213385187988
0.0,-0.002836767069231527,0.01816508127053907,-0.01816508127053907,0.0008187180363035249
0.0,-0.022966290584432447,0.012355508767092242,-0.012355508767092242,0.006628290539750353
0.0,0.014307223290395576,0.023113000426073685,-0.023113000426073685,-0.004129201119231091
0.0,-0.014327681394279534,0.014848693783679284,-0.014848693783679284,0.004135105523163312
0.0,-0.006701003439812281,0.017049825792763245,-0.017049825792763245,0.0019339735140793503
0.0,0.008847902373522176,0.0215373883326126,-0.0215373883326126,-0.002553589025770007
0.0,0.004661629963028435,0.020329190181793147,-0.020329190181793147,-0.0013453908749505507
0.0,0.01041921875000007,0.021990885227763057,-0.021990885227763057,-0.0030070859209204615
0.0,6.340190171760796e-06,0.01898562914620569,-0.01898562914620569,-1.8298393630962056e-06
0.0,0.0040347322693841114,0.020148261527385605,-0.020148261527385605,-0.001164462220543008
0.0,-0.0018421130247733286,0.018452147915845547,-0.018452147915845547,0.00053165139099705
0.0,0.007186011722218666,0.02105775083775301,-0.02105775083775301,-0.002073951530910415
0.0,0.002484899676771457,0.019700965057194004,-0.019700965057194004,-0.0007171657503514075
0.0,-0.009307883608932754,0.0162974553087393,-0.0162974553087393,0.0026863439981032965
0.0,0.009407983261396247,0.021699033019504578,-0.021699033019504578,-0.002715233712661981
0.0,0.010534666895180678,0.022024204663730267,-0.022024204663730267,-0.003040405356887672
0.0,0.0019077786269059427,0.01953440241700398,-0.01953440241700398,-0.0005506031101613824
0.0,0.005230269513137653,0.020493304980247873,-0.020493304980247873,-0.001509505673405278
0.0,0.004139081299929126,0.020178377652993736,-0.020178377652993736,-0.0011945783461511405
0.0,-0.0036871039064235722,0.017919665947901738,-0.017919665947901738,0.0010641333589408595
0.0,0.004321655306021466,0.020231070252738445,-0.020231070252738445,-0.0012472709458958495
0.0,4.2889368592202715e-05,0.018996177587743048,-0.018996177587743048,-1.2378280900454284e-05
0.0,0.010142153479971716,0.021910921547887513,-0.021910921547887513,-0.0029271222410449157
0.0,0.0051141362697153525,0.02045978781839291,-0.02045978781839291,-0.0014759885115503137
0.0,-0.005009741163373271,0.017537940218814968,-0.017537940218814968,0.0014458590880276274
0.0,0.010300096519028301,0.02195650541558915,-0.02195650541558915,-0.0029727061087465555
0.0,-0.000707617924973758,0.018779574023677338,-0.018779574023677338,0.0002042252831652589
0.0,0.001722386289245481,0.019480896419884444,-0.019480896419884444,-0.0004970971130418476
0.0,-0.008273657594813577,0.01659594280196977,-0.01659594280196977,0.0023878565048728235
0.0,-0.002923832356719225,0.018139953398048136,-0.018139953398048136,0.0008438459087944587
0.0,-0.0005513654411685165,0.01882466998100711,-0.01882466998100711,0.00015912932583548393
0.0,0.006340981548631053,0.02081386706885256,-0.02081386706885256,-0.0018300677620099622
0.0,-0.007047981897774669,0.016949684499943052,-0.016949684499943052,0.002034114806899542
0.0,0.00367034439193481,0.020043095710031794,-0.020043095710031794,-0.0010592964031891992
0.0,-0.014307241527974024,0.014854592924072395,-0.014854592924072395,0.0041292063827702
0.0,0.005935988427895333,0.020696982190949977,-0.020696982190949977,-0.001713182884107383
0.0,-0.005510807488524838,0.01739332769766883,-0.01739332769766883,0.001590471609173766
0.0,-0.013779732742503992,0.015006836991502957,-0.015006836991502957,0.003976962315339639
0.0,0.008490293972530871,0.021434179136834482,-0.021434179136834482,-0.0024503798299918855
0.0,0.012831541229424204,0.02268710450664097,-0.02268710450664097,-0.003703305199798372
0.0,-0.00034681344994402785,0.018883705636910525,-0.018883705636910525,0.00010009366993206974
-0.16000000000000003,-0.010153367167240024,0.016053440688683883,-0.17605344068868392,-0.15706964138184132
0.0,-0.008369555515669425,0.01656826574723367,-0.01656826574723367,0.0024155335596089244
0.0,0.014784291377196501,0.02325068682671092,-0.02325068682671092,-0.004266887519868328
0.0,-0.005885016114436148,0.017285327518628067,-0.017285327518628067,0.0016984717882145301
0.0,0.007567364431436019,0.02116781286738382,-0.02116781286738382,-0.002184013560541223
0.0,0.007791157767295331,0.0212324017588934,-0.0212324017588934,-0.002248602452050806
0.0,-0.013851474486292426,0.014986131639896007,-0.014986131639896007,0.003997667666946589
0.0,-0.02501035094286319,0.011765573449211648,-0.011765573449211648,0.007218225857630946
0.0,0.002669776576555538,0.019754322294025614,-0.019754322294025614,-0.0007705229871830202
0.0,-0.012145015629135836,0.01547863194410409,-0.01547863194410409,0.0035051673627385055
0.0,0.009497272121224087,0.02172480263618369,-0.02172480263618369,-0.0027410033293410953
0.0,0.009590486444071455,0.021751705178935512,-0.021751705178935512,-0.0027679058720929167
46.61904761904762,0.0061998311850259835,0.020773129727472753,46.59827448932015,46.61725828862699
-0.96,-0.004289562412875814,0.017745790676044978,-0.977745790676045,-0.9587619913692024
0.0,0.005403747467634501,0.02054337237273424,-0.02054337237273424,-0.0015595730658916433
0.0,-0.0005449081736377259,0.01882653361001283,-0.01882653361001283,0.00015726569682976248
0.0,0.0008240472350893313,0.0192216271995347,-0.0192216271995347,-0.00023782789269210277
0.0,0.010201732142340214,0.02192811651817217,-0.02192811651817217,-0.002944317211329572
0.0,0.0052515464964768555,0.02049944572060223,-0.02049944572060223,-0.0015156464137596325
0.0,0.007229670722828763,0.021070351241795404,-0.021070351241795404,-0.0020865519349528086
0.0,0.00018159245054127915,0.01903620862029214,-0.01903620862029214,-5.240931344954458e-05
0.0,0.013554249906357896,0.02289568512477362,-0.02289568512477362,-0.003911885817931026
0.0,0.003086483632862347,0.01987458792547408,-0.01987458792547408,-0.0008907886186314823
0.0,0.001374879432867404,0.019380602626241052,-0.019380602626241052,-0.000396803319398458
0.0,-0.003708760911961373,0.017913415529515808,-0.017913415529515808,0.0010703837773267885
0.0,0.0027740472164057284,0.019784415795331446,-0.019784415795331446,-0.000800616488488852
0.0,0.0050329647425946256,0.020436360941364883,-0.020436360941364883,-0.001452561634522288
0.0,0.0016100503211176065,0.01944847518790193,-0.01944847518790193,-0.0004646758810593347
0.0,0.0020330263437824403,0.019570550102841436,-0.019570550102841436,-0.0005867507959988398
0.0,-0.0018519369130487462,0.01844931264797849,-0.01844931264797849,0.0005344866588641061
0.0,-0.0038112215188927934,0.017883844420976364,-0.017883844420976364,0.0010999548858662304
0.0,0.0025564722015867236,0.019721621570591104,-0.019721621570591104,-0.00073782226374851
0.0,0.0008282942843145236,0.019222852938453994,-0.019222852938453994,-0.00023905363161139858
0.0,-0.003736037754951127,0.017905543172433213,-0.017905543172433213,0.0010782561344093815
0.0,0.00037381693747806644,0.01909168644086518,-0.01909168644086518,-0.00010788713402258595
0.0,-0.00013640921141577778,0.01894443030721081,-0.01894443030721081,3.936899963178576e-05
0.0,0.01254056989753427,0.022603127404661253,-0.022603127404661253,-0.0036193280978186588
0.0,0.0016404581697111453,0.019457251183068663,-0.019457251183068663,-0.0004734518762260655
0.0,-0.0014798348405500317,0.018556704855609816,-0.018556704855609816,0.0004270944512327804
0.0,-0.005723033522392118,0.017332077239855467,-0.017332077239855467,0.0016517220669871298
0.0,-0.0038058649299111957,0.01788539038365334,-0.01788539038365334,0.0010984089231892572
0.0,0.003885449938943575,0.02010517722280567,-0.02010517722280567,-0.0011213779159630767
0.0,-0.003569960525698801,0.017953474645017967,-0.017953474645017967,0.0010303246618246307
0.0,-0.0011529207361400395,0.018651055384599487,-0.018651055384599487,0.00033274392224310907
0.0,0.002776056134700333,0.019784995588314487,-0.019784995588314487,-0.0008011962814718897
0.0,-0.005176618120080079,0.017489777937258196,-0.017489777937258196,0.0014940213695843988
0.0,-0.014281601380197961,0.014861992915303764,-0.014861992915303764,0.004121806391538831
0.0,-0.0033045953891290836,0.018030061554768943,-0.018030061554768943,0.0009537377520736546
0.0,-0.005900302398330837,0.017280915751279106,-0.017280915751279106,0.001702883555563489
0.0,0.0038211953199089876,0.020086632726822897,-0.020086632726822897,-0.001102833419980303
0.0,-0.005779602928505545,0.017315750769631533,-0.017315750769631533,0.0016680485372110626
0.0,0.008619376484360286,0.021471433581075734,-0.021471433581075734,-0.0024876342742331374
0.0,0.003947010921615535,0.0201229443096394,-0.0201229443096394,-0.0011391450027968067
0.0,-0.00403965777164117,0.017817915539363485,-0.017817915539363485,0.001165883767479112
0.0,-0.015874194741040237,0.014402355279503079,-0.014402355279503079,0.0045814440273395166
0.0,0.002747645185721348,0.019776795917425084,-0.019776795917425084,-0.0007929966105824869
0.0,0.0019634016027962886,0.019550455738437465,-0.019550455738437465,-0.0005666564315948687
0.0,-0.0031743183568806455,0.018067660748997738,-0.018067660748997738,0.0009161385578448574
0.0,0.004164221602432239,0.020185633384111272,-0.020185633384111272,-0.0012018340772686766
0.0,0.008116953209842404,0.02132642943139844,-0.02132642943139844,-0.002342630124555843
0.0,0.0012098628337211537,0.019332977261622343,-0.019332977261622343,-0.0003491779547797468
0.0,5.443114110303959e-05,0.018999508653387467,-0.018999508653387467,-1.57093465448726e-05
0.0,0.009992880823750605,0.021867840035379588,-0.021867840035379588,-0.002884040728536994
0.0,0.007345789391592916,0.021103864197265,-0.021103864197265,-0.0021200648904224025
0.0,0.0030522833735622257,0.01986471740440135,-0.01986471740440135,-0.0008809180975587557
0.0,-0.0033804153149811222,0.018008179200916366,-0.018008179200916366,0.000975620105926231
0.0,0.002714679741101511,0.01976728177564807,-0.01976728177564807,-0.0007834824688054757
0.0,0.0056931530442476674,0.020626897582805226,-0.020626897582805226,-0.00164309827596263
0.0,0.004217739327674108,0.02020107911012547,-0.02020107911012547,-0.0012172798032828766
0.0,0.012177672896303449,0.022498391868405673,-0.022498391868405673,-0.003514592561563078
0.0,-0.0018429538196846895,0.018451905254413724,-0.018451905254413724,0.0005318940524288713
0.0,-0.007216886263627376,0.016900937088767175,-0.016900937088767175,0.0020828622180754206
0.0,-0.004719586526811925,0.017621681614732335,-0.017621681614732335,0.0013621176921102597
0.0,-0.0025971430708935372,0.018234239042249818,-0.018234239042249818,0.0007495602645927782
0.0,-0.00273946595048713,0.018193163301571013,-0.018193163301571013,0.0007906360052715836
0.0,0.0034854258676535466,0.019989726459973236,-0.019989726459973236,-0.0010059271531306408
0.0,-0.004073801130465626,0.017808061440310812,-0.017808061440310812,0.001175737866531784
0.0,-0.0060292307798877065,0.01724370579050477,-0.01724370579050477,0.0017400935163378246
0.0,0.007998543475556064,0.021292255252564504,-0.021292255252564504,-0.0023084559457219084
0.0,-0.0006666695473820372,0.0187913921160598,-0.0187913921160598,0.0001924071907827952
0.0,-0.008979414583967338,0.016392254602633764,-0.016392254602633764,0.0025915447042088318
0.0,0.0070532243451535415,0.02101942713406376,-0.02101942713406376,-0.002035627827221164
0.0,-0.008506361953748875,0.016528782104197576,-0.016528782104197576,0.00245501720264502
0.0,-0.012332078852067663,0.015424643713556545,-0.015424643713556545,0.0035591555932860497
0.0,0.0005739063518743759,0.019149434154527144,-0.019149434154527144,-0.00016563484768454913
0.0,0.02183049604365883,0.025284288707700588,-0.025284288707700588,-0.006300489400857993
0.0,0.006286271807078414,0.02079807731556034,-0.02079807731556034,-0.0018142780087177456
0.0,0.004074720335558668,0.020159802464732594,-0.020159802464732594,-0.001176003157889999
0.0,-0.007063723409320266,0.016945141349551593,-0.016945141349551593,0.0020386579572910023
0.0,0.013827532394934838,0.022974557057838067,-0.022974557057838067,-0.0039907577509954726
0.0,0.0067439531397044394,0.020930168514011072,-0.020930168514011072,-0.0019463692071684765
0.0,0.006548755402622897,0.02087383258508421,-0.02087383258508421,-0.0018900332782416137
0.0,9.173641713244862e-05,0.019010275311907243,-0.019010275311907243,-2.6476005064647576e-05
0.0,0.005737513079636436,0.020639700312171966,-0.020639700312171966,-0.0016559010053293687
0.0,-0.004724557241463034,0.017620247019068024,-0.017620247019068024,0.0013635522877745712
0.0,0.003258134764679621,0.019924128079508927,-0.019924128079508927,-0.000940328772666331
0.0,0.004394843515520774,0.020252193068147493,-0.020252193068147493,-0.0012683937613048978
0.0,0.001329699787098182,0.019367563349500194,-0.019367563349500194,-0.00038376404265759857
0.0,0.00558419502875096,0.020595451260174598,-0.020595451260174598,-0.001611651953332003
0.0,-0.004875923596155185,0.01757656124520942,-0.01757656124520942,0.0014072380616331742
0.0,-0.0038393812241105385,0.01787571726143309,-0.01787571726143309,0.0011080820454095074
0.0,0.002903421198789946,0.019821754360755173,-0.019821754360755173,-0.0008379550539125783
0.0,0.003570558689741876,0.020014296604515987,-0.020014296604515987,-0.0010304972976733916
0.0,-0.0028055878101066467,0.018174079902143685,-0.018174079902143685,0.0008097194046989089
0.0,0.004265540341705787,0.020214874938752295,-0.020214874938752295,-0.0012310756319096996
0.0,-0.013182771972194418,0.015179125564265646,-0.015179125564265646,0.00380467374257695
0.0,0.013427559516743681,0.0228591210698223,-0.0228591210698223,-0.003875321762979706
0.0,0.000722931253898329,0.01919244416281042,-0.01919244416281042,-0.00020864485596782637
0.0,-0.0023703916199453445,0.018299681673991722,-0.018299681673991722,0.0006841176328508741
0.0,0.008095344244797742,0.02132019287795709,-0.02132019287795709,-0.0023363935711144955
0.0,0.00483725876385388,0.020379878329047023,-0.020379878329047023,-0.0013960790222044257
0.0,0.004222034052096646,0.0202023186085615,-0.0202023186085615,-0.0012185193017189033
0.0,-0.00369819718572606,0.017916464321675457,-0.017916464321675457,0.0010673349851671396
0.0,-0.0020429655768170463,0.018394179953378918,-0.018394179953378918,0.0005896193534636797
0.0,-0.0036356111002209257,0.01793452726296537,-0.01793452726296537,0.0010492720438772265
0.0,0.00812856425584818,0.0213297804900343,-0.0213297804900343,-0.0023459811831917057
0.0,0.004961457973002625,0.02041572340555246,-0.02041572340555246,-0.0014319240987098639
0.0,-0.0012633420978621634,0.01861918672628924,-0.01861918672628924,0.0003646125805533554
0.0,0.00014980445507073448,0.019027034301571388,-0.019027034301571388,-4.323499472879043e-05
0.0,0.0024850813860768373,0.019701017500232874,-0.019701017500232874,-0.0007172181933902782
0.0,-0.0007856896412440362,0.01875704178163007,-0.01875704178163007,0.0002267575252125284
0.0,-0.002719020284730922,0.018199064115740918,-0.018199064115740918,0.0007847351911016788
0.0,-0.0031928479771501372,0.018062312923832594,-0.018062312923832594,0.0009214863830100014
0.0,-0.0013034931835718133,0.018607598739949365,-0.018607598739949365,0.0003762005668932293
0.0,-0.004339572538419101,0.017731357276763032,-0.017731357276763032,0.0012524420300795642
0.0,0.011237870620775636,0.02222715596684744,-0.02222715596684744,-0.0032433566600048465
0.0,0.0018171001772671058,0.019508231751450014,-0.019508231751450014,-0.0005244324446074186
0.0,-0.003179659038540561,0.018066119377325544,-0.018066119377325544,0.0009176799295170521
0.0,-0.01131687458772268,0.01571764134835236,-0.01571764134835236,0.003266157958490237
0.0,-0.0037705618911193506,0.01789557917740687,-0.01789557917740687,0.0010882201294357269
0.0,-0.00010141014414954963,0.01895453137188244,-0.01895453137188244,2.9267934960154585e-05
0.0,0.006320039831068547,0.02080782308939948,-0.02080782308939948,-0.0018240237825568862
0.0,-0.003100987910356179,0.018088824615369058,-0.018088824615369058,0.0008949746914735392
0.0,0.01664796429762072,0.023788560609254203,-0.023788560609254203,-0.0048047613024116064
0.0,-0.0005799292044108562,0.018816426206463597,-0.018816426206463597,0.00016737310037899706
1.1,0.0048187283492318045,0.020374530274624145,1.079625469725376,1.0986092690322184
0.0,0.00531812014989308,0.020518659512028976,-0.020518659512028976,-0.0015348602051863808
0.0,0.0029157468493599126,0.019825311661084925,-0.019825311661084925,-0.0008415123542423301
0.0,0.004745529147706984,0.02035340428681168,-0.02035340428681168,-0.0013696049799690837
0.0,-0.00033658435338035364,0.018886657851754883,-0.018886657851754883,9.714145508771202e-05
0.0,-0.00017925389411521664,0.01893206492308527,-0.01893206492308527,5.173438375732648e-05
0.0,0.003959675229718407,0.02012659934976363,-0.02012659934976363,-0.0011428000429210333
0.0,-0.008861912729460575,0.01642616675870298,-0.01642616675870298,0.002557632548139613
0.0,-0.00033296507498215,0.01888770241002516,-0.01888770241002516,9.60968968174358e-05
0.0,-0.0025117674736410134,0.018258879254020803,-0.018258879254020803,0.0007249200528217911
0.0,0.006081764662643874,0.020739054602868304,-0.020739054602868304,-0.0017552552960257073
-0.09523809523809523,-0.0002122089839386998,0.01892255376980126,-0.11416064900789649,-0.0951768497010539
0.0,0.0003483091890779111,0.019084324661356667,-0.019084324661356667,-0.00010052535451407068
0.0,0.002306686808393188,0.01964953112339478,-0.01964953112339478,-0.0006657318165521828
0.0,-0.012576216507389826,0.015354183257384071,-0.015354183257384071,0.003629616049458525
0.0,0.010817971767347556,0.022105969152303,-0.022105969152303,-0.0031221698454604054
-0.4736842105263158,0.005166188100786506,0.020474810473366172,-0.494159020999682,-0.4751752216928394
0.0,-0.0013471203041567348,0.018595007536786345,-0.018595007536786345,0.00038879177005625106
0.0,-0.0038951743709020326,0.017859614827054258,-0.017859614827054258,0.0011241844797883372
0.0,0.0027737519941737343,0.01978433059137915,-0.01978433059137915,-0.0008005312845365526
0.0,0.0005748652214816463,0.01914971089344253,-0.01914971089344253,-0.0001659115865999329
0.0,-0.00888957673985069,0.01641818266141543,-0.01641818266141543,0.0025656166454271676
0.0,-0.02087544856898549,0.012958945717441276,-0.012958945717441276,0.00602485358940132
0.0,-0.004876293940238585,0.017576454360374215,-0.017576454360374215,0.001407344946468382
0.0,0.00614065260021901,0.020756050223388722,-0.020756050223388722,-0.0017722509165461263
0.0,-0.010209232261157553,0.016037317489678172,-0.016037317489678172,0.0029464818171644237
0.0,0.011267044743841437,0.022235575897058272,-0.022235575897058272,-0.0032517765902156763
0.0,-0.0064652996420466735,0.01711785215719373,-0.01711785215719373,0.001865947149648866
0.0,-0.02283191982018462,0.012394289451426465,-0.012394289451426465,0.0065895098554161315
0.0,0.007641088938743268,0.02118909046345602,-0.02118909046345602,-0.002205291156613426
0.0,-0.0020282227794392593,0.01839843486533474,-0.01839843486533474,0.0005853644415078551
0.0,0.012439792925644788,0.02257404220925523,-0.02257404220925523,-0.003590242902412635
0.0,0.013301886798946505,0.02282285072466502,-0.02282285072466502,-0.0038390514178224264
-0.5,0.0015692347655638095,0.01943669542922661,-0.5194366954292267,-0.500452896122384
0.0,0.011062113608869106,0.02217643081665255,-0.02217643081665255,-0.003192631509809956
0.0,-0.00026926239009483766,0.01890608761254809,-0.01890608761254809,7.771169429450495e-05
0.0,0.005810025082904069,0.02066062796801217,-0.02066062796801217,-0.0016768286611695761
-0.009999966783588388,0.004809216724759979,0.020371785129069512,-0.0303717519126579,-0.011387952605815304
0.0,0.0011584739056558213,0.01931814592678004,-0.01931814592678004,-0.00033434661993744357
0.0,-0.006524484290135191,0.017100770903188806,-0.017100770903188806,0.0018830284036537893
0.0,0.006031458262132583,0.020724535695804402,-0.020724535695804402,-0.001740736388961808
0.0,-0.0019187235651341172,0.018430037383104017,-0.018430037383104017,0.0005537619237385796
-0.09090912141084517,0.00618651346579302,0.020769286106663447,-0.11167840751750863,-0.09269460821066602
0.0,-0.0013476817370097205,0.018594845501909426,-0.018594845501909426,0.0003889538049331708
0.0,2.1699977565736717e-05,0.0189900621273657,-0.0189900621273657,-6.262820523104605e-06
0.0,0.004948082937896281,0.020411863242835355,-0.020411863242835355,-0.0014280639359927595
0.0,0.0027826887923012578,0.019786909836567505,-0.019786909836567505,-0.0008031105297249103
0.0,-0.007378510346287226,0.016854290836767895,-0.016854290836767895,0.0021295084700746997
0.0,0.01526770113133269,0.023390203493034736,-0.023390203493034736,-0.004406404186192139
0.0,-5.335132643191631e-05,0.018968401605112237,-0.018968401605112237,1.5397701730357292e-05
0.0,0.0017184082710823834,0.019479748325895975,-0.019479748325895975,-0.0004959490190533789
-0.022222240675784155,0.0005380892952486782,0.01913909701032351,-0.04136133768610767,-0.02237753837926507
0.0,-0.0004632463094992323,0.018850102002981546,-0.018850102002981546,0.00013369730386104953
0.0,-0.005082138985368356,0.0175170455167792,-0.0175170455167792,0.0014667537900633942
0.04545458405833025,0.00030517087837123036,0.0190718745333873,0.02638270952494295,0.04536650883178555
-0.021739148094736427,-0.011701095130556172,0.015606751634583464,-0.03734589972931989,-0.018362100422477295
0.0,-0.0028217776974703845,0.01816940734621402,-0.01816940734621402,0.0008143919606285734
0.0,0.009613634629240364,0.021758385965987448,-0.021758385965987448,-0.0027745866591448523
0.0,0.0072196189337276895,0.0210674501995761,-0.0210674501995761,-0.002083650892733506
0.0,-0.006131649335692324,0.017214146818321653,-0.017214146818321653,0.0017696524885209425
0.0,0.006040504799839086,0.02072714661288207,-0.02072714661288207,-0.0017433473060394728
0.0,-0.0029326714097337447,0.01813740236303179,-0.01813740236303179,0.000846396943810806
0.0,-0.004864709743258144,0.017579797670125248,-0.017579797670125248,0.001404001636717346
0.0,0.004403939814465518,0.020254818346793192,-0.020254818346793192,-0.001271019039950595
0.0,-0.007000319763734719,0.01696344024647948,-0.01696344024647948,0.0020203590603631184
0.0,-0.0019000838946738874,0.018435416969803983,-0.018435416969803983,0.000548382337038612
0.0,0.0046402218845611465,0.0203230116061343,-0.0203230116061343,-0.0013392122992917047
0.0,0.007924102207026662,0.02127077079236635,-0.02127077079236635,-0.002286971485523756
0.0,0.0070393485966973035,0.021015422460697535,-0.021015422460697535,-0.0020316231538549403
0.0,0.002853326841976367,0.019807296651525134,-0.019807296651525134,-0.0008234973446825384
0.0,-0.0011264502910314222,0.018658695007561295,-0.018658695007561295,0.0003251042992812991
0.0,-0.012537288005457836,0.015365418394383398,-0.015365418394383398,0.0036183809124591976
-0.1777777408706538,-0.010750112394172895,0.015881214323795797,-0.1936589551944496,-0.174675155887607
0.0,0.0037505537703756975,0.020066244901772813,-0.020066244901772813,-0.0010824455949302184
0.0,0.010918212704340347,0.022134899642924564,-0.022134899642924564,-0.0031511003360819687
0.0,-0.020884795550912827,0.012956248089295519,-0.012956248089295519,0.006027551217547077
0.0,-0.009486773662544357,0.016245825932822016,-0.016245825932822016,0.0027379733740205796
0.0,0.008217286225508769,0.02135538649680354,-0.02135538649680354,-0.002371587189960945
0.0,0.006757307791485534,0.020934022793906073,-0.020934022793906073,-0.0019502234870634758
0.0,0.010488490558689278,0.022010877732539486,-0.022010877732539486,-0.0030270784256968887
0.0,0.001363852909705754,0.01937742026647381,-0.01937742026647381,-0.00039362095963121517
0.0,0.003775123551313042,0.020073335974924222,-0.020073335974924222,-0.001089536668081628
0.0,0.004092139025126507,0.020164829664699995,-0.020164829664699995,-0.0011810303578573987
0.0,-0.002213313863220212,0.018345015812958516,-0.018345015812958516,0.0006387834938840814
0.0,0.0017169605671216726,0.019479330504723162,-0.019479330504723162,-0.0004955311978805664
0.0,-0.008096390978489132,0.0166471036383999,-0.0166471036383999,0.002336695668442698
0.0,0.0032360358580392212,0.019917750124249463,-0.019917750124249463,-0.0009339508174068657
0.0,0.004760757069291355,0.020357799210241157,-0.020357799210241157,-0.0013739999033985629
0.0,0.002992016977140688,0.019847323947508645,-0.019847323947508645,-0.000863524640666048
0.0,-0.0001432614814260713,0.018942452676721545,-0.018942452676721545,4.13466301210486e-05
0.0,-0.0013484450597095465,0.018594625199696867,-0.018594625199696867,0.0003891741071457302
0.0,0.001871216126306141,0.019523850130558577,-0.019523850130558577,-0.0005400508237159799
0.0,-0.008988392160571124,0.016389663588388167,-0.016389663588388167,0.0025941357184544275
0.0,0.005616468420812426,0.020604765668981725,-0.020604765668981725,-0.0016209663621391296
0.0,-0.0013736249452109828,0.01858735804454843,-0.01858735804454843,0.00039644126229416754
0.0,0.001519476431128819,0.01942233469926037,-0.01942233469926037,-0.00043853539241777697
0.0,0.009672737603931392,0.02177544364827077,-0.02177544364827077,-0.002791644341428172
0.0,0.0004217577030636299,0.019105522603123554,-0.019105522603123554,-0.00012172329628096017
0.0,-0.004701005088166399,0.017627044395175102,-0.017627044395175102,0.001356754911667493
0.0,-0.00936180703333589,0.016281892494077164,-0.016281892494077164,0.002701906812765431
0.0,0.00374696520677964,0.020065209208087426,-0.020065209208087426,-0.0010814099012448322
0.0,0.0038447864907102947,0.020093441363754017,-0.020093441363754017,-0.0011096420569114203
0.0,-0.00649839809746755,0.01710829962723074,-0.01710829962723074,0.001875499679611857
0.0,0.008116098951240547,0.02132618288421711,-0.02132618288421711,-0.0023423835773745136
0.0,0.0023622298736216685,0.019665561381848978,-0.019665561381848978,-0.0006817620750063811
0.0,0.004248391856225497,0.02020992572226206,-0.02020992572226206,-0.0012261264154194624
0.0,0.005987805879090757,0.020711937201655338,-0.020711937201655338,-0.0017281378948127432
0.0,-0.0011140717108722997,0.01866226758387538,-0.01866226758387538,0.0003215317229672178
0.0,0.0053671102654548886,0.02053279852670032,-0.02053279852670032,-0.0015489992198577237
0.0,0.0018436779311643559,0.01951590234475185,-0.01951590234475185,-0.0005321030379092541
0.0,0.0007278261010281728,0.019193856862384392,-0.019193856862384392,-0.00021005755554179503
0.0,-0.00037921654875650024,0.018874353793497778,-0.018874353793497778,0.00010944551334481886
0.0,0.001891663548679423,0.019529751451704925,-0.019529751451704925,-0.0005459521448623289
0.0,0.006525279593556643,0.020867057242650273,-0.020867057242650273,-0.0018832579358076767
0.0,0.004627758701298612,0.02031941461255754,-0.02031941461255754,-0.0013356153057149434
0.0,0.0009387712266117898,0.019254737637848414,-0.019254737637848414,-0.0002709383310058181
0.0,-0.00024598362294592224,0.018912806086805088,-0.018912806086805088,7.099322003750859e-05
0.0,-0.0035370410325543666,0.01796297552476084,-0.01796297552476084,0.001020823782081755
0.0,-0.00708889350376507,0.0169378770201955,-0.0169378770201955,0.002045922286647098
0.0,0.003134561695468774,0.019888463712962358,-0.019888463712962358,-0.0009046644061197638
-0.12162166104942762,0.0008367051734305964,0.019225280401284964,-0.14084694145071258,-0.12186314214386999
0.0,0.0021725690603942027,0.019610823461963512,-0.019610823461963512,-0.0006270241551209162
0.0,0.007718881307192449,0.021211542083057405,-0.021211542083057405,-0.002227742776214808
0.0,0.0012774785766593855,0.01935249181002571,-0.01935249181002571,-0.0003686925031831127
0.0,0.0017300583227324307,0.019483110641932852,-0.019483110641932852,-0.0004993113350902557
0.0,-0.00013246407875799893,0.018945568910128746,-0.018945568910128746,3.8230396713849113e-05
-0.5384615384615384,-0.006435310620591883,0.017126507274852997,-0.5555880457363914,-0.5366042464295488
0.0,0.0048975112174378665,0.02039726776190381,-0.02039726776190381,-0.0014134684550612144
0.0,-0.00117888399729138,0.01864356213976581,-0.01864356213976581,0.00034023716707678493
0.0,0.001910868625069062,0.019535294219949567,-0.019535294219949567,-0.0005514949131069715
0.0,-0.0003722566922789161,0.018876362474467775,-0.018876362474467775,0.00010743683237482097
0.0,0.006677770440579822,0.020911067555722224,-0.020911067555722224,-0.001927268248879627
0.0,0.0006588129971369927,0.019173939022280477,-0.019173939022280477,-0.0001901397154378825
0.0,0.005479508115899812,0.020565237618509834,-0.020565237618509834,-0.0015814383116672366
0.0,-0.003923521850109468,0.017851433474146368,-0.017851433474146368,0.0011323658326962281
0.0,-0.00704880201475111,0.0169494478063605,-0.0169494478063605,0.0020343515004820974
0.0,0.004644267890169251,0.020324179321947935,-0.020324179321947935,-0.0013403800151053397
0.0,-0.004131071874054704,0.017791532557401298,-0.017791532557401298,0.0011922667494412976
0.0,0.0014709227452411877,0.019408321642356133,-0.019408321642356133,-0.00042452233551353556
0.0,0.004843552990250188,0.02038169490282607,-0.02038169490282607,-0.0013978955959834747
0.0,-0.0019320956634630848,0.018426178067968875,-0.018426178067968875,0.000557621238873719
0.0,0.004201084929208676,0.020196272491860855,-0.020196272491860855,-0.0012124731850182585
0.0,-0.01183402645755216,0.015568386385571016,-0.015568386385571016,0.0034154129212715786
0.0,0.010264935568841116,0.021946357629962318,-0.021946357629962318,-0.0029625583231197234
0.0,-0.0023202504717819705,0.018314152887651657,-0.018314152887651657,0.0006696464191909375
0.0,0.005016150134305564,0.020431508085016915,-0.020431508085016915,-0.0014477087781743175
0.0,0.0017544380056517817,0.01949014685098291,-0.01949014685098291,-0.0005063475441403137
0.0,0.00048815592189166424,0.019124685762454668,-0.019124685762454668,-0.0001408864556120738
0.0,-0.004849150767687549,0.017584288138893102,-0.017584288138893102,0.001399511167949495
0.0,0.0002881549022029084,0.01906696356034851,-0.01906696356034851,-8.3164253505914e-05
0.0,-0.004527786939807377,0.01767703680513178,-0.01767703680513178,0.0013067625017108132
0.0,6.091277451791832e-05,0.019001379314619767,-0.019001379314619767,-1.758000777716982e-05
0.0,-0.019999240340662028,0.01321182777034818,-0.01321182777034818,0.005771971536494415
0.0,-0.002859121137017251,0.018158629673339064,-0.018158629673339064,0.000825169633503531
0.0,0.007189032358413172,0.02105862262217281,-0.02105862262217281,-0.0020748233153302137
0.0,-0.009685469956760784,0.016188480286933038,-0.016188480286933038,0.002795319019909556
0.0,1.563854864095049e-05,0.018988312741157604,-0.018988312741157604,-4.513434315008668e-06
0.0,-0.0055566200056119674,0.017380105768228616,-0.017380105768228616,0.001603693538613978
0.0,0.011531402436471216,0.022311872048878103,-0.022311872048878103,-0.003328072742035507
0.0,0.0027594252503462258,0.019780195756446697,-0.019780195756446697,-0.000796396449604103
0.0,-0.00163664161317445,0.018511448925239427,-0.018511448925239427,0.0004723503816031703
0.0,0.006707160027472625,0.02091954967084885,-0.02091954967084885,-0.0019357503640062544
0.0,0.004345814053963171,0.02023804269784644,-0.02023804269784644,-0.0012542433910038445
0.0,-6.137292417629503e-05,0.01896608649548462,-0.01896608649548462,1.771281135797773e-05
0.0,0.008531672245722488,0.02144612130118788,-0.02144612130118788,-0.002462321994345284
0.0,0.005000651911710952,0.020427035150137458,-0.020427035150137458,-0.0014432358432948623
0.0,0.002477812999687634,0.019698919774587292,-0.019698919774587292,-0.0007151204677446982
0.0,0.0029498896671826813,0.01983516560399935,-0.01983516560399935,-0.0008513662971567544
0.0,-0.0019925870761225983,0.018408719669243442,-0.018408719669243442,0.0005750796375991523
0.0,0.004787778824361766,0.020365597946516927,-0.020365597946516927,-0.0013817986396743314
0.0,0.0010510808940034089,0.019287151279187557,-0.019287151279187557,-0.00030335197234496316
0.0,4.9987292607633904e-05,0.018998226116321508,-0.018998226116321508,-1.4426809478910917e-05
0.0,-0.0016899010514689339,0.01849607774330206,-0.01849607774330206,0.00048772156354053714
-0.33333333333333337,0.00332041473363498,0.019942102672642507,-0.3532754360059759,-0.33429163669913325
0.0,-0.0005440661600049079,0.018826776623179293,-0.018826776623179293,0.00015702268366330312
0.0,-0.0007791410646480479,0.018758931763303007,-0.018758931763303007,0.00022486754353958719
0.0,-0.0015344207755288997,0.018540950834075788,-0.018540950834075788,0.0004428484727668069
0.0,0.005035885365550108,0.020437203861009865,-0.020437203861009865,-0.0014534045541672708
0.0,-0.003073114142502442,0.018096869250661504,-0.018096869250661504,0.0008869300561810921
0.0,-0.006545009043329442,0.01709484726362986,-0.01709484726362986,0.0018889520432127341
0.0,0.0036460744169486414,0.020036091163737765,-0.020036091163737765,-0.0010522918568951695
0.0,0.0008819054148185845,0.01923832562211786,-0.01923832562211786,-0.0002545263152752664
0.0,-0.005962558462297207,0.01726294805735338,-0.01726294805735338,0.001720851249489216
0.0,-0.0007101514711097545,0.01877884281809481,-0.01877884281809481,0.00020495648874778468
0.0,0.007484376300642026,0.021143861701206978,-0.021143861701206978,-0.002160062394364381
0.0,0.0012956437010964716,0.01935773443821667,-0.01935773443821667,-0.0003739351313740728
0.0,0.0048911800862372345,0.020395440537046196,-0.020395440537046196,-0.0014116412302036003
0.0,-0.00047726958102545236,0.018846054753050092,-0.018846054753050092,0.00013774455379250345
0.0,-0.00801332329681892,0.01667107776371846,-0.01667107776371846,0.0023127215431241375
0.0,-0.0057765015647701645,0.017316645852789695,-0.017316645852789695,0.001667153454052902
0.0,0.00783249148610099,0.021244331064426004,-0.021244331064426004,-0.002260531757583409
0.0,-0.016168772358634453,0.014317337369068494,-0.014317337369068494,0.0046664619377741025
0.0,0.008575824615237426,0.02145886409620249,-0.02145886409620249,-0.0024750647893598955
0.0,-0.002546802239196233,0.018248767886482442,-0.018248767886482442,0.0007350314203601538
0.0,-0.002785928622506484,0.018179753731215487,-0.018179753731215487,0.0008040455756271099
0.0,-0.013248560995234304,0.015160138224650153,-0.015160138224650153,0.003823661082192442
0.0,5.143341477165109e-06,0.018985283724255606,-0.018985283724255606,-1.4844174130108692e-06
0.0,0.0111655096821337,0.02220627190969923,-0.02220627190969923,-0.003222472602856632
0.0,-0.0015651598591330806,0.018532079241325314,-0.018532079241325314,0.0004517200655172834
0.0,-0.015126053030587783,0.014618276113716768,-0.014618276113716768,0.0043655231931258275
0.0,0.017461650296527242,0.024023398150347375,-0.024023398150347375,-0.00503959884350478
0.0,-0.02066141501469354,0.013020717842891265,-0.013020717842891265,0.005963081463951331
0.0,-0.011451012338901223,0.01567892791381266,-0.01567892791381266,0.003304871393029935
0.0,-0.016467929557809624,0.014230997747704689,-0.014230997747704689,0.004752801559137906
0.0,0.0015788647774723774,0.019439474742524793,-0.019439474742524793,-0.0004556754356821975
0.0,-0.008100314924121665,0.01664597115025955,-0.01664597115025955,0.0023378281565830444
0.0,0.0001449777086941495,0.019025641256524426,-0.019025641256524426,-4.184194968183022e-05
0.0,0.012884107385910504,0.022702275600835226,-0.022702275600835226,-0.003718476293992632
0.0,0.00914265720638352,0.02162245738906375,-0.02162245738906375,-0.0026386580822211547
0.0,0.019574487182363987,0.02463318303010154,-0.02463318303010154,-0.005649383723258942
0.0,-0.0072993302004167315,0.016877142982171175,-0.016877142982171175,0.002106656324671419
0.0,0.012303377138681793,0.022534671311857792,-0.022534671311857792,-0.0035508720050151975
0.0,0.007053449392805167,0.021019492084962763,-0.021019492084962763,-0.0020356927781201685
0.0,-0.0015015683952100956,0.018550432344416994,-0.018550432344416994,0.00043336696242560213
0.0,0.011939073060167393,0.02242952967967596,-0.02242952967967596,-0.003445730372833366
0.0,-0.0013853554985293615,0.01858397249496216,-0.01858397249496216,0.000399826811880436
1.0,0.0062301242403934864,0.02078187259221943,0.9792181274077806,0.9982019267146232
0.0,0.011731393541549506,0.022369591389533105,-0.022369591389533105,-0.00338579208269051
0.0,-0.00011892184463624389,0.01894947732807662,-0.01894947732807662,3.4321978765973894e-05
0.0,-0.0028298416808328897,0.01816708000369269,-0.01816708000369269,0.0008167193031499045
0.0,0.005700497411807115,0.020629017237341327,-0.020629017237341327,-0.0016452179304987324
0.0,0.0037755130048497954,0.020073448374929956,-0.020073448374929956,-0.00108964906808736
0.0,0.00034958621780534216,0.01908469322402907,-0.01908469322402907,-0.00010089391718647535
0.0,0.003120184693883088,0.019884314373161488,-0.019884314373161488,-0.0009005150663188917
0.0,0.0006966942090356198,0.019184871901386003,-0.019184871901386003,-0.00020107259454340713
0.0,-0.0007011166816754955,0.018781450344509037,-0.018781450344509037,0.00020234896233355703
0.0,0.0005298447465655887,0.019136717554928233,-0.019136717554928233,-0.00015291824808563896
0.0,0.00024027020881067784,0.019053143581060007,-0.019053143581060007,-6.93442742174123e-05
0.0,0.0007353590216279127,0.01919603093512654,-0.01919603093512654,-0.00021223162828394658
0.0,0.005133983312177293,0.020465515864169777,-0.020465515864169777,-0.0014817165573271826
0.0,-0.0015011590075549863,0.018550550497599436,-0.018550550497599436,0.0004332488092431596
0.0,0.0019670962134916703,0.019551522038327305,-0.019551522038327305,-0.0005677227314847106
0.0,0.0052368773596394025,0.020495212067781,-0.020495212067781,-0.0015114127609384017
0.0,0.0028640233144536786,0.0198103837555165,-0.0198103837555165,-0.0008265844486739041
0.0,-0.0011500296768531815,0.018651889771887694,-0.018651889771887694,0.00033190953495490115
0.0,0.0028059818899186517,0.019793632446734405,-0.019793632446734405,-0.000809833139891809
0.0,-0.002542427180532325,0.018250030570146843,-0.018250030570146843,0.0007337687366957534
0.0,-0.006829362527492333,0.017012780135632295,-0.017012780135632295,0.0019710191712103016
0.0,0.006384461097458161,0.020826415681398577,-0.020826415681398577,-0.0018426163745559813
0.0,0.0037647427417917267,0.02007033997427309,-0.02007033997427309,-0.0010865406674304943
0.0,-0.0011618962070774064,0.018648464978069306,-0.018648464978069306,0.00033533432877329023
0.0,0.0016652165347093018,0.01946439668337894,-0.01946439668337894,-0.0004805973765363422
0.0,-0.007256565211683386,0.016889485365857895,-0.016889485365857895,0.002094313940984699
0.0,-0.00023782354133117245,0.018915161164198703,-0.018915161164198703,6.863814264389155e-05
0.0,-0.01635096881921505,0.014264753732559907,-0.014264753732559907,0.004719045574282689
0.0,0.0045356892119050585,0.020292842479661136,-0.020292842479661136,-0.001309043172818541
0.0,-0.016213587335965784,0.014304403339117408,-0.014304403339117408,0.004679395967725188
0.0,-0.006342586611898127,0.017153268308262942,-0.017153268308262942,0.0018305309985796525
0.0,-0.008489022887163578,0.016533786324212686,-0.016533786324212686,0.0024500129826299107
0.0,0.020352415732846962,0.024857700630486826,-0.024857700630486826,-0.00587390132364423
0.0,0.02401520473971619,0.02591481647747474,-0.02591481647747474,-0.006931017170632146
0.0,0.004570048934014581,0.020302759023221782,-0.020302759023221782,-0.001318959716379188
0.0,0.003810463907886641,0.020083535538945544,-0.020083535538945544,-0.0010997362321029495
0.0,0.0017463617463617798,0.0194878159655118,-0.0194878159655118,-0.0005040166586692061
0.0,-0.00013929653841071588,0.01894359699709765,-0.01894359699709765,4.020230974494294e-05
0.0,0.003309574570383944,0.019938974098123168,-0.019938974098123168,-0.0009551747912805724
0.0,0.0008617745425745227,0.0192325156603584,-0.0192325156603584,-0.0002487163535158047
0.0,-0.0048886047197381766,0.017572901351977227,-0.017572901351977227,0.0014108979548653675
0.0,-0.010310858415930158,0.01600798721199166,-0.01600798721199166,0.002975812094850933
0.0,-0.0003399636723855348,0.018885682548054422,-0.018885682548054422,9.811675878817221e-05
0.0,-0.018278105145113743,0.013708563805814745,-0.013708563805814745,0.00527523550102785
0.0,-0.008893471722946522,0.01641705853213945,-0.01641705853213945,0.002566740774703146
0.0,0.01162984267174294,0.022340282839805943,-0.022340282839805943,-0.0033564835329633488
0.0,0.017888280629516196,0.02414652773410515,-0.02414652773410515,-0.005162728427262553
0.0,-0.008403811034715436,0.016558379277671155,-0.016558379277671155,0.002425420029171442
0.0,-0.008093685160912578,0.016647884563163476,-0.016647884563163476,0.002335914743679118
0.0,-0.0025785552362955766,0.018239603668625468,-0.018239603668625468,0.0007441956382171274
0.0,-0.005813067327385291,0.01730609262489555,-0.01730609262489555,0.0016777066819470437
0.0,-0.009247875921837956,0.016314774099652464,-0.016314774099652464,0.0026690252071901325
0.0,0.013424199395820402,0.02285815130687141,-0.02285815130687141,-0.0038743520000288144
0.0,0.0015499523698385698,0.01943113034588416,-0.01943113034588416,-0.00044733103904156304
0.0,0.004731623968765364,0.020349391119526633,-0.020349391119526633,-0.001365591812684039
0.0,0.015269721916580492,0.023390786710933663,-0.023390786710933663,-0.004406987404091069
0.0,-0.005491522439307173,0.017398893546834507,-0.017398893546834507,0.0015849057600080885
0.0,0.002568460857030219,0.01972508161091274,-0.01972508161091274,-0.0007412823040701418
0.0,-0.013387862410411011,0.015119934507424026,-0.015119934507424026,0.00386386479941857
0.0,-0.013495609366348305,0.015088837708134628,-0.015088837708134628,0.0038949615987079666
0.0,0.009534685287099887,0.021735600432742305,-0.021735600432742305,-0.0027518011258997077
0.0,-0.012991965252009852,0.015234194203829817,-0.015234194203829817,0.003749605103012778
0.0,0.01296246371066978,0.022724889983607322,-0.022724889983607322,-0.0037410906767647275
0.0,0.014439495293299576,0.023151175387863845,-0.023151175387863845,-0.00416737608102125
0.0,-0.0041560462088314765,0.01778432472615276,-0.01778432472615276,0.0011994745806898342
0.0,0.010291406686777416,0.021953997447108617,-0.021953997447108617,-0.0029701981402660204
0.0,-0.0034181723141418763,0.017997282170791863,-0.017997282170791863,0.0009865171360507311
0.0,-0.004247194360987749,0.017758018499971738,-0.017758018499971738,0.001225780806870856
0.0,0.010675561019232394,0.022064868051930687,-0.022064868051930687,-0.003081068745088091
0.0,-2.903358867545336e-05,0.018975419936197387,-0.018975419936197387,8.379370645208016e-06
0.0,0.009644506431775834,0.02176729586268751,-0.02176729586268751,-0.0027834965558449143
0.0,0.004074738491730789,0.02015980770477706,-0.02015980770477706,-0.001176008397934466
0.0,0.0015975744623728527,0.01944487453606009,-0.01944487453606009,-0.0004610752292174928
0.0,-0.0003143092177338991,0.018893086668386558,-0.018893086668386558,9.07126384560383e-05
0.0,-0.0010620573331896477,0.018677279429443448,-0.018677279429443448,0.0003065198773991476
0.0,0.006126533626735764,0.020751975352959563,-0.020751975352959563,-0.0017681760461169668
0.0,-0.0003033391953459752,0.01889625272149154,-0.01889625272149154,8.754658535105786e-05
0.0,0.002758770892866691,0.019780006902636142,-0.019780006902636142,-0.0007962075957935465
0.0,-0.0007657236475081541,0.01876280415787928,-0.01876280415787928,0.00022099514896331521
0.0,-0.001476028227480719,0.01855780348045317,-0.01855780348045317,0.00042599582638942334
0.0,-0.0029563045487578377,0.01813058161367124,-0.01813058161367124,0.0008532176931713572
0.0,0.006124919257840311,0.020751509430696754,-0.020751509430696754,-0.0017677101238541592
0.0,-0.0045385421527393,0.017673932748084886,-0.017673932748084886,0.0013098665587577092
0.0,-0.00438850348301556,0.017717235339396724,-0.017717235339396724,0.001266563967445871
0.0,0.0011960799848387271,0.019328999399959294,-0.019328999399959294,-0.00034520009311670043
0.0,-0.014173946589881803,0.014893063114715728,-0.014893063114715728,0.004090736192126868
0.0,0.0039444211911976446,0.020122196888737176,-0.020122196888737176,-0.0011383975818945805
0.0,-0.01696133008584244,0.014088597648731608,-0.014088597648731608,0.0048952016581109885
0.0,-0.0019176795748703235,0.018430338688652844,-0.018430338688652844,0.0005534606181897512
0.0,0.012601439566208406,0.02262069497168072,-0.02262069497168072,-0.003636895664838123
0.0,-0.006074710968194674,0.01723057977432062,-0.01723057977432062,0.001753219532521974
0.0,0.013533671171787054,0.022889745905674462,-0.022889745905674462,-0.003905946598831865
0.0,-0.003320173700583018,0.018025565505480713,-0.018025565505480713,0.0009582338013618836
0.0,0.012158421402569175,0.02249283570367259,-0.02249283570367259,-0.0035090363968299956
0.0,-0.004872579408787825,0.017577526409584085,-0.017577526409584085,0.0014062728972585124
0.0,0.00901275466979845,0.021584966277855742,-0.021584966277855742,-0.0026011669710131464
0.0,-0.0017457310425351702,0.018479964675314077,-0.018479964675314077,0.0005038346315285178
0.0,-0.006139421956948832,0.017211903565683438,-0.017211903565683438,0.001771895741159159
0.0,-0.014558905652342857,0.014781960257137527,-0.014781960257137527,0.004201839049705069
0.0,-0.002377499996742527,0.018297630128640743,-0.018297630128640743,0.0006861691782018539
0.0,0.0023685613495147972,0.019667388706188133,-0.019667388706188133,-0.0006835893993455379
0.0,0.012236645187396533,0.022515411834156028,-0.022515411834156028,-0.003531612527313431
0.0,-0.008795775050879251,0.016445254723633583,-0.016445254723633583,0.002538544583209012
0.0,-0.003965371271123064,0.017839355332037232,-0.017839355332037232,0.0011444439748053623
0.0,0.0035296669586522,0.02000249486085437,-0.02000249486085437,-0.001018695554011773
0.0,0.0066088151237357895,0.02089116639351135,-0.02089116639351135,-0.0019073670866687558
0.0,-0.0020619040578628844,0.018388714127093565,-0.018388714127093565,0.0005950851797490293
0.0,0.002682533127767339,0.019758003956390994,-0.019758003956390994,-0.0007742046495483974
0.0,0.004457481018385057,0.020270270848977732,-0.020270270848977732,-0.0012864715421351351
0.0,0.005202865037342352,0.0204853957871201,-0.0204853957871201,-0.0015015964802775057
0.0,-0.00458128059365126,0.01766159802635266,-0.01766159802635266,0.0013222012804899356
0.0,0.0016297588743277025,0.01945416326435966,-0.01945416326435966,-0.0004703639575170625
0.0,0.005148195696902835,0.02046961769397452,-0.02046961769397452,-0.0014858183871319253
0.0,-0.0007784436134247175,0.0187591330543791,-0.0187591330543791,0.00022466625246349707
0.0,-0.011311245518606405,0.015719265951395407,-0.015719265951395407,0.003264533355447188
0.0,0.009235131672624686,0.021649146402141477,-0.021649146402141477,-0.002665347095298881
0.0,-0.0014806053255762563,0.018556482486281535,-0.018556482486281535,0.00042731682056106046
0.0,0.005087480356207541,0.020452094667481897,-0.020452094667481897,-0.0014682953606393002
0.0,0.002357715893671175,0.019664258604176088,-0.019664258604176088,-0.0006804592973334921
0.0,0.002252800575326619,0.019633979042507146,-0.019633979042507146,-0.0006501797356645521
0.0,-0.004141314249916261,0.017788576510024898,-0.017788576510024898,0.0011952227968176968
0.0,0.0027692316953564777,0.019783025990021037,-0.019783025990021037,-0.0007992266831784397
0.0,-0.0037403355807980043,0.017904302778896538,-0.017904302778896538,0.0010794965279460574
0.0,-0.010128906614839228,0.016060500237437707,-0.016060500237437707,0.002923299069404889
0.0,0.010923001659165044,0.022136281780969155,-0.022136281780969155,-0.0031524824741265577
0.0,0.002940748690645867,0.019832527430974398,-0.019832527430974398,-0.0008487281241318029
0.0,-0.011837383677612334,0.015567417459836889,-0.015567417459836889,0.003416381847005706
-0.5,-0.004455724813014705,0.017697834622329912,-0.5176978346223299,-0.4987140353154873
0.0,0.0037738134388320965,0.020072957863964968,-0.020072957863964968,-0.0010891585571223708
0.0,0.013457901176364917,0.022867877962220243,-0.022867877962220243,-0.003884078655377649
0.0,-0.005089560528435566,0.017514903588655376,-0.017514903588655376,0.0014688957181872193
0.0,-0.0029496376848567873,0.018132505734188772,-0.018132505734188772,0.000851293572653824
0.0,-0.00030495478248648844,0.018895786447631586,-0.018895786447631586,8.801285921101089e-05
0.0,0.010779286625573148,0.022094804251366583,-0.022094804251366583,-0.003111004944523986
0.0,0.0007684139066803652,0.019205570890265585,-0.019205570890265585,-0.00022177158342298936
0.0,0.003047948049283322,0.01986346618845949,-0.01986346618845949,-0.0008796668816168968
0.0,-0.0006433745436266181,0.018798115276356317,-0.018798115276356317,0.0001856840304862797
0.0,-0.0009305162517933008,0.018715243440314187,-0.018715243440314187,0.00026855586652840883
0.0,0.0023378744854138933,0.019658532184484427,-0.019658532184484427,-0.0006747328776418327
0.0,-0.002233886303356414,0.018339078410493235,-0.018339078410493235,0.0006447208963493622
0.0,-0.010281980197837881,0.016016321741204473,-0.016016321741204473,0.002967477565638121
0.0,0.009162641262365545,0.021628224978249497,-0.021628224978249497,-0.0026444256714069016
0.0,-0.0012667608976734135,0.018618200028051538,-0.018618200028051538,0.0003655992787910573
0.0,-0.0063184691730722164,0.01716022883116607,-0.01716022883116607,0.0018235704756765266
0.0,0.002059461282371222,0.01957817947828292,-0.01957817947828292,-0.0005943801714403261
0.0,-0.0010085961899480855,0.01869270882535262,-0.01869270882535262,0.0002910904814899761
0.0,0.0021188711112078984,0.01959532572159978,-0.01959532572159978,-0.0006115264147571834
-0.25,-0.008623167576889856,0.016495070887141923,-0.2664950708871419,-0.2475112715802993
0.0,-0.0014361829335245435,0.018569303212376025,-0.018569303212376025,0.0004144960944665715
0.0,-0.006474509789282434,0.01711519402084524,-0.01711519402084524,0.0018686052859973577
0.0,0.00041835300422188304,0.019104539974560162,-0.019104539974560162,-0.00012074066771756706
0.0,0.012042424827124476,0.02245935798549965,-0.02245935798549965,-0.003475558678657053
0.0,0.0017386264178671507,0.0194855834759204,-0.0194855834759204,-0.0005017841690778062
0.0,-0.0069942998817651425,0.016965177641839982,-0.016965177641839982,0.002018621665002615
0.0,-0.004622572493653387,0.017649680790125667,-0.017649680790125667,0.0013341185167169273
0.0,0.0056898566086796,0.020625946200055346,-0.020625946200055346,-0.001642146893212752
0.0,0.0019796413026920145,0.019555142670739024,-0.019555142670739024,-0.0005713433638964302
0.0,0.009902710578908236,0.021841816042577688,-0.021841816042577688,-0.0028580167357350923
0.0,-0.0053035017498218595,0.017453158111362728,-0.017453158111362728,0.0015306411954798664
0.0,0.006094866554531064,0.020742835933846827,-0.020742835933846827,-0.0017590366270042312
0.0,0.0006358685039113965,0.019167317022666414,-0.019167317022666414,-0.00018351771582381882
0.0,-0.00735329696164333,0.016861567660088398,-0.016861567660088398,0.002122231646754198
0.0,-0.0029735743006855664,0.0181255973985275,-0.0181255973985275,0.0008582019083150945
0.0,-0.0003900796440671206,0.018871218600567292,-0.018871218600567292,0.0001125807062753045
0.0,-0.02086619391956246,0.012961616697545524,-0.012961616697545524,0.006022182609297073
0.0,0.0026584898861461426,0.01975106484750892,-0.01975106484750892,-0.0007672655406663242
0.0,0.006936040108400654,0.02098560664550809,-0.02098560664550809,-0.0020018073386654923
0.0,-0.0003080227407983305,0.018894901005597313,-0.018894901005597313,8.889830124528156e-05
0.0,-0.003861756863082544,0.017869259438582953,-0.017869259438582953,0.0011145398682596433
0.0,0.00608097510857486,0.020738826730032373,-0.020738826730032373,-0.0017550274231897772
0.0,-0.016652749054007043,0.014177657078095764,-0.014177657078095764,0.004806142228746832
0.0,0.0022622025726091177,0.0196366925486092,-0.0196366925486092,-0.0006528932417666037
0.0,0.012338485100151564,0.022544803804435316,-0.022544803804435316,-0.003561004497592721
0.0,0.011066049239604414,0.022177566677225022,-0.022177566677225022,-0.003193767370382428
0.0,0.004453159211633695,0.020269023534323263,-0.020269023534323263,-0.0012852242274806692
0.0,-0.000734986066058041,0.018771675317093763,-0.018771675317093763,0.00021212398974883182
0.0,0.008014680412562258,0.021296912526515884,-0.021296912526515884,-0.002313113219673289
0.0,0.001106182994042637,0.01930305427088174,-0.01930305427088174,-0.0003192549640391449
0.0,0.00077123387202227,0.01920638475916311,-0.01920638475916311,-0.00022258545232051353
0.0,-0.0042616893616069795,0.017753835104524187,-0.017753835104524187,0.0012299642023184101
0.0,-0.0023877098952062026,0.018294683454551177,-0.018294683454551177,0.00068911585229142
0.0,-0.005676040278268291,0.017345639938381507,-0.017345639938381507,0.0016381593684610873
0.0,-0.01070332804283558,0.01589471673387101,-0.01589471673387101,0.003089082572971588
0.0,-0.005775015185050969,0.017317074836155334,-0.017317074836155334,0.00166672447068726
0.0,0.012386154626733425,0.022558561684529854,-0.022558561684529854,-0.0035747623776872586
0.0,0.007318795346650031,0.021096073458396362,-0.021096073458396362,-0.002112274151553767
0.0,2.836730636679441e-05,0.01899198638205781,-0.01899198638205781,-8.187075215214602e-06
0.0,-0.002271519985995063,0.018328216970693336,-0.018328216970693336,0.000655582336149258
0.0,-0.002756886733696673,0.018188135497358645,-0.018188135497358645,0.0007956638094839507
0.46666663898632366,-0.002249704779339723,0.01833451304743088,0.44833212593889277,0.4673159252457354
0.0,0.0031146787487494887,0.019882725304874328,-0.019882725304874328,-0.0008989259980317319
0.0,-0.00775298528243118,0.01674621379805364,-0.01674621379805364,0.002237585508788957
0.0,-0.0028748824444340126,0.01815408080967035,-0.01815408080967035,0.0008297184971722436
0.0,0.012808166466444781,0.022680358327071576,-0.022680358327071576,-0.0036965590202289803
0.0,-0.00955710249815489,0.01622552835999304,-0.01622552835999304,0.002758270946849556
0.0,0.0009500546545004873,0.019257994142770515,-0.019257994142770515,-0.00027419483592791924
0.0,-0.0012752120935421996,0.018615760932307247,-0.018615760932307247,0.0003680383745353488
0.0,0.003911964108786803,0.020112829465142985,-0.020112829465142985,-0.0011290301583003885
0.0,0.00521142418513576,0.0204878660388196,-0.0204878660388196,-0.0015040667319770043
0.0,-0.002625530186397551,0.01822604624992864,-0.01822604624992864,0.000757753056913955
0.0,-0.008254876246131082,0.016601363278356165,-0.016601363278356165,0.0023824360284864315
0.0,-0.021100170073477753,0.012894088947610356,-0.012894088947610356,0.006089710359232239
0.0,-0.031850965718637325,0.009791306771811222,-0.009791306771811222,0.009192492535031373
0.0,-0.03941369286646568,0.00760863157555455,-0.00760863157555455,0.011375167731288046
0.0,-0.01352199497897244,0.015081222568637063,-0.015081222568637063,0.0039025767382055323
0.0,0.03903385877450183,0.030249343295925393,-0.030249343295925393,-0.011265543989082798
0.0,0.024297748621125326,0.025996361336855643,-0.025996361336855643,-0.007012562030013049
0.0,0.0006087363616984476,0.01915948642760832,-0.01915948642760832,-0.00017568712076572297
0.0,-0.008391670369217175,0.016561883189544626,-0.016561883189544626,0.0024219161172979696
0.0,-0.029576446640986798,0.010447754674420795,-0.010447754674420795,0.0085360446324218
0.0,0.01829297500443139,0.024263326391114167,-0.024263326391114167,-0.005279527084271571
0.0,0.0011647935451044589,0.019319969835008406,-0.019319969835008406,-0.0003361705281658116
0.0,-0.015329595723932221,0.0145595317508093,-0.0145595317508093,0.004424267556033295
0.2727273156203669,0.02508305358648033,0.02622300784093715,0.24650430777942975,0.26548810708627235
0.0,-0.01389756050907287,0.014972830774103715,-0.014972830774103715,0.004010968532738882
0.0,0.005277955033794246,0.020507067476384946,-0.020507067476384946,-0.0015232681695423517
0.0,0.004487043210972708,0.020278802779754388,-0.020278802779754388,-0.0012950034729117938
0.0,-0.004089655710746709,0.01780348565720372,-0.01780348565720372,0.0011803136496388762
0.0,0.01283131142251781,0.02268703818217564,-0.02268703818217564,-0.0037032388753330424
0.0,0.008705414349693852,0.02149626492973233,-0.02149626492973233,-0.002512465622889735
0.0,-0.002561059320011938,0.01824465315695972,-0.01824465315695972,0.0007391461498828765
0.0,-0.016164165744279924,0.014318666881914032,-0.014318666881914032,0.004665132424928563
0.0,0.004565783605198437,0.02030152800863817,-0.02030152800863817,-0.001317728701795573
0.0,-0.012318429274285614,0.01542858311190874,-0.01542858311190874,0.003555216194933855
0.0,-0.002048642890328245,0.018392541426543285,-0.018392541426543285,0.0005912578802993099
0.0,-0.003362984329369434,0.018013209949639314,-0.018013209949639314,0.0009705893572032832
0.0,-0.00046579328582951884,0.018849366921316838,-0.018849366921316838,0.00013443238552575903
0.0,-0.02566609046896018,0.011576320766833972,-0.011576320766833972,0.007407478540008624
0.0,0.001232853252514099,0.01933961251579323,-0.01933961251579323,-0.00035581320895063464
0.0,0.019075555906861608,0.024489186704650546,-0.024489186704650546,-0.005505387397807949
0.0,0.001973884228037459,0.019553481124076576,-0.019553481124076576,-0.00056968181723398
0.0,0.014315289284541954,0.023115328348926423,-0.023115328348926423,-0.004131529042083829
0.0,0.018289840800508328,0.024262421829964576,-0.024262421829964576,-0.00527862252312198
0.0,-0.0035882361830883447,0.017948200115962543,-0.017948200115962543,0.0010355991908800517
0.0,0.008035633639867479,0.0213029598277905,-0.0213029598277905,-0.0023191605209479044
0.0,0.008818435459823082,0.021528883900232054,-0.021528883900232054,-0.0025450845933894578
0.0,0.000725111326717931,0.01919307335262203,-0.01919307335262203,-0.00020927404577943356
0.0,0.0012754772073804155,0.019351914195760593,-0.019351914195760593,-0.00036811488891799776
0.0,-0.006825423947869114,0.017013916847281946,-0.017013916847281946,0.0019698824595606487
0.0,-0.0047162741982138545,0.017622637584362277,-0.017622637584362277,0.0013611617224803178
0.0,0.01485277361914017,0.023270451454992853,-0.023270451454992853,-0.004286652148150259
0.0,0.004570474275370051,0.020302881780794334,-0.020302881780794334,-0.0013190824739517382
0.0,0.00027054553471672627,0.019061881328914985,-0.019061881328914985,-7.808202207239002e-05
-0.3999999925856226,-0.0014210903493528937,0.0185736590761372,-0.41857365166175975,-0.3995898523549172
0.0,-0.005825414995899281,0.017302528969977124,-0.017302528969977124,0.0016812703368654714
0.0,0.01662757156411132,0.02378267507183565,-0.02378267507183565,-0.004798875764993055
0.0,0.011030344539323389,0.022167261960134237,-0.022167261960134237,-0.0031834626532916428
0.6666666460711739,-0.0019131006866738298,0.018431660199464694,0.6482349858717091,0.6672187851785518
0.0,-0.002554118539720318,0.01824665633236048,-0.01824665633236048,0.000737142974482117
0.0,0.01184003327863703,0.02240094585397876,-0.02240094585397876,-0.0034171465471361665
0.0,-0.0004497742019048401,0.018853990181744683,-0.018853990181744683,0.00012980912509791317
-0.3571428518468732,-0.004809877003672414,0.017595622921823102,-0.3747384747686963,-0.35575467546185374
0.0,0.011873817006551102,0.022410696160120154,-0.022410696160120154,-0.0034268968532775567
0.0,0.002728067346863705,0.019771145566376366,-0.019771145566376366,-0.0007873462595337706
0.0,-0.003545367230984642,0.01796057250446966,-0.01796057250446966,0.0010232268023729328
0.0,-0.0011321483923818487,0.01865705048115697,-0.01865705048115697,0.0003267488256856272
0.0,-0.0003476213457177524,0.018883472470483654,-0.018883472470483654,0.00010032683635894202
0.0,-0.009822729385718598,0.016148865906408336,-0.016148865906408336,0.002834933400434259
0.0,0.0015105949543003927,0.019419771420326647,-0.019419771420326647,-0.0004359721134840525
0.0,-0.003228085812548187,0.018052142948400494,-0.018052142948400494,0.0009316563584421026
0.0,-0.013990375564759017,0.01494604346366326,-0.01494604346366326,0.004037755843179337
0.0,-0.011207364706699363,0.01574924694463825,-0.01574924694463825,0.003234552362204345
0.0,0.014903265264943455,0.023285023825615092,-0.023285023825615092,-0.004301224518772496
0.0,-0.0013393792481354305,0.018597241679396578,-0.018597241679396578,0.0003865576274460174
0.0,0.01616245179852549,0.02364843707067698,-0.02364843707067698,-0.004664637763834382
0.0,-0.00112310916925773,0.018659659287176382,-0.018659659287176382,0.0003241400196662127
0.0,0.003810195689989637,0.02008345812870192,-0.02008345812870192,-0.0010996588218593246
0.0,-0.0012348607728660532,0.01862740670836851,-0.01862740670836851,0.0003563925984740884
0.0,0.0012219959743400288,0.019336479001743845,-0.019336479001743845,-0.0003526796949012475
0.0,-0.00012913227667687988,0.018946530499991655,-0.018946530499991655,3.7268806850940576e-05
0.0,0.0005936176807606053,0.01915512303207148,-0.01915512303207148,-0.0001713237252288864
0.0,-0.004640997274763192,0.017644363222542078,-0.017644363222542078,0.0013394360843005174
0.0,0.01068057336863748,0.02206631466378215,-0.02206631466378215,-0.003082515356939557
0.0,-0.010995693172566212,0.015810337368538933,-0.015810337368538933,0.0031734619383036637
0.0,-0.014373526666262015,0.014835462400863822,-0.014835462400863822,0.0041483369059787745
0.0,0.0205256690573854,0.024907703192624434,-0.024907703192624434,-0.005923903885781837
0.0,-0.006989502964787397,0.01696656207783789,-0.01696656207783789,0.002017237229004705
0.0,-0.0064899016523778386,0.017110751782331825,-0.017110751782331825,0.0018730475245107706
0.0,-0.007738985017979982,0.016750254407923774,-0.016750254407923774,0.002233544898918821
0.0,0.0022513871531610885,0.01963357111538744,-0.01963357111538744,-0.0006497718085448453
0.0,-0.019422767297482935,0.013378203389627124,-0.013378203389627124,0.0056055959172154725
0.0,0.004755560017433602,0.020356299291499964,-0.020356299291499964,-0.0013724999846573673
0.0,0.010618561082731848,0.02204841732653017,-0.02204841732653017,-0.0030646180196875756
0.0,0.014514969430300617,0.02317295794375552,-0.02317295794375552,-0.004189158636912924
0.0,-0.015040520909943678,0.014642961499631653,-0.014642961499631653,0.004340837807210942
0.0,-0.01779722000676387,0.013847351843940137,-0.013847351843940137,0.005136447462902459
0.0,0.0077784025360287945,0.021228720477476818,-0.021228720477476818,-0.002244921170634223
0.0,0.008816736053143037,0.02152839343525343,-0.02152839343525343,-0.0025445941284108356
0.0,0.01241806830075265,0.022567772275278612,-0.022567772275278612,-0.0035839729684360184
0.0,-0.001598636221499028,0.018522417643813092,-0.018522417643813092,0.00046138166302950296
0.0,-0.00217855994238203,0.018355046126032542,-0.018355046126032542,0.0006287531808100536
0.0,0.010629762908764828,0.022051650280378306,-0.022051650280378306,-0.003067850973535711
0.0,-0.007217228595965963,0.016900838288388727,-0.016900838288388727,0.0020829610184538694
0.0,-0.00941191309542666,0.01626743140659247,-0.01626743140659247,0.0027163679002501257
0.0,-0.015303731089594375,0.014566996531003795,-0.014566996531003795,0.004416802775838801
0.0,0.0020122259542274534,0.019564546911999468,-0.019564546911999468,-0.0005807476051568718
0.0,-0.013115396702646942,0.015198570709754547,-0.015198570709754547,0.003785228597088049
0.0,-0.023700443014411654,0.012143625372667876,-0.012143625372667876,0.00684017393417472
0.0,-0.010838374390218508,0.015855741069799558,-0.015855741069799558,0.003128058237043036
0.0,0.0008532721255336551,0.019230061781695243,-0.019230061781695243,-0.000246262474852648
0.0,0.00780279851675636,0.021235761390229792,-0.021235761390229792,-0.0022519620833871975
0.0,-0.02496545230421965,0.01177853162461549,-0.01177853162461549,0.007205267682227105
0.0,0.016695905386662213,0.023802396864865044,-0.023802396864865044,-0.004818597558022448
0.0,-0.021599098001850003,0.012750093588173047,-0.012750093588173047,0.006233705718669548
0.0,0.0005318215543925753,0.019137288080524013,-0.019137288080524013,-0.00015348877368141808
0.0,-0.011693855152413501,0.015608841161338106,-0.015608841161338106,0.003374958145504489
0.0,0.005195438361131455,0.020483252377522042,-0.020483252377522042,-0.0014994530706794469
0.0,0.020283701024494727,0.02483786891018187,-0.02483786891018187,-0.0058540696033392734
0.0,-0.015637982053378963,0.01447052851441179,-0.01447052851441179,0.004513270792430806
0.0,0.014144335590226431,0.023065989482007488,-0.023065989482007488,-0.004082190175164892
0.0,-0.010863483795639506,0.015848494255874652,-0.015848494255874652,0.0031353050509679444
0.0,0.005528577205787588,0.02057939942592499,-0.02057939942592499,-0.0015956001190823956
0.0,0.0247602174153414,0.026129834242389204,-0.026129834242389204,-0.007146034935546606
0.0,-0.00044323658717015935,0.018855876999719884,-0.018855876999719884,0.00012792230712271128
0.0,-0.018743090830274922,0.01357436450154563,-0.01357436450154563,0.005409434805296966
0.0,0.004992038934619414,0.02042454936278904,-0.02042454936278904,-0.0014407500559464421
0.0,0.0015267325638141926,0.01942442888837014,-0.01942442888837014,-0.0004406295815275428
0.0,-0.018481246310869337,0.01364993532759962,-0.01364993532759962,0.005333863979242976
0.0,-0.014153935656373462,0.014898838461011955,-0.014898838461011955,0.004084960845830639
0.0,-0.0006636203533073592,0.018792272142556233,-0.018792272142556233,0.0001915271642863635
0.0,-0.00018895027740828407,0.018929266454372397,-0.018929266454372397,5.453285247019723e-05
-0.4444444572594177,-0.012301161792504733,0.015433566671866442,-0.4598780239312842,-0.44089422462444156
0.0,0.019518049565855122,0.024616894595614634,-0.024616894595614634,-0.005633095288772037
0.0,0.01651665412216241,0.02375066324003981,-0.02375066324003981,-0.004766863933197214
0.0,0.01648043921048603,0.023740211271073383,-0.023740211271073383,-0.004756411964230786
0.0,-0.004665713707027619,0.017637229824418756,-0.017637229824418756,0.0013465694824238404
0.0,-2.6032942938902792e-05,0.018976285951180328,-0.018976285951180328,7.513355662265925e-06
0.0,0.014454197186153817,0.023155418494383982,-0.023155418494383982,-0.004171619187541388
0.0,-0.012454371867771763,0.015389348782662546,-0.015389348782662546,0.0035944505241800482
0.0,0.004439786812972857,0.020265164132509485,-0.020265164132509485,-0.0012813648256668874
0.0,0.011348275359951865,0.02225901982773238,-0.02225901982773238,-0.003275220520889784
0.0,-0.0018701144822791393,0.01844406642810147,-0.01844406642810147,0.0005397328787411263
0.0,-0.008120976341902342,0.01664000806799731,-0.01664000806799731,0.0023437912388452847
0.0,0.023868791801894718,0.025872560306976013,-0.025872560306976013,-0.006888761000133417
0.0,0.004094308735004493,0.0201654558636678,-0.0201654558636678,-0.0011816565568252026
0.0,0.0034987406745825567,0.01999356924026384,-0.01999356924026384,-0.0010097699334212454
0.0,0.0033058923144386743,0.01993791136393206,-0.01993791136393206,-0.0009541120570894655
0.0,0.0008850141950174084,0.01923922284573812,-0.01923922284573812,-0.0002554235388955229
0.0,-0.011240108649505087,0.015739796730397715,-0.015739796730397715,0.003244002576444882
0.0,0.0050523932937867055,0.020441968206569253,-0.020441968206569253,-0.0014581688997266572
0.0,0.00015580493345068724,0.01902876609687083,-0.01902876609687083,-4.496679002823584e-05
0.0,0.01639550053418848,0.02371569715885782,-0.02371569715885782,-0.004731897852015224
0.0,-0.001260972921287129,0.01861987049324854,-0.01861987049324854,0.00036392881359405624
0.0,-0.0018369416879204792,0.01845364041299103,-0.01845364041299103,0.0005301588938515667
0.0,0.005600351545632654,0.02060011418506482,-0.02060011418506482,-0.001616314878222226
0.0,0.006595236486620859,0.020887247469312396,-0.020887247469312396,-0.0019034481624697994
0.0,0.004405643688967897,0.02025531010122796,-0.02025531010122796,-0.0012715107943853622
0.0,0.0009855772666846896,0.019268246307499605,-0.019268246307499605,-0.00028444700065701
0.0,-0.000877387766836879,0.018730576827869015,-0.018730576827869015,0.00025322247897358003
0.0,-0.006386031602501285,0.01714072966955001,-0.01714072966955001,0.0018430696372925867
0.0,-0.0003780702927851376,0.01887468461390533,-0.01887468461390533,0.00010911469293726617
0.0,0.0005452554858313974,0.019141165241284487,-0.019141165241284487,-0.00015736593444189183
0.0,0.008816651779288476,0.02152836911301511,-0.02152836911301511,-0.002544569806172515
0.0,0.004350315260639448,0.020239341789030543,-0.020239341789030543,-0.0012555424821879494
0.0,-0.00203975921756705,0.018395105339244155,-0.018395105339244155,0.0005886939675984412
0.0,0.006330915127309877,0.020810961803634957,-0.020810961803634957,-0.0018271624967923603
0.0,-0.003208322345054082,0.018057846873644416,-0.018057846873644416,0.0009259524331981785
0.0,-0.010144492387214377,0.016056002034856444,-0.016056002034856444,0.0029277972719861504
0.0,0.010507619269939372,0.022016398461076402,-0.022016398461076402,-0.003032599154233806
0.0,-0.011975786526205012,0.015527473077498403,-0.015527473077498403,0.0034563262293441925
0.0,0.0027865779152880243,0.019788032274560108,-0.019788032274560108,-0.0008042329677175126
0.0,-0.0027397858070188352,0.018193070987924827,-0.018193070987924827,0.000790728318917768
0.0,0.0096621337827838,0.021772383284336966,-0.021772383284336966,-0.002788583977494371
0.0,0.01004013710204088,0.02188147864807517,-0.02188147864807517,-0.0028976793412325745
0.0,0.0001729273803483533,0.01903370779837774,-0.01903370779837774,-4.990849153514388e-05
0.0,-0.0009842848497145784,0.018699725310051617,-0.018699725310051617,0.0002840739967909783
0.0,0.006541025289023228,0.02087160160056124,-0.02087160160056124,-0.0018878022937186445
0.0,0.0030844851678346608,0.019874011149403587,-0.019874011149403587,-0.0008902118425609917
0.0,0.0007615448773992117,0.019203588422890883,-0.019203588422890883,-0.00021978911604828846
0.0,-0.005194027008290192,0.01748475356605613,-0.01748475356605613,0.001499045740786463
0.0,4.785972478082989e-05,0.01899761207995167,-0.01899761207995167,-1.3812773109074107e-05
0.0,-0.0018120458796383465,0.018460825580744144,-0.018460825580744144,0.0005229737260984532
0.0,0.0018727515871905798,0.019524293279216696,-0.019524293279216696,-0.0005404939723740998
0.0,0.001649352800310755,0.019459818258306224,-0.019459818258306224,-0.0004760189514636282
0.0,-0.009230768513682652,0.01631971146083487,-0.01631971146083487,0.002664087846007726
0.0,-0.005063088369821722,0.01752254370615114,-0.01752254370615114,0.0014612556006914558
0.0,0.007809946463542827,0.02123782435585714,-0.02123782435585714,-0.002254025049014546
0.0,-0.008676638198860664,0.01647963875558107,-0.01647963875558107,0.0025041605512615235
0.0,-0.005936889314214544,0.01727035641834987,-0.01727035641834987,0.001713442888492726
0.0,-0.0002390081258001331,0.018914819281821125,-0.018914819281821125,6.898002502146928e-05
0.0,0.0031746390805036384,0.019900030428584455,-0.019900030428584455,-0.0009162311217418587
0.0,0.0007534970439868616,0.019201265741399222,-0.019201265741399222,-0.00021746643455662756
0.0,0.012483643435067249,0.02258669788456769,-0.02258669788456769,-0.003602898577725093
0.0,-0.009561518078546327,0.016224253981371534,-0.016224253981371534,0.0027595453254710607
0.0,-0.0001694649071644072,0.018934890118097118,-0.018934890118097118,4.89091887454785e-05
0.0,-0.00847828902508041,0.016536884219200965,-0.016536884219200965,0.0024469150876416327
0.0,0.009796652464963085,0.021811206659197207,-0.021811206659197207,-0.0028274073523546117
0.0,-0.009411297455333645,0.01626760908619595,-0.01626760908619595,0.0027161902206466466
0.0,0.00020517873267866804,0.019043015846308218,-0.019043015846308218,-5.921653946562179e-05
0.0,-0.003706707658226005,0.017914008118129966,-0.017914008118129966,0.0010697911887126276
0.0,0.006019504059596059,0.020721085598920372,-0.020721085598920372,-0.0017372862920777769
0.0,-0.0020854589704891735,0.01838191595461763,-0.01838191595461763,0.0006018833522249671
0.0,0.013681382686285826,0.022932376857789476,-0.022932376857789476,-0.003948577550946878
0.0,0.006974740643369559,0.020996775989067275,-0.020996775989067275,-0.0020129766822246805
0.0,-0.00021044390350322129,0.018923063188852167,-0.018923063188852167,6.07361179904277e-05
0.0,0.004286857336424754,0.02022102722677252,-0.02022102722677252,-0.0012372279199299259
0.0,-0.0010052630048559275,0.018693670814365706,-0.018693670814365706,0.0002901284924768891
0.0,0.0011350423274503196,0.019311383349794438,-0.019311383349794438,-0.00032758404295184083
0.0,0.0028246780734553223,0.019799028343647315,-0.019799028343647315,-0.0008152290368047196
0.0,-0.002911814656949452,0.01814342182083939,-0.01814342182083939,0.0008403774860032074
0.0,0.004897281193053882,0.020397201374672373,-0.020397201374672373,-0.0014134020678297774
0.0,0.0012894462510633087,0.01935594579501918,-0.01935594579501918,-0.00037214648817658424
0.0,0.0033095665337075086,0.019938971778661687,-0.019938971778661687,-0.0009551724718190906
0.0,-0.0017177585589538413,0.018488037800907166,-0.018488037800907166,0.0004957615059354313
0.0,-0.009175181182794367,0.01633575449478074,-0.01633575449478074,0.002648044812061855
0.0,-0.008115191387155773,0.016641677661120267,-0.016641677661120267,0.0023421216457223293
0.0,-0.0017988851350955182,0.018464623897160484,-0.018464623897160484,0.0005191754096821125
0.0,-0.0018407128700851372,0.01845255201384473,-0.01845255201384473,0.0005312472929978625
0.0,0.0031329906996742096,0.019888010308590207,-0.019888010308590207,-0.0009042110017476116
0.0,-0.0032579654199809127,0.0180435194086717,-0.0180435194086717,0.0009402798981708926
0.0,0.00580818525653326,0.02066009697657132,-0.02066009697657132,-0.0016762976697287258
0.0,0.002712061607464289,0.019766526157305807,-0.019766526157305807,-0.0007827268504632099
0.0,-0.0016515636618127383,0.018507142279659928,-0.018507142279659928,0.00047665702718266607
0.0,0.01336407865930278,0.022840799888816432,-0.022840799888816432,-0.0038570005819738374
0.0,-0.035919799994431734,0.008617002386916732,-0.008617002386916732,0.010366796919925864
0.0,-0.01809650217612302,0.013760976154989137,-0.013760976154989137,0.005222823151853459
0.0,0.01777016508725926,0.02411243846189722,-0.02411243846189722,-0.005128639155054623
0.0,0.017032672570028273,0.02389959108643066,-0.02389959108643066,-0.004915791779588063
0.0,0.013565044705922347,0.022898800606900284,-0.022898800606900284,-0.003915001300057689
0.0,0.00194860235588723,0.01954618453460844,-0.01954618453460844,-0.0005623852277658431
0.0,-0.006847477437932237,0.017007551999679914,-0.017007551999679914,0.00197624730716268
0.0,0.005352963242081676,0.020528715560805346,-0.020528715560805346,-0.0015449162539627503
0.0,-0.0008715778419239317,0.01873225362762018,-0.01873225362762018,0.0002515456792224155
0.0,0.015253349296718177,0.023386061416661812,-0.023386061416661812,-0.004402262109819217
0.0,0.003408615474199461,0.019967558247722568,-0.019967558247722568,-0.0009837589408799726
0.0,0.007009293213798395,0.02100674819049247,-0.02100674819049247,-0.002022948883649875
0.0,0.00013476775533982632,0.019022694566592894,-0.019022694566592894,-3.8895259750299645e-05
0.0,0.00525920411762093,0.020501655783111004,-0.020501655783111004,-0.0015178564762684066
0.0,-0.0009289473209127541,0.018715696248732455,-0.018715696248732455,0.0002681030581101396
0.0,0.002382294987840705,0.019671352365215146,-0.019671352365215146,-0.0006875530583725501
0.0,-0.0014351736522938419,0.01856959450056681,-0.01856959450056681,0.0004142048062757854
0.0,0.004270300173431885,0.020216248671592822,-0.020216248671592822,-0.0012324493647502255
0.0,-0.003612528916297486,0.01794118900142827,-0.01794118900142827,0.0010426103054143238
0.0,0.004553964713003289,0.020298116963609395,-0.020298116963609395,-0.0013143176567667982
0.0,-0.0030114751244342264,0.01811465885925498,-0.01811465885925498,0.0008691404475876175
0.0,0.0003227842443460638,0.019076957918822787,-0.019076957918822787,-9.315861198019207e-05
0.0,-0.0011985421207814095,0.018637888617806346,-0.018637888617806346,0.00034591068903624885
0.0,0.0016062090221755643,0.019447366552384833,-0.019447366552384833,-0.00046356724554223684
0.0,0.0016313092573088106,0.01945461071967722,-0.01945461071967722,-0.0004708114128346241
0.0,-0.0012697872845152114,0.018617326583940077,-0.018617326583940077,0.00036647272290252
0.0,-0.006361619481225378,0.017147775240619202,-0.017147775240619202,0.0018360240662233947
0.0,0.0031339432802557354,0.01988828523243277,-0.01988828523243277,-0.0009044859255901741
0.0,0.00021257188969192597,0.019045149581946096,-0.019045149581946096,-6.135027510349984e-05
0.0,0.008603496447961101,0.02146685045109013,-0.02146685045109013,-0.002483051144247533
0.0,-0.0009071655678379864,0.01872198267044753,-0.01872198267044753,0.0002618166363950662
0.0,0.0003897939364765346,0.01909629755518187,-0.01909629755518187,-0.0001124982483392763
0.0,-0.0028646859974036376,0.01815702360154795,-0.01815702360154795,0.0008267757052946422
0.0,0.004734588012062169,0.020350246570696312,-0.020350246570696312,-0.001366447263853717
0.0,-0.0007960463737501922,0.018754052729835182,-0.018754052729835182,0.00022974657700741471
0.0,0.0027929092187690685,0.019789859549139494,-0.019789859549139494,-0.0008060602422968972
0.0,-0.00547907701986905,0.017402485413602092,-0.017402485413602092,0.001581313893240503
0.0,0.001868589648029051,0.019523092103873645,-0.019523092103873645,-0.0005392927970310482
0.0,0.0021996173129046337,0.01961862984565323,-0.01961862984565323,-0.0006348305388106355
0.0,-0.0014402713809749113,0.018568123247441858,-0.018568123247441858,0.0004156760594007393
0.0,-0.000563323157221185,0.018821218870088807,-0.018821218870088807,0.00016258043675378996
0.0,0.0019517694055308787,0.019547098575346308,-0.019547098575346308,-0.0005632992685037124
0.0,-0.005240276852734871,0.017471405419768833,-0.017471405419768833,0.0015123938870737607
0.0,-0.0013652276243513173,0.01858978159145117,-0.01858978159145117,0.00039401771539142576
0.0,-0.0015788165944199406,0.018528137777248953,-0.018528137777248953,0.0004556615295936427
0.0,0.005228047221710774,0.02049266360574348,-0.02049266360574348,-0.0015088642989008842
0.0,-0.0019536804841114863,0.018419948482830604,-0.018419948482830604,0.0005638508240119905
0.0,-0.0023758642617150993,0.01829810221737305,-0.01829810221737305,0.0006856970894695452
0.0,-4.1384533048027805e-05,0.018971855335834925,-0.018971855335834925,1.1943971007671869e-05
0.0,0.004201041336424849,0.02019625991056761,-0.02019625991056761,-0.0012124606037250112
0.0,0.0029816787577114923,0.019844340238764364,-0.019844340238764364,-0.00086054093192177
0.0,-0.0001463852229309781,0.018941551135125637,-0.018941551135125637,4.224817171695761e-05
0.0,-0.0022230136296667036,0.01834221636783529,-0.01834221636783529,0.0006415829390073024
0.0,-0.02452206896667508,0.011906496285296119,-0.011906496285296119,0.007077303021546477
0.0,0.01467705274849096,0.02321973673550958,-0.02321973673550958,-0.004235937428666984
0.0,-0.014830674258895948,0.014703525244866192,-0.014703525244866192,0.004280274061976404
0.0,-0.0005876766502063147,0.01881419021970359,-0.01881419021970359,0.00016960908713900414
0.0,0.010109273363029914,0.021901432032492327,-0.021901432032492327,-0.002917632725649732
-0.5,-0.0037722947474507773,0.01789507905853978,-0.5178950790585398,-0.4989112797516972
0.0,-1.8603060785604697e-05,0.018978430286043946,-0.018978430286043946,5.36902079864856e-06
0.0,0.0002991382171499968,0.019070133449812864,-0.019070133449812864,-8.6334142970268e-05
0.0,0.010917162352442444,0.02213459650134745,-0.02213459650134745,-0.0031507971945048526
0.0,0.006499784427785649,0.02085969909460856,-0.02085969909460856,-0.0018758997877659637
0.0,-0.00573677446354337,0.017328111473163398,-0.017328111473163398,0.0016556878336791985
0.0,-0.008587762798917709,0.016505289043793385,-0.016505289043793385,0.00247851026304921
0.0,0.006444170055012188,0.020843648256116672,-0.020843648256116672,-0.0018598489492740765
0.0,0.005296554012835575,0.020512435319153262,-0.020512435319153262,-0.001528636012310666
0.0,-0.009321411497187015,0.016293551031145628,-0.016293551031145628,0.0026902482756969667
0.0,0.007967969231286176,0.021283431234018317,-0.021283431234018317,-0.0022996319271757232
0.0,-0.0032606955294726125,0.018042731473029688,-0.018042731473029688,0.0009410678338129063
0.0,-0.0049555622707156965,0.017553576764052264,-0.017553576764052264,0.0014302225427903319
0.0,0.0042966906501935576,0.02022386521492688,-0.02022386521492688,-0.0012400659080842836
0.0,0.00048155976529717925,0.019122782048740294,-0.019122782048740294,-0.00013898274189769744
0.0,-0.0032534833570118105,0.018044812974799304,-0.018044812974799304,0.0009389863320432915
0.0,0.004605905039596125,0.020313107437326564,-0.020313107437326564,-0.0013293081304839689
0.0,-0.012446471596532338,0.015391628876303496,-0.015391628876303496,0.0035921704305390996
0.0,0.001146589037580359,0.019314715840482857,-0.019314715840482857,-0.00033091653364026127
0.0,-0.0030992637479612117,0.01808932222508315,-0.01808932222508315,0.0008944770817594437
0.0,0.00020160447857309194,0.01904198428247828,-0.01904198428247828,-5.81849756356878e-05
0.0,-0.003037994040303138,0.01810700524716938,-0.01810700524716938,0.0008767940596732144
0.0,0.006160403318245855,0.020761750469014777,-0.020761750469014777,-0.001777951162172181
0.0,0.0021919710189710617,0.019616423052285458,-0.019616423052285458,-0.0006326237454428637
0.0,-0.0013757239543792377,0.01858675225047987,-0.01858675225047987,0.00039704705636272404
0.0,-8.414160005176807e-05,0.018959515238434935,-0.018959515238434935,2.4284068407661605e-05
0.0,0.004749839541692946,0.020354648307633182,-0.020354648307633182,-0.001370849000790588
0.0,-0.0037977277864983394,0.01788773884086308,-0.01788773884086308,0.0010960604659795157
0.0,-0.0017404116452881535,0.018481499904101677,-0.018481499904101677,0.0005022994027409193
0.0,-0.0029867267366989747,0.018121801480032007,-0.018121801480032007,0.0008619978268105889
0.0,-0.0031082993435224138,0.018086714466013,-0.018086714466013,0.0008970848408295967
0.0,-0.00012227640782913607,0.018948509169139736,-0.018948509169139736,3.529013770286002e-05
0.0,-0.006786883476427641,0.01702503999498026,-0.01702503999498026,0.001958759311862335
0.0,-0.00652550029741239,0.01710047767379684,-0.01710047767379684,0.001883321633045755
0.0,-0.004423400838946101,0.017707163629586804,-0.017707163629586804,0.0012766356772557913
0.0,-0.0016661307322337615,0.0185029380841801,-0.0185029380841801,0.00048086122266249664
0.0,0.022223543967337278,0.025397726087786354,-0.025397726087786354,-0.006413926780943757
0.0,0.0037719744542996647,0.0200724271154867,-0.0200724271154867,-0.0010886278086441065
0.0,0.011077020753253342,0.022180733160722155,-0.022180733160722155,-0.0031969338538795594
0.0,0.0019507459501284519,0.019546803196354354,-0.019546803196354354,-0.0005630038895117579
0.0,-0.0013979503036608554,0.018580337514058465,-0.018580337514058465,0.00040346179278412923
0.0,-0.00011550278622274313,0.0189504641009494,-0.0189504641009494,3.3335205893195626e-05
0.0,0.007480797417763307,0.02114282880146896,-0.02114282880146896,-0.002159029494626364
0.0,-0.0015822634216101639,0.018527142990042326,-0.018527142990042326,0.0004566563168002714
0.0,0.004676369608375142,0.020333444184042735,-0.020333444184042735,-0.001349644877200138
0.0,-0.002386798421690206,0.018294946514502503,-0.018294946514502503,0.0006888527923400925
0.0,0.0074614006258433285,0.021137230702293473,-0.021137230702293473,-0.002153431395450877
0.0,0.002165432272904111,0.019608763717015545,-0.019608763717015545,-0.000624964410172951
0.0,0.0008080244329033981,0.019217002865981186,-0.019217002865981186,-0.00023320355913859013
0.0,0.003914386891670674,0.02011352870339437,-0.02011352870339437,-0.0011297293965517722
0.0,-0.005254535631502799,0.017467290200200904,-0.017467290200200904,0.001516509106641692
0.0,0.0013352930642269722,0.019369177622634234,-0.019369177622634234,-0.00038537831579163673
0.0,-0.0026534040390964186,0.01821800159014908,-0.01821800159014908,0.0007657977166935162
0.0,-0.0035155289737457407,0.01796918411013807,-0.01796918411013807,0.001014615196704523
0.0,0.00039700650631591117,0.019098379171638733,-0.019098379171638733,-0.00011457986479613827
0.0,0.005821305253253195,0.020663883532777278,-0.020663883532777278,-0.0016800842259346832
5.0,0.0034108883546988267,0.019968214222715854,4.9800317857772844,4.999015585084127
0.0,0.013163241364864575,0.022782836329840298,-0.022782836329840298,-0.0037990370229977017
0.0,0.0021593430473272335,0.0196070063084285,-0.0196070063084285,-0.0006232070015859074
-0.16666666666666663,0.005938984786955759,0.0206978469687573,-0.18736451363542392,-0.16838071432858134
0.0,-0.0011374349205595102,0.018655524738696326,-0.018655524738696326,0.0003282745681462695
0.0,0.006539774750587091,0.020871240683239596,-0.020871240683239596,-0.001887441376397
0.0,-0.00811717185395111,0.016641106079511317,-0.016641106079511317,0.002342693227331278
0.0,0.0038832279549072535,0.020104535937017127,-0.020104535937017127,-0.0011207366301745302
0.0,-0.0017506226204834219,0.018478552919257103,-0.018478552919257103,0.0005052463875854941
0.0,0.001975120701520394,0.019553837982118558,-0.019553837982118558,-0.0005700386752759638
0.0,0.0036375121488696482,0.020033620011494082,-0.020033620011494082,-0.0010498207046514864
0.0,-0.0024573614565177593,0.018274581349545453,-0.018274581349545453,0.0007092179572971441
0.0,-0.0018629737285675851,0.018446127317738783,-0.018446127317738783,0.000537671989103813
-0.8,0.0012517152775348706,0.019345056276140426,-0.8193450562761405,-0.8003612569692978
0.0,0.0022483727122095676,0.019632701118973864,-0.019632701118973864,-0.0006489018121312693
0.0,-0.008356529175972627,0.01657202527312935,-0.01657202527312935,0.002411774033713246
0.0,-0.000293304709629405,0.018899148769789015,-0.018899148769789015,8.46505370535811e-05
0.0,-0.004637050227782158,0.01764550237795197,-0.01764550237795197,0.0013382969288906284
0.0,0.008486575281279274,0.021433105887066407,-0.021433105887066407,-0.0024493065802238135
0.0,0.005722273788525856,0.020635302107388766,-0.020635302107388766,-0.001651502800546171
0.0,-0.0007706704833204681,0.018761376453875628,-0.018761376453875628,0.0002224228529669685
0.0,0.0035169592193697863,0.019998827286077433,-0.019998827286077433,-0.0010150279792348375
0.0,-0.0035485942758867184,0.01795964114852791,-0.01795964114852791,0.0010241581583146835
0.0,0.0,0.018983799306842596,-0.018983799306842596,0.0
0.0,0.0028296382793233654,0.01980045990637659,-0.01980045990637659,-0.0008166605995339944
0.0,-0.0021448089967596173,0.018364786970891847,-0.018364786970891847,0.0006190123359507488
0.0,0.0018498402425362048,0.019517680846596493,-0.019517680846596493,-0.0005338815397538972
0.0,-0.0029675026899970147,0.018127349723289745,-0.018127349723289745,0.0008564495835528512
0.0,0.0017637540575008437,0.019492835552413032,-0.019492835552413032,-0.0005090362455704358
0.0,-0.003609308355419394,0.01794211848601885,-0.01794211848601885,0.0010416808208237466
0.0,0.003366237154707852,0.01995532746046748,-0.01995532746046748,-0.0009715281536248835
0.1999999584794856,-0.002690124758069401,0.01820740364037192,0.18179255483911366,0.20077635414595627
0.0,0.006564593637664151,0.02087840365079917,-0.02087840365079917,-0.001894604343956573
0.0,0.008026090549617448,0.02130020560091212,-0.02130020560091212,-0.0023164062940695274
0.0,-0.0007353844075136395,0.01877156035194987,-0.01877156035194987,0.00021223895489272512
0.0,-0.000866463892926328,0.01873372956208321,-0.01873372956208321,0.00025006974475938297
0.6666667243340498,-0.006009543517695892,0.017249387722171525,0.6494173366118783,0.6684011359187209
0.3499999792397428,-0.0008899054071440649,0.0187269641174697,0.3312730151222731,0.3502568144291157
0.0,0.00029836348965073256,0.019069909856066394,-0.019069909856066394,-8.61105492237995e-05
0.0,0.0005703094032936118,0.01914839604085519,-0.01914839604085519,-0.00016459673401259168
-0.4444444359011286,0.007264758098647794,0.021080477793157755,-0.46552491369428634,-0.44654111438744376
0.0,-0.002115356985885164,0.018373287102175045,-0.018373287102175045,0.0006105122046675503
0.0,0.00022682918569594257,0.019049264373574216,-0.019049264373574216,-6.5465066731622e-05
0.0,0.0006933223855400961,0.01918389876096113,-0.01918389876096113,-0.00020009945411853428
0.0,0.005752546449780516,0.020644039086199936,-0.020644039086199936,-0.0016602397793573397
0.0,0.003566050102845164,0.020012995383329863,-0.020012995383329863,-0.0010291960764872688
0.0,0.005245845097992419,0.02049780024261357,-0.02049780024261357,-0.0015140009357709776
0.0,0.004007335176634763,0.02014035446507532,-0.02014035446507532,-0.001156555158232725
0.0,0.004992308919898214,0.020424627283115906,-0.020424627283115906,-0.0014408279762733126
0.33333333333333326,-0.0008641180363413437,0.01873440659867093,0.31459892673466233,0.3335827260415049
0.0,0.0016785565287558146,0.019468246732911917,-0.019468246732911917,-0.00048444742606932
0.0,0.006048066160828425,0.020729328893791952,-0.020729328893791952,-0.0017455295869493574
0.0,-0.001082200145408052,0.018671466021693495,-0.018671466021693495,0.0003123332851491008
0.5,0.00041898672168572126,0.019104722871465304,0.4808952771285347,0.49987907643537727
0.0,0.0014933641914423035,0.01941479845780033,-0.01941479845780033,-0.0004309991509577327
0.0,0.0010179830611165563,0.019277598928893826,-0.019277598928893826,-0.00029379962205123005
0.0,-0.0025783763780462543,0.018239655288822366,-0.018239655288822366,0.0007441440180202313
0.0,0.013673854659866258,0.022930204197554406,-0.022930204197554406,-0.0039464048907118104
0.0,-0.005859880503598425,0.017292581895686217,-0.017292581895686217,0.0016912174111563794
0.0,0.0005038772720600271,0.019129223094080338,-0.019129223094080338,-0.00014542378723774336
0.0,-0.0032772408480052917,0.018037956336274186,-0.018037956336274186,0.0009458429705684105
0.0,-0.0029133737680216987,0.018142971846511466,-0.018142971846511466,0.0008408274603311295
0.0,-0.002284215165048731,0.018324553020918233,-0.018324553020918233,0.0006592462859243645
0.0,0.0007998953585612867,0.01921465673758223,-0.01921465673758223,-0.0002308574307396371
-0.040000033216411546,0.003268670195698986,0.01992716870539934,-0.05992720192181089,-0.040943402614968295
0.0,0.0003666328125562224,0.019089613033882857,-0.019089613033882857,-0.00010581372704026196
0.0,-0.0033790271755046453,0.018008579831210837,-0.018008579831210837,0.0009752194756317582
0.0,0.008374752796581397,0.02140083285129995,-0.02140083285129995,-0.002417033544457353
0.0,-0.0016267102694209612,0.018514315205782478,-0.018514315205782478,0.0004694841010601174
0.0,-0.0013143147950017697,0.01860447551966256,-0.01860447551966256,0.0003793237871800376
0.0,-0.0020098935338483948,0.018403724860456244,-0.018403724860456244,0.0005800744463863511
0.0,-0.012407972940626899,0.01540273995563923,-0.01540273995563923,0.003581059351203367
0.0,0.0018898864360001877,0.019529238560033694,-0.019529238560033694,-0.000545439253191097
0.0,-0.001060269661328106,0.01867779536859542,-0.01867779536859542,0.0003060039382471773
0.0,-0.0008439958489141475,0.018740214053909403,-0.018740214053909403,0.00024358525293319413
0.0,-0.001019587452981141,0.01868953664199484,-0.01868953664199484,0.00029426266484775757
0.0,0.007251474353500598,0.021076643977593682,-0.021076643977593682,-0.0020928446707510874
0.0,0.001085324742930105,0.01929703438064232,-0.01929703438064232,-0.0003132350737997238
0.0,0.002935109936855751,0.019830900032842096,-0.019830900032842096,-0.000847100725999501
0.0,-0.002255047489714501,0.018332971090252226,-0.018332971090252226,0.0006508282165903715
0.0,-0.0016421255420062675,0.018509866211066976,-0.018509866211066976,0.00047393309577562095
0.0,0.0005595225490382383,0.019145282851820516,-0.019145282851820516,-0.00016148354497791916
0.0,-0.0030548611983906016,0.018102137224448315,-0.018102137224448315,0.0008816620823942797
0.0,0.001929509405943275,0.019540674127125603,-0.019540674127125603,-0.000556874820283007
0.0,-0.0008271302020167459,0.018745081640486598,-0.018745081640486598,0.00023871766635599593
0.0,0.0006876864837839225,0.01918227218595303,-0.01918227218595303,-0.00019847287911043394
0.0,-0.001433879303282093,0.018569968062038488,-0.018569968062038488,0.00041383124480410714
0.0,-0.003759951034546627,0.017898641571831474,-0.017898641571831474,0.0010851577350111216
0.0,-0.006814694227374907,0.017017013546968142,-0.017017013546968142,0.001966785759874452
0.0,0.008613348940219367,0.02146969397433949,-0.02146969397433949,-0.0024858946674968948
0.0,-0.0029033798625895946,0.01814585618295175,-0.01814585618295175,0.0008379431238908478
0.0,-0.0017163507793208632,0.018488444099538152,-0.018488444099538152,0.0004953552073044435
0.0,0.007557263417987681,0.02116489761854834,-0.02116489761854834,-0.0021810983117057452
0.0,-0.0030350729326357184,0.018107848306706854,-0.018107848306706854,0.0008759510001357428
0.0,0.01084006896297951,0.02211234661374911,-0.02211234661374911,-0.0031285473069065117
0.0,0.006090687476747014,0.02074162981213383,-0.02074162981213383,-0.0017578305052912335
-0.3055555315274793,-0.00048570348354270987,0.018843620648332015,-0.3243991521758113,-0.3054153528689687
0.0,0.0005529198041311911,0.019143377236656288,-0.019143377236656288,-0.00015957792981369096
0.0,-0.0019131470681601481,0.018431646813325306,-0.018431646813325306,0.00055215249351729
0.0,0.0017322905115801923,0.019483754872927323,-0.019483754872927323,-0.0004999555660847283
0.0,0.0011890499458222514,0.019326970463639098,-0.019326970463639098,-0.0003431711567965022
0.0,-0.0012713605313821041,0.018616872529886978,-0.018616872529886978,0.00036692677695561926
0.0,0.0005821026438950216,0.019151799682589316,-0.019151799682589316,-0.0001680003757467214
0.0,0.0040886954080285864,0.020163835803956625,-0.020163835803956625,-0.0011800364971140298
0.0,3.744597299082386e-05,0.018994606571847553,-0.018994606571847553,-1.0807265004957645e-05
0.0,-0.0010252486299153762,0.01868790277232925,-0.01868790277232925,0.0002958965345133482
0.0,0.0011306013658478609,0.01931010164591332,-0.01931010164591332,-0.0003263023390707219
0.0,-0.002162809124616749,0.018359591962287775,-0.018359591962287775,0.0006242073445548199
0.0,-0.0014784413679722608,0.018557107025088195,-0.018557107025088195,0.0004266922817544015
0.0,0.004776513648450997,0.020362346709289762,-0.020362346709289762,-0.0013785474024471675
0.0,-0.0006868970151433507,0.01878555427591263,-0.01878555427591263,0.00019824503092996727
0.0,-0.018178214414433458,0.013737393223553877,-0.013737393223553877,0.005246406083288718
0.0,0.003686818283279214,0.020047850232219413,-0.020047850232219413,-0.0010640509253768183
0.0,0.006767499942466504,0.020936964345902833,-0.020936964345902833,-0.0019531650390602383
0.0,0.005160131149745784,0.020473062379518132,-0.020473062379518132,-0.0014892630726755357
0.0,0.001837871992654172,0.019514226695514548,-0.019514226695514548,-0.0005304273886719537
0.0,0.002489126548973042,0.019702184972831816,-0.019702184972831816,-0.0007183856659892201
0.0,0.00444194837709877,0.020265787980535535,-0.020265787980535535,-0.0012819886736929402
0.0,0.00031054999597146526,0.01907342699803851,-0.01907342699803851,-8.962769119591553e-05
0.0,-0.0012046245861250249,0.01863613316028711,-0.01863613316028711,0.00034766614655548677
0.0,-0.000459968801852062,0.018851047922952897,-0.018851047922952897,0.0001327513838896971
0.0,0.007571112611303388,0.021168894627847698,-0.021168894627847698,-0.0021850953210051007
0.0,0.0037077313104922904,0.020053885931363966,-0.020053885931363966,-0.0010700866245213696
0.0,-0.001217665183814387,0.018632369519398766,-0.018632369519398766,0.0003514297874438277
0.0,-0.0027790399654609166,0.018181741863350226,-0.018181741863350226,0.0008020574434923685
0.0,0.0015682572275503848,0.019436413302431132,-0.019436413302431132,-0.00045261399558853553
0.0,0.00026720472849017796,0.019060917140369817,-0.019060917140369817,-7.711783352721943e-05
0.0,-0.0008299892344156845,0.018744256496463753,-0.018744256496463753,0.0002395428103788435
0.0,-0.000978763178264619,0.018701318917103693,-0.018701318917103693,0.0002824803897389024
0.020000016608205717,0.004511505177332342,0.02028586273659022,-0.00028584612838450374,0.018697953178458092
0.1568627710383832,-0.0009958307964025304,0.018696393039699867,0.13816637799868334,0.15715017730552594
0.0,-0.0022395981461527104,0.018337429918176548,-0.018337429918176548,0.000646369388666049
0.0,0.0002836393681004967,0.019065660334132553,-0.019065660334132553,-8.186102728995629e-05
0.0,0.008347228657875183,0.021392889122314615,-0.021392889122314615,-0.002409089815472018
0.0,-0.0066966373620162,0.01705108588446352,-0.01705108588446352,0.0019327134223790742
0.0,-0.0005826443900691647,0.01881564257798226,-0.01881564257798226,0.00016815672886033445
0.0,-0.00045578207221763645,0.018852256253062905,-0.018852256253062905,0.0001315430537796894
0.0,0.0015609155178168965,0.019434294414968953,-0.019434294414968953,-0.00045049510812635827
0.0,0.000315801794623205,0.019074942717226685,-0.019074942717226685,-9.114341038408935e-05
0.0,-0.00807282488613359,0.016653905037452343,-0.016653905037452343,0.0023298942693902535
0.0,0.008808066374833778,0.0215258912833927,-0.0215258912833927,-0.002542091976550104
0.0,-0.008600023246820632,0.016501750561575317,-0.016501750561575317,0.0024820487452672803
0.0,0.0015332318107057485,0.019426304633019822,-0.019426304633019822,-0.0004425053261772253
0.0,0.002310833849555216,0.01965072799903306,-0.01965072799903306,-0.0006669286921904653
0.0,0.001453279024245635,0.0194032294961721,-0.0194032294961721,-0.00041943018932950665
0.0,-0.009368823820586791,0.01627986738234292,-0.01627986738234292,0.002703931924499675
0.0,0.006403125486305727,0.02083180240206092,-0.02083180240206092,-0.001848003095218325
0.0,0.0009277662125786179,0.01925156148582083,-0.01925156148582083,-0.00026776217897823127
0.0,-0.0007826806116978391,0.018757910216260446,-0.018757910216260446,0.00022588909058214856
0.0,0.007305607635895495,0.02109226735927409,-0.02109226735927409,-0.0021084680524314945
0.0,0.0018745843139260643,0.01952482222163507,-0.01952482222163507,-0.0005410229147924716
0.0,0.004673503078699293,0.020332616876234253,-0.020332616876234253,-0.001348817569391657
0.0,-5.291283677333336e-05,0.01896852815741049,-0.01896852815741049,1.5271149432106137e-05
0.0,0.0005978573436131729,0.01915634663921318,-0.01915634663921318,-0.0001725473323705836
0.0,0.005372639356088893,0.020534394274999684,-0.020534394274999684,-0.001550594968157087
0.0,-0.00015365928181010347,0.018939451772345357,-0.018939451772345357,4.43475344972394e-05
0.0,-0.00036787164783502746,0.018877628040123533,-0.018877628040123533,0.00010617126671906315
0.0,-0.0010637348279797232,0.01867679528844529,-0.01867679528844529,0.00030700401839730575
0.0,0.002923171678338221,0.019827454537554037,-0.019827454537554037,-0.0008436552307114429
0.0,0.0002826639480466575,0.019065378818600414,-0.019065378818600414,-8.157951175781685e-05
0.0,-0.0009726882691745153,0.01870307219381609,-0.01870307219381609,0.0002807271130265076
0.0,-0.001341115577770502,0.018596740558100924,-0.018596740558100924,0.00038705874874167117
0.0,-0.0007281456077897763,0.018773649538601604,-0.018773649538601604,0.00021014976824099157
0.0,0.0024491149692504877,0.019690637249250575,-0.019690637249250575,-0.0007068379424079795
0.0,0.0004926487188865458,0.019125982426524503,-0.019125982426524503,-0.00014218311968190747
0.0,-0.002183654185644257,0.018353575878832712,-0.018353575878832712,0.0006302234280098819
0.0,0.0018891035295691694,0.0195290126057695,-0.0195290126057695,-0.0005452132989269048
0.0,0.001647199789928111,0.019459196878972074,-0.019459196878972074,-0.00047539757212947765
0.0,-0.0024144327873969473,0.018286970972953353,-0.018286970972953353,0.0006968283338892427
0.0,-0.00036360867105078576,0.018878858375888305,-0.018878858375888305,0.00010494093095429154
0.0,-0.014474441722801767,0.01480633735291053,-0.01480633735291053,0.004177461953932066
0.0,0.0012755699762128092,0.01935194096973055,-0.01935194096973055,-0.0003681416628879551
0.0,0.010043754544535322,0.021882522676486108,-0.021882522676486108,-0.002898723369643512
0.0,-0.0004988078808476626,0.018839838594266026,-0.018839838594266026,0.0001439607125765708
0.0,0.0014201029158569245,0.01939365455482186,-0.01939365455482186,-0.00040985524797926173
0.0,-0.015436952160958639,0.01452854765900277,-0.01452854765900277,0.0044552516478398255
0.0,-0.0018353673110713675,0.018454094793167775,-0.018454094793167775,0.0005297045136748201
0.0,0.001162651069903653,0.01931935149622823,-0.01931935149622823,-0.00033555218938563535
0.0,0.00994077978775465,0.02185280317939566,-0.02185280317939566,-0.0028690038725530643
0.0,-0.0034535927149730306,0.017987059505234264,-0.017987059505234264,0.0009967398016083309
0.0,-0.0020744620703185834,0.018385089764907075,-0.018385089764907075,0.0005987095419355201
0.0,0.0016728693563305974,0.019466605360699656,-0.019466605360699656,-0.0004828060538570591
0.0,0.00048707205438569545,0.01912437294795336,-0.01912437294795336,-0.0001405736411107618
0.0,0.000842821736810162,0.01922704569982264,-0.01922704569982264,-0.00024324639298004488
0.0,0.004615148933961866,0.020315775313418685,-0.020315775313418685,-0.001331976006576089
0.0,0.005720976220730423,0.020634927616945412,-0.020634927616945412,-0.0016511283101028173
0.0,0.001982540682532896,0.019555979459418494,-0.019555979459418494,-0.0005721801525758997
0.0,-0.007550806889900619,0.016804564410732057,-0.016804564410732057,0.0021792348961105373
0.0,0.0031287267736885838,0.019886779698876863,-0.019886779698876863,-0.0009029803920342661
0.0,-0.00017843612323464875,0.018932300939562177,-0.018932300939562177,5.149836728041986e-05
0.0,-0.001488850703918465,0.018554102791438723,-0.018554102791438723,0.0004296965154038737
0.0,0.01083929931877714,0.02211212448709061,-0.02211212448709061,-0.003128325180248017
0.0,0.0033639480109453057,0.019954666791741304,-0.019954666791741304,-0.0009708674848987072
0.0,0.0007571207193879381,0.019202311568686473,-0.019202311568686473,-0.00021851226184387622
0.0,-0.0011007176162897148,0.01866612170295757,-0.01866612170295757,0.0003176776038850235
0.0,0.0018471814878802117,0.019516913504640722,-0.019516913504640722,-0.0005331141977981274
0.0,0.0014559207541648966,0.01940399192462645,-0.01940399192462645,-0.0004201926177838556
0.0,0.0011101954279371107,0.019304212297578578,-0.019304212297578578,-0.00032041299073598295
0.0,0.0006343478158390425,0.01916687813758278,-0.01916687813758278,-0.00018307883074018556
0.0,-0.0030459176984141134,0.018104718403854213,-0.018104718403854213,0.0008790809029883814
0.0,0.0006477937229520947,0.019170758754637075,-0.019170758754637075,-0.0001869594477944789
0.0,-0.002222050282888466,0.018342494398904927,-0.018342494398904927,0.0006413049079376695
0.0,7.216672978804795e-05,0.019004627313463005,-0.019004627313463005,-2.082800662041084e-05
0.0,0.004085143947080816,0.02016281081844946,-0.02016281081844946,-0.001179011511606864
0.0,0.001204615596159142,0.01933146285880817,-0.01933146285880817,-0.0003476635519655771
0.0,0.0037051100814438076,0.020053129419656483,-0.020053129419656483,-0.0010693301128138866
0.0,0.003874003457017716,0.020101873658933064,-0.020101873658933064,-0.0011180743520904667
0.0,0.0021588381272976687,0.0196068605836915,-0.0196068605836915,-0.0006230612768489068
0.0,0.0012467201713795006,0.019343614640855312,-0.019343614640855312,-0.0003598153340127172
0.0,0.005646787369921524,0.02061351600690923,-0.02061351600690923,-0.0016297167000666325
0.0,-0.0010736344069645076,0.01867393817551749,-0.01867393817551749,0.0003098611313251042
0.0,-0.0018044339160793177,0.018463022466038342,-0.018463022466038342,0.0005207768408042545
0.0,0.002322412261707374,0.019654069639227473,-0.019654069639227473,-0.000670270332384877
0.0,0.0018035072962026,0.019504308716311335,-0.019504308716311335,-0.0005205094094687407
0.0,-0.0016867529508860502,0.018496986315160235,-0.018496986315160235,0.000486812991682361
0.0,0.0008781073155288421,0.019237229454432504,-0.019237229454432504,-0.00025343014758990684
0.0,0.0017507533144689447,0.01948908341395901,-0.01948908341395901,-0.0005052841071164152
0.0,0.0006725789853143649,0.01917791201778321,-0.01917791201778321,-0.0001941127109406147
0.0,0.0007423349056041584,0.01919804424178554,-0.01919804424178554,-0.00021424493494294564
0.0,0.00032799789456050554,0.019078462628008056,-0.019078462628008056,-9.466332116546105e-05
0.0,0.0051168427389869375,0.02046056893124189,-0.02046056893124189,-0.0014767696243992965
0.0,-0.003972484039719171,0.01783730251917119,-0.01783730251917119,0.0011464967876714054
-0.40677967518115743,0.001617908278173541,0.019450743069265884,-0.4262304182504233,-0.4072466189435807
0.0,-0.004663049754275228,0.01763799866659473,-0.01763799866659473,0.0013458006402478652
0.0,0.001270946219078306,0.019350606509315183,-0.019350606509315183,-0.0003668072024725885
0.0,0.008073022498049642,0.021313750608916857,-0.021313750608916857,-0.0023299513020742604
0.0,-0.003192470570786421,0.01806242184690927,-0.01806242184690927,0.0009213774599333267
0.0,0.0009444586571358826,0.01925637908455047,-0.01925637908455047,-0.0002725797777078765
0.0,0.0015921101716727115,0.019443297489639768,-0.019443297489639768,-0.00045949818279717347
0.0,0.00018996581088659426,0.01903862525196188,-0.01903862525196188,-5.482594511928379e-05
0.0,0.0030970753849743904,0.019877644806169093,-0.019877644806169093,-0.0008938454993264965
0.0,0.0012712512404724485,0.019350694541399153,-0.019350694541399153,-0.00036689523455655886
0.0,-0.00018910292286977715,0.018929222399436115,-0.018929222399436115,5.457690740648007e-05
0.0,0.001443655000098465,0.019400451910998977,-0.019400451910998977,-0.0004166526041563809
0.0,-0.003761887644002093,0.01789808264786917,-0.01789808264786917,0.0010857166589734247
0.0,-0.0008976438525517549,0.018724730728307458,-0.018724730728307458,0.0002590685785351389
0.0,0.0009836343625724275,0.019267685566839304,-0.019267685566839304,-0.00028388625999671037
0.0,-0.0023096092988857952,0.0183172240316564,-0.0183172240316564,0.0006665752751861943
0.0,-0.005525675723266343,0.01738903658329328,-0.01738903658329328,0.0015947627235493157
0.0,0.008196058063241196,0.021349259846676166,-0.021349259846676166,-0.0023654605398335704
0.0,-0.0026259630899742037,0.01822592130982692,-0.01822592130982692,0.0007578779970156751
0.0,0.0012756828808564435,0.01935197355508771,-0.01935197355508771,-0.0003681742482451134
0.0,0.006541139295859866,0.020871634504021814,-0.020871634504021814,-0.0018878351971792176
0.0,-0.0007502611166068096,0.018767266791795592,-0.018767266791795592,0.0002165325150470026
0.0,0.0020560951489239088,0.01957720798006024,-0.01957720798006024,-0.0005934086732176444
0.0,-0.0003842577408796899,0.018872898857362732,-0.018872898857362732,0.00011090044947986244
0.0,0.00984851271879017,0.021826174023150364,-0.021826174023150364,-0.002842374716307767
0.0,-0.000369225702197995,0.01887723724711796,-0.01887723724711796,0.00010656205972463668
0.0,0.008190950433802913,0.021347785736098236,-0.021347785736098236,-0.002363986429255641
0.0,-0.002024530803113933,0.018399500404920256,-0.018399500404920256,0.0005842989019223405
0.0,-0.0010521566439205543,0.01868013686280989,-0.01868013686280989,0.00030366244403270644
0.0,-0.0037393815604747083,0.01790457811826231,-0.01790457811826231,0.0010792211885802864
0.0,-0.00011410565998426492,0.018950867324909113,-0.018950867324909113,3.293198193348403e-05
0.0,0.0029323579853828274,0.01983010579339595,-0.01983010579339595,-0.000846306486553354
0.0,0.005506306319651655,0.02057297183574259,-0.02057297183574259,-0.0015891725288999948
0.0,0.003201957471006933,0.019907914776675778,-0.019907914776675778,-0.0009241154698331841
0.0,0.001548922064604108,0.019430832989965337,-0.019430832989965337,-0.0004470336831227423
0.0,-0.0004729570906678582,0.018847299378904447,-0.018847299378904447,0.00013649992793814881
0.0,-0.004070859227173984,0.017808910501663805,-0.017808910501663805,0.0011748888051787908
0.0,0.008974343513216354,0.021573880451659387,-0.021573880451659387,-0.0025900811448167924
0.0,0.005362807225250732,0.020531556628250392,-0.020531556628250392,-0.001547757321407797
0.0,-0.0032302694598687065,0.018051512726953822,-0.018051512726953822,0.0009322865798887719
0.0,-0.0008278931807477186,0.018744861437546733,-0.018744861437546733,0.00023893786929586315
0.0,0.0019856558213586784,0.019556878518199147,-0.019556878518199147,-0.0005730792113565517
0.0,-0.0004581666477052604,0.01885156804183054,-0.01885156804183054,0.00013223126501205325
0.0,-0.0010584151831672939,0.018678330588682627,-0.018678330588682627,0.00030546871815996757
0.0,0.0007909409391904099,0.01921207240673495,-0.01921207240673495,-0.00022827309989235733
0.0,0.0018339987251561052,0.019513108833567234,-0.019513108833567234,-0.0005293095267246368
0.0,-0.005183153157965359,0.017487891862986313,-0.017487891862986313,0.0014959074438562828
0.0,0.008303361477520088,0.021380228635611974,-0.021380228635611974,-0.002396429328769377
0.0,0.006398818768781567,0.02083055944230136,-0.02083055944230136,-0.0018467601354587666
0.0,0.004028636080503967,0.02014650210912281,-0.02014650210912281,-0.0011627028022802178
0.0,0.007033767443369587,0.02101381168660814,-0.02101381168660814,-0.002030012379765542
0.0,0.0016623439316436617,0.019463567622732228,-0.019463567622732228,-0.000479768315889633
0.0,0.0013029315960912946,0.019359837794231925,-0.019359837794231925,-0.0003760384873893286
0.0,-0.0011122268282528491,0.018662800034597818,-0.018662800034597818,0.0003209992722447775
0.0,0.007033646478779465,0.021013776775073538,-0.021013776775073538,-0.0020299774682309424
0.0,0.006749602987881076,0.020931799114089156,-0.020931799114089156,-0.0019479998072465584
0.0,-0.003524487622672101,0.017966598558600735,-0.017966598558600735,0.0010172007482418615
0.0,0.009415051560751175,0.02170107299812342,-0.02170107299812342,-0.002717273691280825
0.0,-0.0016163897301626484,0.018517293811860788,-0.018517293811860788,0.0004665054949818086
0.0,0.004385235112838837,0.020249419991478248,-0.020249419991478248,-0.0012656206846356525
0.0,0.008066726499347698,0.021311933523633496,-0.021311933523633496,-0.002328134216790899
0.0,0.0021743654797181655,0.01961134192571658,-0.01961134192571658,-0.0006275426188739839
0.0,-0.0005599757022828333,0.018822184977515626,-0.018822184977515626,0.00016161432932697037
0.0,0.0006026209018938911,0.019157721447572915,-0.019157721447572915,-0.0001739221407303209
0.0,0.011841196508761032,0.022401281573288682,-0.022401281573288682,-0.003417482266446088
0.0,-0.006731974332887192,0.017040887297588268,-0.017040887297588268,0.0019429120092543267
-0.28571429630625356,-0.010898815620283941,0.015838297154249472,-0.301552593460503,-0.28256879415366043
0.0,0.0004889853730833948,0.019124925149980796,-0.019124925149980796,-0.00014112584313820132
0.0,-0.0006480882520516484,0.01879675485514045,-0.01879675485514045,0.0001870444517021442
0.0,-0.02120854792396809,0.012862810066134803,-0.012862810066134803,0.0061209892407077925
0.0,-0.04097922480422822,0.007156804124595519,-0.007156804124595519,0.011826995182247077
0.0,0.017440920592313836,0.02401741535996926,-0.02401741535996926,-0.005033616053126664
0.0,-0.005001588416939429,0.017540293179205406,-0.017540293179205406,0.001443506127637191
0.0,-0.03753641975808808,0.008150430502074335,-0.008150430502074335,0.01083336880476826
0.0,0.014936090208494734,0.023294497417443466,-0.023294497417443466,-0.004310698110600871
0.0,0.013914584754042503,0.022999681199075202,-0.022999681199075202,-0.004015881892232604
0.0,0.0026129297463290957,0.0197379157565563,-0.0197379157565563,-0.0007541164497137027
0.0,0.013402458257245842,0.022851876606888522,-0.022851876606888522,-0.0038680773000459258
0.0,0.012069112762299383,0.022467060378169243,-0.022467060378169243,-0.0034832610713266474
0.0,0.0003734693722488025,0.019091586130224568,-0.019091586130224568,-0.00010778682338197087
0.0,-0.005841389459353419,0.017297918587442715,-0.017297918587442715,0.0016858807193998815
0.0,-0.0054965031281792864,0.017397456072514868,-0.017397456072514868,0.001586343234327727
0.0,0.0009735510790762625,0.019264775435037153,-0.019264775435037153,-0.000280976128194557
0.0,0.01602837635051313,0.023609741617425354,-0.023609741617425354,-0.0046259423105827575
0.0,0.011757015343810906,0.022376986086073945,-0.022376986086073945,-0.0033931867792313486
0.0,-0.012706888443829278,0.015316470090038727,-0.015316470090038727,0.0036673292168038682
0.0,-0.011095788639207016,0.015781448862048603,-0.015781448862048603,0.0032023504447939916
0.0,-0.013324399541987275,0.015138250496627943,-0.015138250496627943,0.0038455488102146535
0.0,0.005071602744632031,0.020447512237323533,-0.020447512237323533,-0.0014637129304809393
0.0,0.011032026532745043,0.02216774739948038,-0.02216774739948038,-0.003183948092637787
0.0,0.002638858606169414,0.019745399072843457,-0.019745399072843457,-0.0007615997660008611
0.0,-0.00048387472056610203,0.018844148446771763,-0.018844148446771763,0.0001396508600708319
0.0,0.004463078207817217,0.02027188625123984,-0.02027188625123984,-0.0012880869443972457
0.0,0.01737883151892694,0.023999495861117704,-0.023999495861117704,-0.005015696554275109
0.0,-0.001273985129042532,0.018616115045965952,-0.018616115045965952,0.0003676842608766429
0.0,-0.006363576551088879,0.017147210411587965,-0.017147210411587965,0.0018365888952546299
0.0,-0.005724521948562322,0.017331647665864543,-0.017331647665864543,0.001652151640978054
0.0,-0.000781930531963182,0.018758126696426933,-0.018758126696426933,0.00022567261041566246
0.0,0.001703447167811456,0.019475430408776955,-0.019475430408776955,-0.0004916311019343585
0.0,-0.014204195388793028,0.014884333022804497,-0.014884333022804497,0.004099466284038097
0.0,0.0014818054520648882,0.019411462495356368,-0.019411462495356368,-0.00042766318851377176
0.0,-0.0018439898833508828,0.018451606236556575,-0.018451606236556575,0.0005321930702860199
0.0,-0.025162888405856454,0.01172154968232606,-0.01172154968232606,0.007262249624516536
0.0,-0.02096688071186603,0.012932557528828222,-0.012932557528828222,0.006051241778014374
0.6999999584794856,0.02715725576151251,0.026821642374613854,0.6731783161048718,0.6921621154117144
0.0,-0.017276308813847896,0.013997691783224691,-0.013997691783224691,0.004986107523617904
0.0,-0.00291665716625622,0.018142024226460413,-0.018142024226460413,0.0008417750803821823
0.17647061696921496,0.013769718690019195,0.02295787147111036,0.1535127454981046,0.1724965448049472
1.0,-0.022337423560165104,0.012537005789103174,0.9874629942108968,1.0064467935177395
0.0,0.012614865848792123,0.022624569924908647,-0.022624569924908647,-0.003640770618066051
0.0,0.01156648273982852,0.022321996559060534,-0.022321996559060534,-0.0033381972522179395
0.0,0.0068628636575538415,0.020964487223758318,-0.020964487223758318,-0.001980687916915721
0.0,-0.021920248779842444,0.012657406410164263,-0.012657406410164263,0.006326392896678332
0.0,0.0033365488963206236,0.019946759145898513,-0.019946759145898513,-0.0009629598390559162
0.0,0.0167269537832615,0.023811357728296467,-0.023811357728296467,-0.00482755842145387
0.0,-0.005525364482924067,0.017389126410225005,-0.017389126410225005,0.0015946728966175908
0.0,0.008250750063987677,0.021365044479802496,-0.021365044479802496,-0.002381245172959899
0.0,-0.0028866254882486952,0.018150691655207704,-0.018150691655207704,0.0008331076516348931
0.0,0.008109038386684864,0.02132414513793511,-0.02132414513793511,-0.002340345831092515
0.0,0.010661504701720004,0.022060811264612394,-0.022060811264612394,-0.0030770119577698003
0.0,0.0008313658006817715,0.019223739407376997,-0.019223739407376997,-0.00023994010053439993
0.0,-0.005726124690152989,0.01733118509935281,-0.01733118509935281,0.0016526142074897868
0.0,-0.00853653230061302,0.016520074654295495,-0.016520074654295495,0.0024637246525471015
-0.050000041520514404,5.623169212687351e-05,0.01900002830958853,-0.06900006983010293,-0.05001627052326034
0.0,-0.01338056164164636,0.015122041578932058,-0.015122041578932058,0.003861757727910538
0.052631624953480616,0.001837059563023713,0.019513992220573373,0.03311763273290724,0.05210143203974984
0.0,0.010434204774367295,0.021995210337348192,-0.021995210337348192,-0.0030114110305055975
0.0,0.0011136248915897262,0.01930520207350262,-0.01930520207350262,-0.0003214027666600261
0.0,-0.008187490964434607,0.016620811313446775,-0.016620811313446775,0.0023629879933958226
0.0,0.0025490454770622506,0.019719478147049288,-0.019719478147049288,-0.0007356788402066924
0.0,-0.007205863568357729,0.01690411834376827,-0.01690411834376827,0.0020796809630743243
0.0,-0.0022536742393085563,0.018333367423418914,-0.018333367423418914,0.0006504318834236823
0.0,0.012811178963797909,0.022681227762544116,-0.022681227762544116,-0.00369742845570152
0.0,0.0034579455015175675,0.019981795364169223,-0.019981795364169223,-0.0009979960573266256
0.0,-0.0002656413228280252,0.018907132687102913,-0.018907132687102913,7.666661973968408e-05
0.0,0.009682220255068819,0.021778180431844714,-0.021778180431844714,-0.0027943811250021188
0.0,0.009370643723504823,0.0216882564726846,-0.0216882564726846,-0.002704457165842003
0.0,0.0017075955546570487,0.01947662767279235,-0.01947662767279235,-0.0004928283659497544
0.0,0.0008834895573073265,0.019238782820751362,-0.019238782820751362,-0.00025498351390876545
0.0,-0.006842140279927467,0.017009092354391624,-0.017009092354391624,0.0019747069524509724
0.0,0.004060561678767671,0.020155716141322277,-0.020155716141322277,-0.0011719168344796807
0.0,-0.0008558723207806596,0.018736786390838214,-0.018736786390838214,0.0002470129160043813
-0.6000000051900642,-0.00263219493841671,0.018224122738920368,-0.6182241279289846,-0.599240328622142
0.0,0.007386752997235124,0.021115686684608094,-0.021115686684608094,-0.0021318873777654984
0.0,-0.0031357617896576873,0.018078788542092127,-0.018078788542092127,0.0009050107647504682
0.0,0.0032484098921563564,0.01992132138853246,-0.01992132138853246,-0.0009375220816898645
0.0,-0.002023213496498033,0.018399880592175486,-0.018399880592175486,0.0005839187146671101
0.0,-0.0023572204364039617,0.018303483003202625,-0.018303483003202625,0.0006803163036399721
0.0,-0.011564187290653005,0.01564626454315316,-0.01564626454315316,0.0033375347636894325
0.0,0.012695791223314323,0.02264792575994867,-0.02264792575994867,-0.0036641264531060746
0.0,-0.006879559974886984,0.016998292673477168,-0.016998292673477168,0.001985506633365427
0.0,0.010849230370481022,0.022114990683345364,-0.022114990683345364,-0.0031311913765027675
0.0,0.004479598435997323,0.020276654146680253,-0.020276654146680253,-0.0012928548398376584
0.0,0.0007025929724704394,0.019186574340782015,-0.019186574340782015,-0.00020277503393942097
0.0,0.008567392465728796,0.021456430497419424,-0.021456430497419424,-0.0024726311905768294
0.0,-0.0007141884679080501,0.018777677702309623,-0.018777677702309623,0.00020612160453297305
0.0,0.0031259043893263616,0.019885965131827,-0.019885965131827,-0.0009021658249844031
0.0,0.001068707668436586,0.019292238534432033,-0.019292238534432033,-0.000308439227589436
0.0,0.0017433852107295866,0.019486956908934965,-0.019486956908934965,-0.0005031576020923696
0.0,-0.004026127868587581,0.017821820398447458,-0.017821820398447458,0.0011619789083951366
0.0,0.002471549778432225,0.01969711214918767,-0.01969711214918767,-0.000713312842345073
0.0,-0.001017102715529128,0.018690253760925576,-0.018690253760925576,0.0002935455459170189
0.0,-0.0021261277624751163,0.01837017855330798,-0.01837017855330798,0.0006136207535346163
0.0,-0.004023402292699374,0.01782260702564826,-0.01782260702564826,0.0011611922811943373
0.0,0.0017121542893689945,0.019477943367116314,-0.019477943367116314,-0.0004941440602737174
0.0,-0.006345510515579966,0.017152424441769037,-0.017152424441769037,0.001831374865073557
0.0,0.0018619345065358228,0.01952117136655483,-0.01952117136655483,-0.0005373720597122335
0.0,-0.013724668973416176,0.01502272892051892,-0.01502272892051892,0.003961070386323676
0.0,0.0022045770199778936,0.019620061264425573,-0.019620061264425573,-0.0006362619575829777
0.0,-0.008604355128821406,0.01650050033910776,-0.01650050033910776,0.002483298967734835
0.0,0.00617868985946779,0.020767028139248047,-0.020767028139248047,-0.0017832288324054516
0.0,0.0007584033300001014,0.019202681742344057,-0.019202681742344057,-0.00021888243550146063
0.0,0.003067957412152822,0.01986924108145437,-0.01986924108145437,-0.0008854417746117733
0.0,-0.00494735062681062,0.017555946722814724,-0.017555946722814724,0.0014278525840278702
0.0,0.008620803683929923,0.021471845484485687,-0.021471845484485687,-0.0024880461776430928
0.0,0.008481281595267509,0.021431578078786567,-0.021431578078786567,-0.00244777877194397
0.0,0.008822985887663393,0.02153019719711362,-0.02153019719711362,-0.002546397890271027
0.0,0.003473267180873929,0.01998621734698606,-0.01998621734698606,-0.0010024180401434631
0.0,-0.007094202866256172,0.016936344687534178,-0.016936344687534178,0.0020474546193084173
0.1250000405473779,0.008749042674663476,0.021508856480492267,0.10349118406688564,0.12247498337372822
0.0,0.0010792374947172778,0.019295277542741403,-0.019295277542741403,-0.00031147823589880723
0.0,-0.001028135726814483,0.01868706952862394,-0.01868706952862394,0.00029672977821865355
0.0,0.00397369863071062,0.020130646637060205,-0.020130646637060205,-0.001146847330217608
0.0,0.0021605126279586884,0.019607343860555453,-0.019607343860555453,-0.0006235445537128583
0.0,-0.003952993120479142,0.01784292778438913,-0.01784292778438913,0.0011408715224534652
0.0,-0.0009484477101494582,0.01871006825038314,-0.01871006825038314,0.0002737310564594555
0.0,0.0018380494891383492,0.019514277922693033,-0.019514277922693033,-0.0005304786158504388
0.0,0.004780911145920941,0.02036361586900763,-0.02036361586900763,-0.001379816562165035
0.0,0.009101605057599604,0.021610609347325338,-0.021610609347325338,-0.002626810040482743
0.0,-0.0030322960242857855,0.01810864974894577,-0.01810864974894577,0.0008751495578968254
0.0,-0.00656220869212365,0.017089883280919177,-0.017089883280919177,0.0018939160259234186
0.5555555427405823,-0.005754170294581917,0.0173230908703856,0.5382324518701966,0.5572162511770393
-0.9333333330244009,0.004884728797982518,0.020393578633716585,-0.9537269116581175,-0.9347431123512749
0.0,-0.0010403515262938923,0.018683543932366802,-0.018683543932366802,0.0003002553744757932
0.0,0.004926444803381669,0.02040561827080673,-0.02040561827080673,-0.0014218189639641347
0.0,0.004644183009877123,0.02032415482468595,-0.02032415482468595,-0.0013403555178433523
0.0,0.003538227451535869,0.020004965500759746,-0.020004965500759746,-0.0010211661939171519
0.0,0.0028241822564987196,0.019798885246144007,-0.019798885246144007,-0.0008150859393014109
0.0,-0.0002623799656497061,0.018908073945894895,-0.018908073945894895,7.572536094770255e-05
0.0,-0.0014416744645237012,0.01856771830414556,-0.01856771830414556,0.00041608100269703406
0.0,-0.007113887913551609,0.016930663395107647,-0.016930663395107647,0.00205313591173495
0.0,-0.004005992185342366,0.017827631748707745,-0.017827631748707745,0.0011561675581348496
0.0,0.006389254777276809,0.02082779918312149,-0.02082779918312149,-0.001843999876278897
0.0,-0.007602164835758152,0.016789742017650468,-0.016789742017650468,0.0021940572891921283
0.0,0.007919408484583057,0.021269416139295373,-0.021269416139295373,-0.0022856168324527784
0.0,0.0033231157222237684,0.019942882203714155,-0.019942882203714155,-0.0009590828968715583
0.0,0.0024280177746833775,0.019684548397650863,-0.019684548397650863,-0.0007007490908082685
0.0,0.0020685364303643095,0.01958079865256221,-0.01958079865256221,-0.0005969993457196147
0.0,-0.0003981517707819515,0.0188688889077968,-0.0188688889077968,0.00011491039904579689
0.0,-0.0016912621251551352,0.018495684924452842,-0.018495684924452842,0.00048811438238975375
0.0,0.006198839704363079,0.020772843576695635,-0.020772843576695635,-0.0017890442698530393
0.0,0.007670409427647185,0.021197552636243927,-0.021197552636243927,-0.0022137533294013306
0.0,0.00026927832649970007,0.019061515600535563,-0.019061515600535563,-7.771629369296674e-05
0.0,0.005701434129840033,0.02062928758310105,-0.02062928758310105,-0.0016454882762584526
0.7857142509593915,-0.004430329054144866,0.017705164080591702,0.7680090868787998,0.7869928861856424
0.0,0.00013447750859452157,0.019022610798613514,-0.019022610798613514,-3.8811491770920296e-05
0.0,-0.0016543221469484948,0.018506346154536363,-0.018506346154536363,0.0004774531523062318
0.0,-0.002803126684318036,0.018174790206523135,-0.018174790206523135,0.0008090091003194615
0.0,-0.0036523050860121087,0.017929709219420914,-0.017929709219420914,0.0010540900874216825
0.0,-0.002213344827027508,0.018345006876508363,-0.018345006876508363,0.0006387924303342329
0.0,0.0018978268127400888,0.019531530228504648,-0.019531530228504648,-0.0005477309216620522
0.0,0.003739841510076891,0.020063153241265563,-0.020063153241265563,-0.0010793539344229684
0.0,0.00035667194221011833,0.01908673823168352,-0.01908673823168352,-0.000102938924840924
0.0,0.005282254329749936,0.02050830829420905,-0.02050830829420905,-0.0015245089873664544
0.0,0.00027548183892078804,0.019063305993396035,-0.019063305993396035,-7.950668655343996e-05
0.0,-0.005569722252617426,0.017376324334759573,-0.017376324334759573,0.0016074749720830217
0.0,0.005369014643958003,0.02053334814850232,-0.02053334814850232,-0.001549548841659725
0.0,0.0012532727238796504,0.019345505770012122,-0.019345505770012122,-0.00036170646316952584
0.0,0.007840591898404803,0.021246668920687294,-0.021246668920687294,-0.0022628696138446997
0.0,-0.00036853301202766087,0.018877437164108737,-0.018877437164108737,0.00010636214273385734
0.0,-0.0035156877607932513,0.01796913828268148,-0.01796913828268148,0.0010146610241611154
0.0,-0.0013050961134796202,0.01860713611908751,-0.01860713611908751,0.00037666318775508503
0.0,-0.003289278113945082,0.018034482266499625,-0.018034482266499625,0.0009493170403429719
0.0,0.0027632870875580196,0.019781310319504364,-0.019781310319504364,-0.0007975110126617671
0.0,-6.870120538793323e-06,0.01898181652452053,-0.01898181652452053,1.9827823220653426e-06
0.0,0.003641105118425747,0.020034656976781563,-0.020034656976781563,-0.0010508576699389692
0.0,-0.0003966902079042267,0.01886931072878526,-0.01886931072878526,0.00011448857805733303
0.0,0.0007115197468861023,0.019189150693031516,-0.019189150693031516,-0.00020535138618891884
0.0,-0.008169482334351885,0.01662600877587425,-0.01662600877587425,0.002357790530968343
0.0,-0.005527978766503461,0.017388371903046155,-0.017388371903046155,0.0015954274037964416
0.0,-0.00039511662920677093,0.018869764878607826,-0.018869764878607826,0.00011403442823476792
0.0,-0.0014179036575431292,0.018574578785791575,-0.018574578785791575,0.0004092205210510186
0.0,-0.0328642290012785,0.00949886932285029,-0.00949886932285029,0.009484929983992306
0.0,-0.02057300761734404,0.013046233061090796,-0.013046233061090796,0.0059375662457518
0.0,0.014206197825152422,0.023083843513115397,-0.023083843513115397,-0.0041000442062728015
0.0,-0.005904978964482943,0.017279566049677512,-0.017279566049677512,0.001704233257165085
0.0,0.02149560016316343,0.025187634561993938,-0.025187634561993938,-0.0062038352551513415
0.0,-0.00025266233815879335,0.018910878545885912,-0.018910878545885912,7.292076095668373e-05
0.0,-0.014391922356395415,0.014830153229213522,-0.014830153229213522,0.004153646077629073
0.0,-0.00036116989772350117,0.01887956222913419,-0.01887956222913419,0.00010423707770840458
0.0,-0.004299527548581317,0.017742914642822228,-0.017742914642822228,0.0012408846640203667
0.0,-0.005511829997012829,0.017393032591965413,-0.017393032591965413,0.0015907667148771817
0.0,-0.030864433977743855,0.010076029242829684,-0.010076029242829684,0.008907770064012912
0.0,0.018625040052811848,0.024359163531668934,-0.024359163531668934,-0.00537536422482634
0.0,-0.017327264039978307,0.013982985618897919,-0.013982985618897919,0.005000813687944676
0.0,-0.0065595995737004476,0.01709063629738468,-0.01709063629738468,0.0018931630094579158
0.0,0.015666780052058682,0.02350538147639853,-0.02350538147639853,-0.004521582169555935
0.0,0.010851331974038647,0.02211559722617944,-0.02211559722617944,-0.003131797919336844
0.0,0.010557843693063784,0.02203089370868446,-0.02203089370868446,-0.003047094401841864
0.0,-0.0063166863793988615,0.017160743362426394,-0.017160743362426394,0.0018230559444162003
0.0,0.005600317169601965,0.02060010426381445,-0.02060010426381445,-0.0016163049569718538
0.0,0.006259295774170726,0.02079029177513688,-0.02079029177513688,-0.0018064924682942858
0.0,0.021208856064105275,0.02510487747973335,-0.02510487747973335,-0.006121078172890755
0.0,-0.0025089163835961825,0.018259702105804493,-0.018259702105804493,0.0007240972010381018
0.0,-0.00919901370610332,0.01632887620121364,-0.01632887620121364,0.0026549231056289574
0.0,-0.01970148934024063,0.013297761549337817,-0.013297761549337817,0.005686037757504779
0.0,-0.0014819196931705747,0.01855610314725597,-0.01855610314725597,0.0004276961595866269
0.0,-0.007567410690302756,0.016799772395551166,-0.016799772395551166,0.0021840269112914303
0.0,0.010593753366266334,0.022041257582915648,-0.022041257582915648,-0.0030574582760730523
0.0,0.0022233054237545957,0.01962546646040711,-0.01962546646040711,-0.0006416671535645127
0.0,-0.01664310858849427,0.014180439408403838,-0.014180439408403838,0.0048033598984387575
0.0,-0.01815124083246611,0.013745178056612576,-0.013745178056612576,0.00523862125023002
1.0399999813157685,0.0030432907461763747,0.01986212204635648,1.0201378592694121,1.0391216585762546
0.0,-0.006554842390161242,0.017092009265933208,-0.017092009265933208,0.001891790040909388
0.0,0.0155323683669224,0.023466588981905553,-0.023466588981905553,-0.004482789675062958
0.0,0.003261692144003847,0.019925154773115992,-0.019925154773115992,-0.0009413554662733976
0.0,0.022973979644221654,0.025614308982594605,-0.025614308982594605,-0.006630509675752008
0.0,-0.0021831080910337253,0.01835373348694655,-0.01835373348694655,0.0006300658198960471
0.0,0.008170747552017188,0.021341954991698147,-0.021341954991698147,-0.002358155684855551
0.0,0.010941426132194287,0.022141599259637754,-0.022141599259637754,-0.0031577999527951594
0.0,-0.03236490314939877,0.009642979526807679,-0.009642979526807679,0.009340819780034917
0.0,-0.0015222281477752508,0.018544469742751837,-0.018544469742751837,0.0004393295640907585
0.0,-0.023320118765389863,0.01225339057887569,-0.01225339057887569,0.006730408727966907
0.0,0.0017621539947350051,0.0194923737590357,-0.0194923737590357,-0.000508574452193102
0.0,-0.00035634616892232795,0.018880954403280102,-0.018880954403280102,0.00010284490356249308
0.0,0.005419503676349802,0.020547919764869072,-0.020547919764869072,-0.0015641204580264772
0.0,-0.00019993032368359476,0.0189260975082779,-0.0189260975082779,5.7701798564696075e-05
1.4313725041228573,-0.019086709555430348,0.013475192859662258,1.417897311263195,1.4368811105700376
0.5322580817308329,-0.020773480559224233,0.012988374657738489,0.5192697070730944,0.538253506379937
0.2894737381239374,8.640058610476231e-05,0.01900873534017378,0.2704650027837636,0.2894488020906062
0.21632653528135726,-0.01539571453679811,0.014540449230704137,0.20178608605065312,0.22076988535749573
0.0,-0.01577210632742365,0.014431818969501482,-0.014431818969501482,0.004551980337341115
0.0,-0.020588228309714296,0.013041840224081471,-0.013041840224081471,0.0059419590827611245
0.0,-0.027112254452099527,0.011158944046238625,-0.011158944046238625,0.007824855260603971
0.0,0.04959374278953943,0.033297026554151676,-0.033297026554151676,-0.01431322724730908
0.0,0.008562680784222065,0.021455070661191518,-0.021455070661191518,-0.0024712713543489214
0.0,-0.0012415825080966947,0.018625466751461834,-0.018625466751461834,0.0003583325553807631
0.0,0.00849248413140935,0.021434811237578892,-0.021434811237578892,-0.002451011930736296
0.0,0.0012684969251244294,0.019349899619716105,-0.019349899619716105,-0.0003661003128735101
0.0,-0.02475673039503723,0.011838770758618708,-0.011838770758618708,0.007145028548223888
0.0,0.03433571464262353,0.028893414083533513,-0.028893414083533513,-0.009909614776690915
0.0,0.007010434848680358,0.02100707767720954,-0.02100707767720954,-0.002023278370366946
0.0,0.009695285023358924,0.021781951048598994,-0.021781951048598994,-0.002798151741756399
0.0,0.004098045450532162,0.02016653431541388,-0.02016653431541388,-0.0011827350085712837
0.0,0.004518418782931244,0.02028785806911544,-0.02028785806911544,-0.001304058762272845
0.0,-0.00014629784190933748,0.018941576354122018,-0.018941576354122018,4.222295272057833e-05
0.0,-0.005257525167898014,0.017466427391479845,-0.017466427391479845,0.0015173719153627517
-0.5973154532488252,0.010721688622945758,0.022078180918376863,-0.6193936341672021,-0.6004098348603595
0.0,0.0022219854881162515,0.019625085514390923,-0.019625085514390923,-0.0006412862075483264
0.0,0.0075914003822110665,0.021174749872058144,-0.021174749872058144,-0.00219095056521555
0.0,0.01318305304897005,0.022788554170858205,-0.022788554170858205,-0.003804754864015609
0.0,-0.014157306164566674,0.014897865700195877,-0.014897865700195877,0.004085933606646719
0.0,0.0022029127742235755,0.019619580947225518,-0.019619580947225518,-0.0006357816403829226
0.0,0.0013757255543636049,0.01938084682497607,-0.01938084682497607,-0.00039704751813347475
0.0,0.008488694060713842,0.021433717387022412,-0.021433717387022412,-0.002449918080179818
0.0,-0.007846827493937836,0.01671913004064527,-0.01671913004064527,0.0022646692661973237
0.0,-0.0014562465775435074,0.01856351265332362,-0.01856351265332362,0.00042028665351897507
0.0,0.01554926091974429,0.023471464333789216,-0.023471464333789216,-0.00448766502694662
0.0,0.008597395948725328,0.021465089788817587,-0.021465089788817587,-0.002481290481974992
0.0,0.0008986100931438479,0.01924314675162965,-0.01924314675162965,-0.0002593474447870548
0.0,0.006776236617404008,0.020939485833629562,-0.020939485833629562,-0.0019556865267869672
0.0,0.00470842037697472,0.02034269434159514,-0.02034269434159514,-0.001358895034752543
0.0,-0.0022244379802809355,0.018341805286661045,-0.018341805286661045,0.0006419940201815519
0.0,-0.009357140143940179,0.016283239402874558,-0.016283239402874558,0.0027005599039680384
0.0,0.0006762010869560964,0.0191789573908685,-0.0191789573908685,-0.0001951580840259042
0.0,0.0007091030986317026,0.019188453225292716,-0.019188453225292716,-0.0002046539184501191
0.0,0.0128902247439735,0.02270404112872612,-0.02270404112872612,-0.0037202418218835274
0.0,0.003023994668760688,0.019856553014347654,-0.019856553014347654,-0.0008727537075050601
0.0,-0.002651641555101225,0.018218510259842554,-0.018218510259842554,0.0007652890470000429
0.0,0.01087875260858695,0.022123511082877467,-0.022123511082877467,-0.003139711776034872
0.0,0.0014987433214488366,0.019416350926032118,-0.019416350926032118,-0.0004325516191895228
0.0,0.0017771107537685182,0.01949669042236636,-0.01949669042236636,-0.0005128911155237646
0.0,-0.003526436790880272,0.0179660360100626,-0.0179660360100626,0.001017763296779994
0.0,0.006411102394986878,0.0208341046139986,-0.0208341046139986,-0.0018503053071560057
0.0,0.0012318625699112573,0.019339326595343858,-0.019339326595343858,-0.0003555272885012626
0.0,-0.0007904570968998437,0.018755665848450703,-0.018755665848450703,0.0002281334583918938
0.45833335225544314,-0.0005440493877303387,0.018826781463817725,0.4395065707916254,0.458490370098468
0.0,-0.0028255083152146643,0.018168330654346393,-0.018168330654346393,0.0008154686524962011
0.0,0.00689532059343434,0.02097385460506245,-0.02097385460506245,-0.001990055298219858
0.0,-0.003880558492514008,0.017863833108978946,-0.017863833108978946,0.0011199661978636474
0.0,-0.001131532823106185,0.018657228140321884,-0.018657228140321884,0.00032657116652071145
0.0,-0.006524098653592381,0.017100882201573676,-0.017100882201573676,0.00188291710526892
0.0,-0.00812571755868352,0.01663863970760746,-0.01663863970760746,0.002345159599235138
0.0,-0.0021316888487414865,0.018368573570763908,-0.018368573570763908,0.000615225736078689
0.0,0.014666041867757107,0.023216558890296213,-0.023216558890296213,-0.004232759583453618
0.0,0.0029533182046204143,0.019836155112608944,-0.019836155112608944,-0.0008523558057663472
0.0,0.006949583813841809,0.020989515488092778,-0.020989515488092778,-0.0020057161812501814
0.0,-0.0008680223820187738,0.018733279767264594,-0.018733279767264594,0.0002505195395780014
0.0,0.00498490290027398,0.020422489835205806,-0.020422489835205806,-0.0014386905283632094
0.0,0.0037059469012648005,0.020053370933839305,-0.020053370933839305,-0.0010695716269967092
0.0,-0.0001305615560248663,0.01894611799633783,-0.01894611799633783,3.7681310504767054e-05
0.0,-0.0029443536044478913,0.0181340307702,-0.0181340307702,0.0008497685366425969
0.0,0.010852481049954399,0.022115928860449843,-0.022115928860449843,-0.0031321295536072473
0.0,-0.018974501239482744,0.013507577250007861,-0.013507577250007861,0.005476222056834733
0.0,-0.000839020658475631,0.018741649941328653,-0.018741649941328653,0.000242149365513942
0.0,0.007182725862306283,0.021056802507238244,-0.021056802507238244,-0.0020730032003956496
0.0,-0.0046443248906916645,0.017643402840842756,-0.017643402840842756,0.00134039646599984
0.1428571428571428,0.003589481529391092,0.020019757916545068,0.12283738494059773,0.14182118424744034
0.25,0.0067342800173637585,0.020927376758630947,0.22907262324136907,0.24805642254821164
0.0,0.011568600124275408,0.02232260765640979,-0.02232260765640979,-0.0033388083495671924
0.0,1.745570720723677e-05,0.018988837190453838,-0.018988837190453838,-5.037883611243997e-06
0.0,0.002148376881724312,0.019603841368428465,-0.019603841368428465,-0.0006200420615858688
0.0,0.0020846350796801527,0.019585444876320926,-0.019585444876320926,-0.0006016455694783305
0.0,0.004636432770241061,0.020321918031596893,-0.020321918031596893,-0.0013381187247542964
0.0,0.0010474599539205265,0.019286106241339234,-0.019286106241339234,-0.0003023069344966377
0.0,-0.006067494393846573,0.0172326625465169,-0.0172326625465169,0.001751136760325695
0.0,0.0034778715639784963,0.019987546215871576,-0.019987546215871576,-0.00100374690902898
0.0,3.8123067008344336e-05,0.018994801987639857,-0.018994801987639857,-1.1002680797262158e-05
0.0,0.006609324208602496,0.02089131332026008,-0.02089131332026008,-0.0019075140134174843
0.0,-0.0006293691084816588,0.018802157378537996,-0.018802157378537996,0.0001816419283046002
0.0,0.0005093580038946222,0.019130804885568894,-0.019130804885568894,-0.0001470055787262992
0.0,-0.0022738117853239315,0.018327555535545388,-0.018327555535545388,0.0006562437712972066
0.0,0.0015790922795098083,0.019439540401782952,-0.019439540401782952,-0.00045574109494035827
0.0,0.001012017561471401,0.019275877228790907,-0.019275877228790907,-0.00029207792194831187
0.0,0.008841205788409079,0.02153545563426976,-0.02153545563426976,-0.002551656327427164
0.0,-0.002191763174733685,0.01835123554722928,-0.01835123554722928,0.0006325637596133159
0.0,-0.0003689736527457965,0.01887730999099418,-0.01887730999099418,0.00010648931584841451
0.0,0.0046852921407636305,0.020336019312002723,-0.020336019312002723,-0.0013522200051601285
0.0,0.001071522174355355,0.019293050827687962,-0.019293050827687962,-0.0003092515208453653
0.0,0.0009514170090862972,0.019258387331299576,-0.019258387331299576,-0.00027458802445698145
0.0,-0.007502163081421376,0.016818603477875924,-0.016818603477875924,0.0021651958289666713
0.0,-0.0021239857917741967,0.018370796746484674,-0.018370796746484674,0.0006130025603579196
0.0,0.009638279380647763,0.021765498676331665,-0.021765498676331665,-0.002781699369489068
0.0,-0.004470988428756373,0.017693429397226148,-0.017693429397226148,0.0012903699096164475
0.0,-0.016511651392423388,0.01421837920916946,-0.01421837920916946,0.0047654200976731355
0.0,-0.0016054253132695706,0.018520458247166485,-0.018520458247166485,0.00046334105967611196
0.0,-0.0030214249424966866,0.018111787246850128,-0.018111787246850128,0.0008720120599924673
0.0,0.0037202972597878414,0.020057512584198148,-0.020057512584198148,-0.0010737132773555517
0.0,-0.02413055719884427,0.012019490316150756,-0.012019490316150756,0.006964308990691841
0.0,0.008015944543135589,0.021297277366657978,-0.021297277366657978,-0.002313478059815384
0.019999975087691357,0.00583897507464215,0.020668983211783818,-0.0006690081240924607,0.018314791182750135
0.0,0.008895287120600504,0.02155106402262589,-0.02155106402262589,-0.002567264715783293
0.0,-0.005837333350761975,0.017299089219073714,-0.017299089219073714,0.0016847100877688819
0.0,-0.0067493779153879885,0.017035864457664526,-0.017035864457664526,0.0019479348491780709
-0.17647055590963334,0.008495835590448308,0.02143577850062734,-0.19790633441026068,-0.1789225351034181
0.0,-0.0028243962306494508,0.01816865161256017,-0.01816865161256017,0.0008151476942824266
0.0,-0.01191414994527018,0.015545261982711936,-0.015545261982711936,0.0034385373241306604
0.4285714073874929,0.0013535590072402126,0.019374449348027987,0.4091969580394649,0.4281807573463075
0.0,-0.008375676922946718,0.016566499050700904,-0.016566499050700904,0.002417300256141692
0.0,-0.0069119122568113145,0.016988955496303082,-0.016988955496303082,0.0019948438105395127
0.0,0.0020984713906617714,0.01958943816765578,-0.01958943816765578,-0.0006056388608131825
0.0,-0.01319537280847849,0.015175488842713787,-0.015175488842713787,0.003808310464128809
0.0,-0.0027652403144732274,0.01818572457426113,-0.01818572457426113,0.0007980747325814668
0.0,0.021432370568193138,0.025169385897733897,-0.025169385897733897,-0.006185586590891301
0.0,0.008161854781411959,0.021339388453272705,-0.021339388453272705,-0.002355589146430109
0.0,0.006135586748687638,0.02075458817031325,-0.02075458817031325,-0.0017707888634706534
0.0,0.01049769746289475,0.0220135349329185,-0.0220135349329185,-0.0030297356260759033
0.0,0.0046600444669098184,0.020328732592489154,-0.020328732592489154,-0.0013449332856465576
0.0,-0.00034988023558091275,0.018882820533321434,-0.018882820533321434,0.00010097877352116155
0.0,-0.0020375791387226005,0.01839573453079459,-0.01839573453079459,0.0005880647760480056
0.0,0.004097381912668174,0.020166342812056797,-0.020166342812056797,-0.001182543505214202
0.0,-0.001611511904139773,0.01851870159898092,-0.01851870159898092,0.0004650977078616766
0.0,0.0009317492412306283,0.019252711025884193,-0.019252711025884193,-0.00026891171904159573
0.0,0.009717399870633026,0.021788333604477406,-0.021788333604477406,-0.0028045342976348096
0.0,0.002985163546397107,0.01984534598202068,-0.01984534598202068,-0.0008615466751780862
0.0,0.009472185190685156,0.021717562308724136,-0.021717562308724136,-0.002733763001881541
0.0,-0.0012592227925193322,0.01862037559710553,-0.01862037559710553,0.00036342370973706695
0.0,-0.0017318870104667816,0.018483960195028223,-0.018483960195028223,0.0004998391118143721
0.0,-0.009496397343734198,0.016243048446629646,-0.016243048446629646,0.0027407508602129483
0.0,-0.0012339337557076835,0.018627674254363295,-0.018627674254363295,0.00035612505247930014
-0.33333333333333337,0.003823175554131808,0.0200872042413092,-0.3534205375746426,-0.33443673826779996
0.0,0.0057574526279098315,0.020645455056008438,-0.020645455056008438,-0.0016616557491658432
0.0,0.007672301032188189,0.021198098571358612,-0.021198098571358612,-0.002214299264516015
0.0,0.002928125887423194,0.019828884369554517,-0.019828884369554517,-0.0008450850627119197
0.0,0.007672378673070135,0.021198120979257763,-0.021198120979257763,-0.0022143216724151665
0.0,-0.00180590159841032,0.018462598878917286,-0.018462598878917286,0.0005212004279253081
0.0,-0.004835444424841517,0.017588243920184248,-0.017588243920184248,0.0013955553866583487
0.0,0.0012365569653400854,0.01934068144264479,-0.01934068144264479,-0.00035688213580219505
0.0,0.0045106896075925995,0.020285627355383553,-0.020285627355383553,-0.0013018280485409576
0.0,0.002285226738359958,0.01964333754247405,-0.01964333754247405,-0.0006595382356314547
-0.375,0.004620174547884881,0.020317225753536557,-0.39531722575353656,-0.376333426446694
0.0,0.00017586919155743175,0.019034556833154827,-0.019034556833154827,-5.0757526312230765e-05
0.0,-0.003403778522185874,0.018001436356453775,-0.018001436356453775,0.0009823629503888213
0.0,-0.006531243569450895,0.017098820110701046,-0.017098820110701046,0.001884979196141549
0.0,0.003581997784064761,0.02001759803625591,-0.02001759803625591,-0.0010337987294133124
0.0,-0.00617673452276668,0.01720113480326118,-0.01720113480326118,0.0017826645035814153
0.19999999999999996,0.002828694915066654,0.019800187642453285,0.18019981235754667,0.19918361166438928
0.8666666251461521,0.006847482673755456,0.020960048125113803,0.8457065770210384,0.8646903763278809
0.0,0.004688147952890187,0.020336843526624244,-0.020336843526624244,-0.0013530442197816483
-0.10714283728291674,-0.005262401280453521,0.01746502009888274,-0.12460785738179947,-0.10562405807495688
0.0,0.007387691099234761,0.02111595742979381,-0.02111595742979381,-0.0021321581229512155
0.0,-0.0016161146071345112,0.018517373214991126,-0.018517373214991126,0.00046642609185147
0.16000004982461724,-0.0025786549148275606,0.018239574900450296,0.14176047492416693,0.16074427423100954
-0.6482758803977293,-0.010885526112695776,0.015842132632908977,-0.6641180130306383,-0.6451342137237958
0.0,-0.00899879386967306,0.016386661555918704,-0.016386661555918704,0.002597137750923891
0.0,-0.007282739927037873,0.016881931093324115,-0.016881931093324115,0.00210186821351848
0.0,-0.0297778200029859,0.010389636401232999,-0.010389636401232999,0.008594162905609597
0.0,0.013017017169932643,0.022740634632339923,-0.022740634632339923,-0.0037568353254973266
0.0,0.0007668762331907164,0.019205127103028494,-0.019205127103028494,-0.00022132779618589968
0.0,0.018762303409984193,0.024398779045913824,-0.024398779045913824,-0.005414979739071229
1.8823529187280954,-0.00661660635492356,0.017074183596531938,1.8652787351315634,1.884262534438406
-0.5408163081567899,-0.012317322177972212,0.015428902630465459,-0.5562452107872554,-0.5372614114804128
1.222222170962329,0.015131688322181258,0.023350948898877746,1.1988712220634514,1.2178550213702939
-0.5433333520175648,-0.029292752911742603,0.010529631390855379,-0.5538629834084202,-0.5348791841015776
-0.02189771564803311,0.0024642680276520945,0.019695010566451385,-0.041592726214484496,-0.0226089269076419
-0.14179111588080573,0.014426124657807904,0.023147316494917504,-0.16493843237572323,-0.14595463306888062
0.0,0.012105865492430645,0.02247766756667204,-0.02247766756667204,-0.0034938682598294425
0.0,-0.007914727601131322,0.01669953342200527,-0.01669953342200527,0.002284265884837327
0.0,0.00824679859557964,0.021363904048326596,-0.021363904048326596,-0.002380104741484001
0.0,-0.0005060748601761755,0.01883774127471158,-0.01883774127471158,0.0001460580321310135
0.0,-0.025946336754618105,0.011495439015503796,-0.011495439015503796,0.007488360291338799
0.0,0.010982987735216332,0.02215359433472901,-0.02215359433472901,-0.0031697950278864154
0.0,-0.003203180635808267,0.01805933081997989,-0.01805933081997989,0.0009244684868627052
0.0,0.006545480165679685,0.02087288732045968,-0.02087288732045968,-0.001889088013617084
-0.13043475906208946,0.012687291793508804,0.02264547274343013,-0.15308023180551958,-0.134096432498677
-0.1000000311403858,0.0006427872591217021,0.01916931384141861,-0.11916934498180441,-0.10018554567496181
0.0,-0.00689910050906084,0.016992653088916045,-0.016992653088916045,0.0019911462179265506
-0.4222222126109917,0.010842079212828093,0.022112926791031325,-0.444335139402023,-0.42535134009518044
0.0,0.013009813642266721,0.02273855562554057,-0.02273855562554057,-0.0037547563186979774
1.1153847132741435,0.0009106051537297599,0.019246608640536483,1.096138104633607,1.1151219039404496
0.17272722254235484,-9.401025965849463e-05,0.018956667049134585,0.15377055549322025,0.17275435480006285
0.0,0.0003223043548219451,0.019076819418128426,-0.019076819418128426,-9.302011128583104e-05
0.0,0.007229681189480308,0.02107035426257088,-0.02107035426257088,-0.0020865549557282865
-0.06976744045698635,0.002879153101061016,0.01981475035625549,-0.08958219081324184,-0.07059839150639925
0.0,-0.0007244143620946941,0.018774726411701824,-0.018774726411701824,0.00020907289514077217
0.0,-0.0031355866640028207,0.01807883908502666,-0.01807883908502666,0.0009049602218159376
0.0,0.0025817523700197853,0.019728917668350218,-0.019728917668350218,-0.0007451183615076205
0.16666665585403262,0.00034269198975556137,0.019082703484049373,0.14758395236998326,0.16656775167682583
0.0,1.997472142156731e-05,0.01898956420198515,-0.01898956420198515,-5.764895142555962e-06
0.0,-0.0048955765157830955,0.017570889225134206,-0.017570889225134206,0.0014129100817083906
0.0,-9.693591923765066e-05,0.018955822675871967,-0.018955822675871967,2.797663097063014e-05
0.0,-0.008416371322106486,0.01655475425891662,-0.01655475425891662,0.0024290450479259756
0.0,0.006158571742003405,0.02076122185863967,-0.02076122185863967,-0.0017774225517970734
-0.0357142420224168,-0.002428916406865711,0.01828279086221439,-0.05399703288463119,-0.03501323357778859
0.0,-0.005316352490240539,0.01744944926509377,-0.01744944926509377,0.001534350041748826
-0.6222222343964469,0.005047606675254723,0.020440586742801026,-0.6426628211392479,-0.6236790218324053
0.0,-0.012258373372913245,0.015445915817922332,-0.015445915817922332,0.003537883488920265
0.0,-0.017903202985502964,0.013816764145296844,-0.013816764145296844,0.005167035161545751
0.0,0.00797191259701524,0.021284569326983773,-0.021284569326983773,-0.002300770020141178
0.0,0.014216897585460186,0.023086931566005994,-0.023086931566005994,-0.004103132259163399
0.0,-0.004478294673592398,0.01769132074527168,-0.01769132074527168,0.0012924785615709145
1.450980414605238,-0.015560819201407838,0.014492798449552601,1.4364876161556854,1.4554714154625281
0.0,0.0091044925499415,0.021611442705159203,-0.021611442705159203,-0.002627643398316609
0.0,0.006415695380997066,0.02083543019357396,-0.02083543019357396,-0.0018516308867313669
-0.5359999987543846,0.010938977513132997,0.022140892564819114,-0.5581408913192037,-0.5391570920123612
-0.2586207023834811,-0.0013871187334510982,0.018583463608544123,-0.27720416599202524,-0.25822036668518267
0.0,0.009955676641137279,0.021857102553384033,-0.021857102553384033,-0.0028733032465414377
1.9069767862904086,-0.0019995427986508885,0.018406712181370646,1.8885700741090379,1.9075538734158806
0.0,0.0027628315736780706,0.01978117885385343,-0.01978117885385343,-0.0007973795470108345
0.0,-0.003919344949506964,0.017852638967504,-0.017852638967504,0.001131160339338593
0.0,0.006871616056117524,0.02096701324947355,-0.02096701324947355,-0.0019832139426309535
-0.13600002989477045,-0.003568666378412577,0.01795384814826973,-0.15395387804304017,-0.1349700787361976
0.0,0.0028471487971184484,0.019805513608846328,-0.019805513608846328,-0.0008217143020037329
0.0,0.0019204463587332299,0.01953805844524773,-0.01953805844524773,-0.0005542591384051346
0.0,0.004072700506109195,0.020159219522686178,-0.020159219522686178,-0.0011754202158435838
0.0,0.005581337868471481,0.020594626656463284,-0.020594626656463284,-0.0016108273496206896
0.0,-0.0008324053147991117,0.018743559192617932,-0.018743559192617932,0.0002402401142246636
0.0,0.00325337015914573,0.019922752968901933,-0.019922752968901933,-0.0009389536620593381
-0.11111106305495844,-0.0030228605633046968,0.018111372912990448,-0.12922243596794888,-0.11023863666110628
0.0,0.009662312168146059,0.021772434768054145,-0.021772434768054145,-0.0027886354612115497
0.0,0.003704089049704651,0.02005283474015687,-0.02005283474015687,-0.0010690354333142715
0.0,-0.001185699214361291,0.018641595203108593,-0.018641595203108593,0.00034220410373400276
0.0,0.0007024972279667807,0.01918654670800495,-0.01918654670800495,-0.00020274740116235144
0.0,0.0027300951851503275,0.01977173081984958,-0.01977173081984958,-0.0007879315130069839
0.0,0.0025606760900243053,0.019722834852895384,-0.019722834852895384,-0.0007390355460527876
0.0,-0.0019624672514313435,0.018417412537964493,-0.018417412537964493,0.0005663867688781012
0.0,0.0015646460846321375,0.019435371092137974,-0.019435371092137974,-0.0004515717852953796
0.12499993917893515,0.0007115345908383919,0.019189154977137742,0.1058107842017974,0.12479458350864
-0.046296240230784824,0.0008370427393644686,0.019225377826033545,-0.06552161805681837,-0.04653781874997577
0.0,0.007695488006902673,0.021204790553443417,-0.021204790553443417,-0.00222099124660082
-0.18446604216589546,0.0005031528617669423,0.019129014022359555,-0.20359505618825502,-0.18461125688141242
0.0,-0.0005925944462060739,0.018812770896866855,-0.018812770896866855,0.00017102840997574128
0.0,-0.003756184245747196,0.017899728703010657,-0.017899728703010657,0.001084070603831939
0.0,-0.0015827522106851566,0.018527001920852687,-0.018527001920852687,0.00045679738598990816
0.0,0.0021749356911917594,0.019611506494187147,-0.019611506494187147,-0.000627707187344551
0.0,0.007507291353015866,0.021150475203910384,-0.021150475203910384,-0.0021666758970677893
0.0,0.0021955703874654287,0.019617461864367566,-0.019617461864367566,-0.0006336625575249707
0.0,0.004174424362754614,0.020188577998065168,-0.020188577998065168,-0.0012047786912225721
0.0,-0.004011219709926239,0.01782612303524711,-0.01782612303524711,0.001157676271595485
0.0,-0.008631020716408422,0.016492804396165208,-0.016492804396165208,0.002490994910677389
0.0,-0.00663809511563529,0.017067981735207714,-0.017067981735207714,0.0019158175716348818
0.0,0.00632356747139462,0.020808841200048,-0.020808841200048,-0.0018250418932054034
0.0,0.0015002511791302187,0.019416786108142528,-0.019416786108142528,-0.0004329868012999316
0.0,0.009135724328457329,0.021620456494361034,-0.021620456494361034,-0.002636657187518439
0.0,-0.00316282139344648,0.01807097888231519,-0.01807097888231519,0.0009128204245274034
0.0,-0.0010969340964486207,0.01866721366287498,-0.01866721366287498,0.00031658564396761825
0.0,0.002908158040315856,0.01982312145840462,-0.01982312145840462,-0.0008393221515620249
0.0,0.008575225775086182,0.021458691265222464,-0.021458691265222464,-0.0024748919583798676
0.0,7.258178414493166e-05,0.019004747102109636,-0.019004747102109636,-2.0947795267040583e-05
0.2142857076657343,0.007147785279833618,0.02104671832183593,0.19323898934389835,0.21222278865074096
0.0,0.00033529222633799094,0.01908056784174019,-0.01908056784174019,-9.676853489759417e-05
0.0,-0.00043230017186479675,0.018859033353500258,-0.018859033353500258,0.00012476595334233838
0.0,0.004459292004863613,0.02027079351695057,-0.02027079351695057,-0.0012869942101079756
0.0,0.004944781081796634,0.020410910295668355,-0.020410910295668355,-0.0014271109888257607
0.0,0.0008661436002121992,0.019233776612069386,-0.019233776612069386,-0.00024997730522679037
0.0,-0.00019544819997963092,0.01892739109193416,-0.01892739109193416,5.640821490843457e-05
0.0,0.005128166675301138,0.020463837127282006,-0.020463837127282006,-0.0014800378204394104
0.0,3.398471712534601e-05,0.01899360762038761,-0.01899360762038761,-9.808313545014283e-06
-0.17647058374561908,-0.005780822450430323,0.017315398803970934,-0.19378598254959,-0.17480218324274743
-0.03571431550419579,0.0029460216619106028,0.01983404926078065,-0.055548364764976446,-0.03656456545813385
0.4197530970988981,0.008378802677341701,0.021402001685519475,0.3983510954133786,0.4173348947202212
0.0,-0.007059870562045378,0.01694625331802771,-0.01694625331802771,0.002037545988814885
0.0,0.0035333728907271933,0.02000356442820236,-0.02000356442820236,-0.0010197651213597664
0.0,-0.0028032386528962228,0.018174757891323393,-0.018174757891323393,0.0008090414155192024
0.08695655117238821,0.004902451368978156,0.020398693536762796,0.06655785763562541,0.08554165694246801
0.0,0.006655262605488987,0.020904571579811165,-0.020904571579811165,-0.0019207722729685684
0.0,-0.002855178689662563,0.018159767501252914,-0.018159767501252914,0.0008240318055896818
0.0,0.006976215252569862,0.020997201575348887,-0.020997201575348887,-0.0020134022685062898
-0.040000012456154366,-0.001514532772802224,0.01854669070137578,-0.05854670315753015,-0.03956290385068755
0.0,0.0018701968845122874,0.01952355596765425,-0.01952355596765425,-0.0005397566608116536
0.0,0.00836655302646827,0.021398466319427108,-0.021398466319427108,-0.002414667012584513
0.0,0.003862162248501333,0.020098456173201103,-0.020098456173201103,-0.0011146568663585063
0.041666680182459226,-0.0026519776473655776,0.01821841326040905,0.023448266922050175,0.04243206622889277
0.0,0.0002890760711180551,0.019067229418484516,-0.019067229418484516,-8.34301116419213e-05
0.0,0.0011409766124783616,0.019313096041061097,-0.019313096041061097,-0.00032929673421850167
0.0,-0.009042160974207403,0.016374145395868192,-0.016374145395868192,0.002609653910974404
0.0,-0.015730711659182384,0.014443765865622602,-0.014443765865622602,0.0045400334412199934
0.0,0.010053584595046017,0.021885359722833047,-0.021885359722833047,-0.0029015604159904514
0.0,-0.0008668741908683941,0.01873361114618327,-0.01873361114618327,0.0002501881606593246
0.0,0.003134358792605374,0.01988840515326048,-0.01988840515326048,-0.0009046058464178817
0.0,-0.01770582037552626,0.01387373064938291,-0.01387373064938291,0.005110068657459687
0.0,0.007254613892351713,0.0210775500784544,-0.0210775500784544,-0.002093750771611804
0.0,0.014980414164082134,0.023307289733835362,-0.023307289733835362,-0.004323490426992767
0.0,0.01125059589785371,0.0222308286031995,-0.0222308286031995,-0.003247029296356904
0.0,0.003325672876785646,0.019943620222913593,-0.019943620222913593,-0.0009598209160709959
0.0,-0.005400853672730133,0.017425061417764467,-0.017425061417764467,0.0015587378890781268
0.0,0.007326397804890528,0.02109826760036496,-0.02109826760036496,-0.0021144682935223653
0.0,0.0016884725532351208,0.019471108592166306,-0.019471108592166306,-0.0004873092853237122
0.0,0.006462646466197652,0.0208489807246326,-0.0208489807246326,-0.001865181417790005
0.0,-0.0016304457368023773,0.018513237114263312,-0.018513237114263312,0.00047056219257928374
0.0,0.0018435333204338544,0.019515860608715574,-0.019515860608715574,-0.0005320613018729793
-0.01599999252630735,-0.002919942636890105,0.018141076008295134,-0.034141068534602484,-0.01515726922775989
0.0,0.004705785881164548,0.02034193400097368,-0.02034193400097368,-0.001358134694131084
0.0,-0.00381551976362815,0.01788260390654448,-0.01788260390654448,0.0011011954002981173
0.0,-0.01051810302712286,0.01594817444028033,-0.01594817444028033,0.0030356248665622675
0.0,-0.03351362667122315,0.009311446960653594,-0.009311446960653594,0.009672352346189001
0.0,-0.030279995565056117,0.010244703743731048,-0.010244703743731048,0.008739095563111548
0.05691057373692043,-0.0037785406053220116,0.017893276444378457,0.039017297292541976,0.05800109659938457
0.0,-0.04416324258407911,0.006237866220757962,-0.006237866220757962,0.012745933086084633
0.07692304007054984,-0.008238340444361891,0.016606135668482944,0.0603169044020669,0.07930070370890949
0.0,0.046039229006110016,0.03227115996949357,-0.03227115996949357,-0.013287360662650972
0.007142826161350202,-0.028107896121075893,0.010871592363075186,-0.0037287662017249836,0.015255033105117612
0.0070922784648539405,0.04220259077449118,0.031163869577882766,-0.024071591113028826,-0.005087791806186228
0.0,-0.033922077046888544,0.00919356428599931,-0.00919356428599931,0.009790235020843285
0.05633800037061443,-0.01705385200037013,0.014061894941625777,0.04227610542898865,0.06125990473583125
0.26000000830410297,-0.07596969747745097,-0.002941780065509863,0.26294178836961285,0.2819255876764554
-0.2063492115798078,0.04939630628156144,0.033240044494588304,-0.2395892560743961,-0.2206054567675535
0.0,-0.048868445131273974,0.0048798998823749926,-0.0048798998823749926,0.014103899424467603
0.0,-0.09511268097833658,-0.008466627710149766,0.008466627710149766,0.027450427016992362
0.16666666666666674,0.09287124972971839,0.04578732788431128,0.12087933878235546,0.13986313808919806
0.0,-0.11984055240393443,-0.015603327284505683,0.015603327284505683,0.03458712659134828
0.0,0.05995484974402432,0.0362873408565539,-0.0362873408565539,-0.017303541549711303
0.0,-0.051830762729157875,0.0040249467658669495,-0.0040249467658669495,0.014958852540975646
0.0,0.0047078080405855705,0.020342517615472108,-0.020342517615472108,-0.001358718308629514
0.2571428927318693,-0.04335951230846191,0.006469830445141482,0.2506730622867278,0.2696568615935704
0.0,-0.02929386782180443,0.010529309617176328,-0.010529309617176328,0.008454489689666268
0.0,0.09382773976227554,0.04606338003173388,-0.04606338003173388,-0.02707958072489128
0.0,0.011535011448221999,0.022312913644096,-0.022312913644096,-0.0033291143372534034
0.24999996461319918,0.062414163303876835,0.03699712220949471,0.21300284240370448,0.23198664171054706
0.07272729537482614,-0.033687352562252526,0.009261308011318858,0.06346598736350728,0.08244978667034988
0.0,0.03351600948370015,0.028656839355442276,-0.028656839355442276,-0.00967304004859968
0.0,-0.016012721914555605,0.01436237501580596,-0.01436237501580596,0.004621424291036636
0.0,-0.04414243033166543,0.00624387283533411,-0.00624387283533411,0.012739926471508485
0.0,0.02282934723487151,0.025572566689597287,-0.025572566689597287,-0.006588767382754693
0.0,-0.015137125124949469,0.014615080601666488,-0.014615080601666488,0.004368718705176107
0.0,0.07033131865275055,0.03928208876548894,-0.03928208876548894,-0.02029828945864635
0.0,-0.0016030527844311804,0.018521142981620966,-0.018521142981620966,0.0004626563252216308
-0.03389836770545718,0.03405645287963033,0.028812816474835808,-0.06271118418029298,-0.04372738487345039
0.0,0.014487410153376512,0.023165004073545315,-0.023165004073545315,-0.00418120476670272
0.052631624953480616,-0.010104660822607414,0.01606749780435815,0.036564127149122466,0.05554792645596506
0.33333333333333326,0.030572589146256046,0.027807340168559472,0.3055259931647738,0.3245097924716164
-0.8571428571428572,-0.022030438529415775,0.012625604597329525,-0.8697684617401867,-0.8507846624333442
0.0,0.005816689462164515,0.020662551371438725,-0.020662551371438725,-0.0016787520645961298
0.0,0.026793594848223412,0.02671668636605124,-0.02671668636605124,-0.007732887059208647
0.0,-0.01788104803401469,0.013823158275634021,-0.013823158275634021,0.0051606410312085745
5.0,-0.030674795694063395,0.010130760660472972,4.989869239339527,5.00885303864637
0.0,0.022930247703843776,0.02560168752743945,-0.02560168752743945,-0.006617888220596856
0.0,-0.0005394221197431159,0.01882811693749868,-0.01882811693749868,0.00015568236934391884
0.0,0.013918057304545428,0.023000683410275252,-0.023000683410275252,-0.004016884103432656
0.0,0.014714069804799612,0.023230420211068595,-0.023230420211068595,-0.004246620904226
0.0,-0.005242380698498916,0.017470798229812595,-0.017470798229812595,0.001513001077029999
0.0,0.026583916282167053,0.026656171131748587,-0.026656171131748587,-0.0076723718249059915
0.0,-0.009212446303987654,0.016324999425329712,-0.016324999425329712,0.0026587998815128847
-0.08333333333333337,-0.028059034078492195,0.010885694414663348,-0.09421902774799672,-0.07523522844115413
-0.31818181818181823,0.004249827591976452,0.02021034008929537,-0.3383921582711136,-0.319408358964271
0.0,0.009040556385797371,0.02159299011829558,-0.02159299011829558,-0.002609190811452986
0.0,-0.006979410390386298,0.016969474891083833,-0.016969474891083833,0.002014324415758761
0.0,0.011504630788313985,0.022304145495843267,-0.022304145495843267,-0.0033203461890006698
0.0,0.016871538638701944,0.02385308629678182,-0.02385308629678182,-0.004869286989939226
0.0,0.00013307822091168653,0.019022206950840344,-0.019022206950840344,-3.840764399774914e-05
0.0,-0.020500317528877154,0.013067212114018276,-0.013067212114018276,0.00591658719282432
0.0,-0.01746272460422804,0.013943890407887467,-0.013943890407887467,0.005039908898955128
0.0,0.01152482269503552,0.022309973072735138,-0.022309973072735138,-0.003326173765892542
0.0,0.0039263632504382695,0.020116985194778038,-0.020116985194778038,-0.0011331858879354405
0.0,0.03150119163168075,0.02807534370385835,-0.02807534370385835,-0.009091544397015755
0.0,-0.010484399194493177,0.015957901687880516,-0.015957901687880516,0.0030258976189620787
0.0,0.01665110025908012,0.023789465677645547,-0.023789465677645547,-0.004805666370802949
0.0,-0.007773596407737116,0.01674026523067935,-0.01674026523067935,0.002243534076163244
0.0,0.002353711326488428,0.019663102847887297,-0.019663102847887297,-0.0006793035410446995
0.19999999999999996,0.012289184036080147,0.02253057504705794,0.17746942495294202,0.19645322425978462
0.0,0.014827297215913804,0.023263098722000497,-0.023263098722000497,-0.004279299415157903
0.0,-0.0021079145460738413,0.018375435061298556,-0.018375435061298556,0.0006083642455440386
0.0,0.004812335824971425,0.020372685331143853,-0.020372685331143853,-0.0013888860243012587
0.0,0.003751234813537785,0.02006644145732591,-0.02006644145732591,-0.0010826421504833161
0.0,0.008210832780053412,0.02135352397088525,-0.02135352397088525,-0.002369724664042653
0.0,0.013648979133831007,0.022923024883451215,-0.022923024883451215,-0.00393922557660862
-0.05555555555555558,-0.0033687022311144066,0.01801155970865224,-0.07356711526420782,-0.05458331595736522
0.0,0.026211650818398713,0.026548731767838247,-0.026548731767838247,-0.007564932460995651
0.05882352941176472,0.012041579421169235,0.02245911399327658,0.036364415418488144,0.05534821472533073
0.0,-0.007799170822611612,0.016732884210590406,-0.016732884210590406,0.0022509150962521903
0.0,-0.0053130910724373814,0.017450390541382657,-0.017450390541382657,0.0015334087654599378
0.0,-0.05894405927443824,0.001971981528656186,-0.001971981528656186,0.01701181777818641
0.0,0.013060843963234703,0.022753283462953803,-0.022753283462953803,-0.0037694841561112065
0.0,0.008312217041285264,0.021382784435788456,-0.021382784435788456,-0.002398985128945861
0.0,0.01896239819380252,0.0244565283092422,-0.0244565283092422,-0.005472729002399606
0.0,-0.0036002995561740248,0.01794471851141664,-0.01794471851141664,0.0010390807954259549
0.0,0.0005942198825281686,0.019155296833246047,-0.019155296833246047,-0.00017149752640345075
0.0,-0.005649494809462974,0.017353301213897842,-0.017353301213897842,0.0016304980929447536
0.0,0.006495095537691675,0.020858345836199783,-0.020858345836199783,-0.001874546529357186
-0.2777777777777778,0.004307419569164139,0.02022696168328571,-0.2980047394610635,-0.2790209401542209
0.0,-0.025855145939064572,0.011521757554748237,-0.011521757554748237,0.007462041752094359
0.0,0.010959447267809841,0.022146800331281302,-0.022146800331281302,-0.0031630010244387053
0.0,-0.024226905044785974,0.011991683408743008,-0.011991683408743008,0.006992115898099588
0.0,0.014685678433118632,0.023222226190374146,-0.023222226190374146,-0.004238426883531551
0.0,0.015409875731554612,0.02343123643887243,-0.02343123643887243,-0.004447437132029833
0.0,0.005022132820864389,0.020433234745427065,-0.020433234745427065,-0.0014494354385844682
-0.17307692307692313,0.004541250844364075,0.020294447619841616,-0.19337137069676474,-0.17438757138992214
-0.0018604570052948022,0.01588172586745884,0.023567416889106473,-0.025427873894401275,-0.00644407458755868
-0.008387661407250002,-0.010818532028197159,0.015861467764756627,-0.02424912917200663,-0.005265329865164033
-0.013157939215403647,0.007827461915415501,0.02124287948234874,-0.03440081869775238,-0.015417019390909791
0.0019047536006591148,-0.005643606159361103,0.017355000734489496,-0.015450247133830381,0.0035335521730122154
-0.001901132411852191,0.01046620127324438,0.022004444832141003,-0.023905577243993194,-0.004921777937150599
0.004761884001647454,-0.009362541127788226,0.01628168062741564,-0.011519796625768186,0.007464002681074409
0.0002844106104062938,0.013406370782667931,0.022853005799047196,-0.022568595188640902,-0.003584795881798306
0.004453638656451542,0.009082050740923053,0.021604965785002466,-0.017151327128550924,0.0018324721782916726
-0.004716960761672717,-0.0034061012455366413,0.018000765996338118,-0.022717726758010835,-0.0037339274511682405
0.0,0.002848612194617406,0.01980593595932398,-0.01980593595932398,-0.000822136652481385
0.02369668295407279,0.0084069387471426,0.02141012202365599,0.002286560930416799,0.021270360237259395
-0.027777758154849064,0.0016790373419135474,0.01946838550017575,-0.047246143655024816,-0.028262344348182217
0.0,0.005747082068739751,0.02064246201370645,-0.02064246201370645,-0.0016586627068638545
-0.09523809523809523,-0.012319859824193036,0.015428170241559342,-0.11066626547965458,-0.09168246617281198
0.05368420593720624,-0.006190400054688405,0.017197190800392087,0.036487015136814155,0.05547081444365675
0.008990969832478823,0.007395138795039502,0.02111810690584716,-0.012127137073368335,0.0068566622334742585
-0.10891085262534272,-0.006473392152297919,0.01711551658154019,-0.12602636920688293,-0.10704256990004031
-0.037777794731987835,0.01242838167815008,0.022570748814375555,-0.06034854354636339,-0.041364744239520794
-0.02101613795687407,-0.003750251937389204,0.017901440823791484,-0.038917578780665554,-0.01993377947382296
0.020287779328899802,0.007670504990141325,0.02119758021649131,-0.0009098008875915095,0.018073998419251086
-0.05052020060204809,0.00718102343932614,0.02105631117172664,-0.07157651177377473,-0.05259271246693214
0.03494457969755138,0.0036119303819721615,0.020026236869541168,0.014918342828010214,0.033902142134852806
0.054470607212611544,0.006429743053199433,0.020839484485773312,0.03363112272683823,0.05261492203368083
0.06727653019116908,0.00642769555966427,0.020838893559607878,0.046437636631561204,0.0654214359384038
-0.061258586942936066,0.0006330295486443038,0.019166497673095334,-0.0804250846160314,-0.061441285309188805
-0.041202674633149416,0.002742218294476073,0.019775229664844195,-0.060977904297993615,-0.04199410499115101
0.06271781259804543,-0.007969132154236114,0.016683831749010315,0.046033980849035115,0.06501778015587771
0.0010928913581418342,0.013996549490237653,0.023023337003808583,-0.02193044564566675,-0.0029466463388241526
0.0060042808849765095,-0.002047174350497949,0.018392965261146817,-0.012388684376170307,0.00659511493067229
-0.029842578161822675,-0.00017188262276812694,0.018934192342311123,-0.0487767705041338,-0.029792971197291202
-0.08724836592223384,0.0027098425110787527,0.01976588570492082,-0.10701425162715467,-0.08803045232031206
-0.02941177059858091,0.002303389154016955,0.019648579388885236,-0.04906034998746615,-0.03007655068062355
0.12803029849525194,-0.0044043954214108005,0.017712648774381525,0.11031764972087041,0.129301449027713
0.05540631699685017,0.0031586327691348615,0.01989541085443808,0.03551090614241209,0.054494705449254686
0.00010611312144237495,0.0034411070444764214,0.019976935624843904,-0.01987082250340153,-0.0008870231965589336
-0.03499471744484528,0.010043718303008653,0.0218825122168358,-0.05687722966168108,-0.037893430354838484
-0.010989022834466122,0.0035963511532906,0.020021740555532297,-0.03101076338999842,-0.012026964083155824
0.004444425068204305,0.010195626139483993,0.021926354267502265,-0.01748192919929796,0.0015018701075446353
0.001769903822365304,0.0016730440109038458,0.019466655767675537,-0.017696751945310233,0.001287047361532363
0.02418293794280757,0.00673256535528588,0.020926881890798988,0.0032560560520085817,0.022239855358851177
-0.011213006104690448,-0.0021949627140287475,0.018350312129668093,-0.02956331823435854,-0.010579518927515944
-0.01864570964946044,0.007525003016613407,0.021155586958977457,-0.0398012966084379,-0.0208174973015953
0.0,0.015365910154807594,0.023418547554032467,-0.023418547554032467,-0.004434748247189872
-0.011111123221261177,-0.03512584371534122,0.008846145742667802,-0.01995726896392898,-0.0009734696570863829
0.12359551937777447,-0.008133027264274895,0.016636530056845983,0.10695898932092848,0.12594278862777109
-0.009999956403459853,-0.027756342102360998,0.01097305420637515,-0.020973010609835002,-0.0019892113029924084
-0.07535353379667498,0.02014498633677464,0.024797834528096557,-0.10015136832477153,-0.08116756901792893
-0.008083921669108318,-0.01758479659017942,0.013908659268288524,-0.021992580937396842,-0.0030087816305542463
0.04790751916066105,0.0005330721905940639,0.01913764902606167,0.02876987013459938,0.04775366944144197
0.0,0.012741829089357504,0.022661212727247217,-0.022661212727247217,-0.0036774134204046226
-0.006621152614114112,0.005219359577689042,0.020490156268806754,-0.027111308882920866,-0.008127509576078268
0.0,-0.004618946596211537,0.017650727258715082,-0.017650727258715082,0.001333072048127515
-0.00021159450237129285,-0.008412365876402483,0.01655591026875503,-0.01676750477112632,0.0022162945357162753
-0.005290982102005959,-0.011182581807410497,0.015756399525778862,-0.02104738162778482,-0.0020635823209422238
-0.04255323589507054,-0.011571097930805796,0.01564427006648398,-0.05819750596155452,-0.039213706654711925
0.0,0.010517945160813724,0.02201937861168215,-0.02201937861168215,-0.003035579304839553
0.0,-0.023721455093028143,0.012137561086343441,-0.012137561086343441,0.006846238220499155
0.038888840448288775,0.0029874591429570607,0.019846008513085742,0.019042831935203033,0.038026631242045625
-0.0627807110246329,0.0159767237756141,0.023594834191591897,-0.08637554521622479,-0.0673917459093822
0.02704553899444484,0.016110590199083896,0.02363346931836664,0.0034120696760782006,0.022395868982920796
-0.002666655040922672,-0.0048126645432444715,0.01759481841131207,-0.02026147345223474,-0.001277674145392145
-0.02072195597701465,0.008253718228220741,0.021365901120313686,-0.04208785709732833,-0.02310405779048574
-0.10807732558283711,0.005292907769290922,0.020511382978484496,-0.1285887085613216,-0.10960490925447902
0.0012755046184735885,-0.009577652178616392,0.016219597526186985,-0.014944092907713397,0.004039706399129201
-0.014012746989495839,0.01797270867614209,0.024170894473726535,-0.038183641463222374,-0.01919984215637978
0.0489664057398731,-0.013973515692226712,0.014950909383703609,0.03401549635616949,0.052999295663012085
-0.04544894999003246,0.01739675486921799,0.024004668710983817,-0.06945361870101628,-0.050469819394173686
0.032258064516129004,0.008010123642494982,0.021295597399207115,0.010962467116921889,0.029946266423764484
-0.04999998637608116,0.00879353312061526,0.021521696847591486,-0.07152168322367265,-0.05253788391683006
0.012894752145426569,0.01641581296364758,0.023721559519761428,-0.010826807374334859,0.008156991932507737
0.026240537588705815,-0.006306918994084421,0.01716356232299993,0.009076975265705885,0.02806077457254848
-0.01518987638656144,-0.006623141753502759,0.01707229741816035,-0.032262173804721794,-0.013278374497879195
0.0025706829232825523,-0.0015277553060997207,0.01854287455213544,-0.015972191628852887,0.00301160767798971
0.02564105430410346,0.00013491955745537076,0.019022738378131492,0.006618315925971969,0.025602115232814564
0.04999998637608116,-0.016329861778318078,0.01427084542590434,0.03572914095017682,0.054712940257019414
-0.04369048090941863,0.004727334073110212,0.02034815301471894,-0.06403863392413757,-0.04505483461729497
0.01643221359971392,-0.0021956999281005363,0.018350099362654637,-0.0019178857629407187,0.017065913543901877
0.0,0.005218925396392127,0.020490030959942777,-0.020490030959942777,-0.0015062316531001805
0.009185574964426069,0.003445761353703114,0.019978278902884516,-0.010792703938458447,0.008191095368384149
0.0,-0.018589516294535646,0.01361868757751843,-0.01361868757751843,0.005365111729324166
0.00655336945303131,-0.0030256189119989285,0.018110576827245206,-0.011557207374213896,0.007426591932628699
0.0008439799426476213,-0.035287878760604796,0.008799380882940884,-0.007955400940293263,0.011028398366549333
0.12155161881570731,0.011947330894238384,0.022431912969360916,0.09911970584634638,0.11810350515318899
-0.07626204612008347,-0.012129550130175693,0.015483095434630485,-0.09174514155471396,-0.07276134224787136
0.05104647853703703,0.01231820260127181,0.022538950081782416,0.028507528455254616,0.04749132776209721
-0.005531561340614166,0.01779929009643455,0.024120844217370745,-0.02965240555798491,-0.010668606251142316
-0.00433861717270323,0.02204704770168342,0.025346787581908187,-0.029685404754611417,-0.010701605447768821
-0.0424580970890055,0.01946019413896294,0.024600196967526508,-0.067058294056532,-0.04807449474968941
-0.012252051838421374,-0.00028771518741854685,0.01890076195921792,-0.031152813797639293,-0.012169014490796697
0.0029533243423518485,0.01169988923568721,0.022360498946339426,-0.019407174603987578,-0.00042337529714498367
-0.008245022311132666,-0.0013997945931910616,0.018579805234507238,-0.026824827545639904,-0.00784102823879731
0.0,0.007651855318760337,0.021192197743430216,-0.021192197743430216,-0.002208398436587619
-0.1508313470781094,-0.009978532303877019,0.016103899698012673,-0.1669352467761221,-0.1479514474692795
-0.09230767237382476,0.013610335409063534,0.02291187193585808,-0.11521954430968284,-0.09623574500284024
0.009244951928768952,0.011648051240012336,0.022345538006301322,-0.01310058607753237,0.005883213229310225
-0.0213740365289099,-0.004791925698091615,0.017600803839852505,-0.038974840368762406,-0.01999104106191981
0.06084242494368275,-0.011563829610944043,0.0156463677729291,0.045196057170753645,0.06417985647759625
-0.03970587080325183,0.003946442467421596,0.020122780248336507,-0.05982865105158834,-0.04084485174474574
-0.0658498880293279,-0.006792562915180156,0.017023400854779713,-0.08287328888410761,-0.06388948957726502
0.004918011258091548,0.005635930617216234,0.020610382644515143,-0.015692371386423595,0.0032914279204190005
0.0,0.016161668273416252,0.02364821093785635,-0.02364821093785635,-0.004664411631013754
-0.03752040587454486,-0.001584418237524976,0.018526521089614365,-0.05604692696415922,-0.03706312765731663
0.01864407922489053,0.002396979198154181,0.019675590368385343,-0.001031511143494812,0.017952288163347783
0.031614020458819114,-0.004595548640170977,0.017657480132023156,0.013956540326795958,0.03294033963363855
0.017741857511393455,0.011271187194776155,0.022236771447913167,-0.004494913936519712,0.014488885370322883
0.009191805784660056,0.0017911667548251575,0.019500747118352504,-0.010308941333692447,0.00867485797315015
-0.051507569618695404,-0.000624157213091503,0.018803661581264237,-0.07031123119995963,-0.051327431893117045
0.06125828352332241,0.008836275129611826,0.021534032599106967,0.03972425092421544,0.05870805023105804
-0.009360333829802281,-0.0019356376714373402,0.01842515581068004,-0.02778548964048232,-0.008801690333639724
0.022047233417674228,0.002787148065356293,0.019788196825308513,0.0022590365923657145,0.02124283589920831
-0.026194114433527926,-0.007949201604598555,0.01668958389575465,-0.04288369832928257,-0.02389989902243998
0.020569616023659476,-0.0012851080682624305,0.01861290485960458,0.0019567111640548945,0.02094051047089749
-0.06666671172768857,-0.0012649972997506032,0.01861870901923515,-0.08528542074692372,-0.06630162144008112
-0.06312292088133087,-0.004359258971957769,0.01772567558425348,-0.08084859646558434,-0.061864797158741755
0.0992908315373433,0.012921249154708825,0.022712995069608402,0.0765778364677349,0.09556163577457749
0.030645114506836046,0.0017727951669590514,0.019495444902846458,0.011149669603989588,0.030133468910832184
-0.015649469485875533,0.005757654753379748,0.020645513391347146,-0.03629498287722268,-0.017311183570380084
0.08108107639791373,-0.0035111185091528663,0.017970457012291313,0.06311061938562242,0.08209441869246502
0.029411797704994802,-0.0039062790518439305,0.017856409910206084,0.011555387794788718,0.030539187101631313
0.028571459711814517,-0.002073092860288006,0.01838548493198289,0.010185974779831627,0.029169774086674222
-0.015277786397849602,0.000745811250824957,0.01919904754817737,-0.03447683394602697,-0.015493034639184375
0.004231293168510009,0.0035365890047962534,0.020004492629401432,-0.015773199460891424,0.00321059984595117
0.10674156658380318,0.008722529021144565,0.02150120438717108,0.0852403621966321,0.1042241615034747
0.021573579224090755,-0.00222738052560012,0.018340956040012776,0.003232623184077979,0.022216422490920575
-0.024844680551758924,0.0013415471654707467,0.019370982615911504,-0.04421566316767043,-0.025231863860827833
-0.00636946831590246,0.006438845522919845,0.02084211154536373,-0.02721157986126619,-0.008227780554423594
-0.04871794728479484,-0.014754827521051062,0.014725415336915666,-0.0634433626217105,-0.04445956331486791
0.028301911042931893,0.007082595157549276,0.021027903830691443,0.00727400721224045,0.026257806519083045
0.08387941499785256,0.005709842747752214,0.02063171439044091,0.06324770060741165,0.08223149991425426
-0.0616686773616133,0.014847403800101189,0.023268901673995118,-0.08493757903560842,-0.06595377972876582
0.006314405496422593,0.005491862685268911,0.020568803265080874,-0.014254397768658281,0.004729401538184316
-0.045972536384011886,-0.006554750898592476,0.0170920356712727,-0.06306457205528458,-0.044080772748441986
-0.06979871712063879,0.0004157884466327033,0.019103799818776426,-0.08890251693941521,-0.06991871763257262
-0.007214976009713325,0.0022756417379066196,0.019640571219911213,-0.02685554722962454,-0.007871747922781943
0.0,-0.0037534511943366766,0.017900517487718506,-0.017900517487718506,0.0010832818191240908
-0.11337207437233932,-0.007190027975370938,0.016908688646961108,-0.13028076301930042,-0.11129696371245783
-0.01639346019747623,0.008136379515524483,0.021332036048527202,-0.03772549624600343,-0.018741696939160835
0.044999985467820025,0.013935625421946263,0.023005753736540655,0.02199423173127937,0.04097803103812196
-0.0669856155751597,0.0003167233075522802,0.019075208674648392,-0.08606082424980808,-0.0670770249429655
-0.058119683120230414,-0.0030106116552376383,0.01811490806470181,-0.07623459118493223,-0.057250791878089624
-0.08892922821661464,0.0036158389430824833,0.02002736491756165,-0.1089565931341763,-0.0899727938273337
0.16334666414814136,-0.0014888337468982327,0.018554107685396514,0.14479255646274486,0.16377635576958743
-0.1472602813227183,-0.025677883699462,0.01157291712801468,-0.15883319845073296,-0.13984939914389038
-0.01606429614131233,0.009760625975629766,0.02180080907071636,-0.03786510521202869,-0.018881305905186094
-0.006122422424014395,-0.019311475173124593,0.01341032335834045,-0.019532745782354845,-0.0005489464755122483
-0.004106758258192844,0.016051767614439383,0.023616492559325405,-0.02772325081751825,-0.008739451510675653
-0.1072165306390972,0.013898223484416938,0.022994959180589945,-0.13021148981968714,-0.11122769051284455
0.01616627448867991,0.0010087690809532646,0.019274939686325886,-0.003108665197645976,0.01587513410919662
-0.011363587103598194,0.010853322230420792,0.022116171633156524,-0.03347975873675472,-0.014495959429912122
0.03448273270122537,0.003897495164625342,0.020108653589837697,0.014374079111387675,0.03335787841823027
-0.06666667877681676,0.007399348360373592,0.021119321826557923,-0.08778600060337469,-0.06880220129653208
0.07619046939396346,-0.0011135249921484514,0.01866242537211427,0.05752804402184919,0.07651184332869178
-0.048672535963529495,-0.00034518493235935477,0.01888417564262001,-0.06755671160614951,-0.04857291229930691
-0.030232552687020076,0.0016624551635393559,0.019463599725318376,-0.04969615241233845,-0.030712353105495856
0.07913667090369447,0.0047110331133788375,0.020343448402244446,0.058793222501450026,0.07777702180829263
0.011111123221261066,-0.0005692724183511411,0.018819501856576274,-0.0077083786353152085,0.011275420671527387
-0.028571423438398025,-0.0003204020092266724,0.01889132823064217,-0.047462751669040196,-0.0284789523621976
-0.04524885566789838,-0.004415835627354592,0.017709347021817208,-0.06295820268971558,-0.04397440338287299
-0.021327049715292423,-0.0018548966445751658,0.018448458441226875,-0.0397755081565193,-0.020791708849676703
-0.029055695504027645,-0.0077328394581538396,0.016752028075112533,-0.045807723579140175,-0.026823924272297583
0.05985038558748368,0.0012563181187927874,0.019346384700034292,0.04050400088744939,0.059487800194291986
0.009411787786403725,0.01135161376597904,0.022259983323557116,-0.012848195537153391,0.006135603769689205
-0.026573437144416512,-0.02447880752512621,0.011918981950001097,-0.03849241909441761,-0.019508619787575013
0.0057471013123004955,-0.004750214169902844,0.017612842184777027,-0.011865740872476532,0.007118058434366066
-0.011904775034389026,0.023790763506800205,0.025850040596694268,-0.037754815631083294,-0.0187710163242407
-0.014457834331304542,-0.008080851690870694,0.016651588425036952,-0.031109422756341494,-0.012125623449498898
0.09804405156037177,-0.01306622187199813,0.01521276303496201,0.08283128852540976,0.10181508783225236
-0.053662889586132634,-0.013417213930100202,0.015111463378855487,-0.06877435296498813,-0.049790553658145525
0.03529409200203526,0.01949596819778221,0.024610521702153047,0.010683570299882213,0.02966736960672481
0.0,-0.005359231030161227,0.01743707410945121,-0.01743707410945121,0.0015467251973913857
-0.06363633548777037,0.01415464230382213,0.02306896409786768,-0.08670529958563805,-0.06772150027879545
0.05097084970793886,0.006030313342701321,0.020724205261135074,0.030246644446803785,0.04923044375364638
-0.06004618036596299,0.010395487004435822,0.021984036019614402,-0.08203021638557739,-0.06304641707873479
0.27764134146394537,0.0010153984958789497,0.019276852998711902,0.25836448846523347,0.27734828777207604
-0.11153849459057086,0.006491921301497117,0.020857429721354768,-0.13239592431192562,-0.11341212500508303
-0.058441539292856115,-0.0015696837343783798,0.01853077360777595,-0.07697231290063207,-0.05798851359378947
-0.1678161077936957,0.00287938213053085,0.019814816456345214,-0.18763092425004094,-0.16864712494319833
0.17679556098103655,-0.014760539319459198,0.014723766857409826,0.1620717941236267,0.1810555934304693
-0.05164315975650413,-0.0006027039747036333,0.018809853190506945,-0.07045301294701108,-0.05146921364016848
0.06188118661632114,0.007025118077311765,0.02101131539705693,0.040869871219264206,0.0598536705261068
0.01398601620681017,-0.007630854183940605,0.016781461998095274,-0.002795445791285104,0.01618835351555749
0.011494202474604753,-0.00546733601831495,0.017405873978648855,-0.005911671504044102,0.013072127802798492
-0.027272732902445918,0.005240265846959469,0.02049619001754459,-0.047768922919990506,-0.028785123613147914
0.0,0.016631202604519668,0.023783723024734253,-0.023783723024734253,-0.004799923717891657
0.042056083691099255,-0.0008680126852336212,0.018733282565849288,0.023322801125249967,0.04230660043209256
0.00896863205649523,-0.0031578329337678124,0.01807241859936373,-0.0091037865428685,0.009880012763974096
-0.05555555555555558,0.0036224990395776757,0.0200292870849413,-0.07558484264049688,-0.05660104333365428
0.014117649623325956,0.011825201774944727,0.022396665340534392,-0.008279015717208436,0.01070478358963416
-0.034802758846712245,0.014438226417743616,0.0231508091782745,-0.057953568024986746,-0.03896976871814415
-0.014423079127390603,-0.0009735307519511682,0.01870282904525024,-0.03312590817264084,-0.014142108865798251
0.03170731091363588,0.001475232784985625,0.019409565560940152,0.012297745352695726,0.03128154465953832
0.004728111677224867,0.0042206328286402695,0.02020191420210562,-0.015473802524880752,0.003509996781961844
-0.004705861836922343,0.007719934348738189,0.021211846000892542,-0.025917707837814885,-0.0069339085309722895
0.014184399447364937,-0.00019607884876882142,0.018927209080677798,-0.004742809633312861,0.014240989673529736
-0.020979056067601087,0.0032944868090414303,0.019934619626276486,-0.04091367569387758,-0.021929876387034978
0.05952381029614062,-0.004087726727828533,0.01780404238007461,0.04171976791606601,0.06070356722290861
-0.06516850093600912,0.01109419052516647,0.022185688520679963,-0.08735418945668909,-0.06837039014984649
0.03365382946404227,0.0036088195555097347,0.020025339055349718,0.013628490408692556,0.032612289715535155
0.058139534146894656,-0.005306560094486046,0.017452275443918877,0.04068725870297578,0.059671058009818374
-0.05494505428697405,-0.006802319771775922,0.017020584932894826,-0.07196563921986887,-0.052981839913026275
0.05348832832553985,0.009306055472153574,0.021669615687232694,0.031818712638307156,0.05080251194514975
0.09492280741516534,-0.009210657476561801,0.016325515697988565,0.07859729171717678,0.09758109102401938
0.01612896137399411,0.010928696540176919,0.022137925377953057,-0.006008964003958946,0.01297483530288365
0.05019841184026719,0.001782270924804541,0.019498179696950595,0.030700232143316592,0.049684031450159184
0.2525978108861009,-0.00021489588801437698,0.01892177830365445,0.23367603258244646,0.25265983188928903
0.06938162532406644,-0.0008455399168898481,0.01873976842116264,0.050641856902903806,0.0696256562097464
0.0437235164667249,0.006762806734045723,0.02093560984118375,0.02278790662554115,0.041771705932383746
-0.0635135321232495,-0.007194706699326425,0.016907338322596874,-0.08042087044584638,-0.061437071139003784
-0.04617600373684638,0.002748090747253684,0.019776924510733557,-0.06595292824757994,-0.04696912894073735
-0.17246594906608348,-0.006678337608227225,0.017056367367969675,-0.18952231643405315,-0.17053851712721055
-0.09323582161045374,0.0007034637617677753,0.01918682565887975,-0.11242264726933349,-0.0934388479624909
0.026209672103049586,0.008165456466051824,0.021340427933816495,0.004869244169233091,0.023853043476075687
0.06876229832987346,0.007373341616968343,0.021111816032330987,0.04765048229754247,0.06663428160438507
0.031249962434049205,-0.010435647322188157,0.01597197194327533,0.015277990490773875,0.034261789797616474
0.05169337294712317,-0.00867391280271812,0.01648042533090556,0.03521294761621761,0.05419674692306021
-0.022033895017497307,-0.021449400664502738,0.012793297667705041,-0.034827192685202346,-0.01584339337835975
0.07798964034364952,0.012173141406923493,0.02249708403734442,0.055492556306305105,0.07447635561314771
0.00643083999561922,0.014917956876899785,0.02328926396497002,-0.016858423969350802,0.0021253753374917937
-0.02076676982541359,-0.0025300521932207776,0.01825360210953084,-0.039020371934944426,-0.020036572628101833
-0.0668841515285592,-0.008517292959364653,0.01652562731170522,-0.08340977884026442,-0.06442597953342183
0.008741220432524122,-0.002943411456817757,0.018134302682993268,-0.009393082250469146,0.009590717056373448
-0.003466189446992618,0.010554741756143349,0.022029998460099624,-0.02549618790709224,-0.006512388600249646
-0.04347826086956519,-0.0007838806801412357,0.018757563865060143,-0.06223582473462533,-0.04325202542778274
0.06363638345297273,0.009911292190138532,0.021844292777439354,0.04179209067553338,0.06077588998237598
-0.07521371852676861,-0.0021252837802967495,0.018370422134615462,-0.09358414066138407,-0.07460034135454148
0.040665459703267404,0.0018768165702687245,0.01952546647210921,0.021139993231158193,0.04012379253800079
0.012433435177974905,0.0011653145418315525,0.01932012019963367,-0.006886685021658765,0.012097114285183829
-0.02456148670315139,0.0007688818911402162,0.019205705955044835,-0.04376719265819623,-0.02478339335135363
-0.016186980551315955,-0.0004923335226864056,0.018841707155790727,-0.03502868770710668,-0.016044888400264086
0.020109700688239585,0.0014469348384307246,0.019401398503628278,0.0007083021846113063,0.019692101491453902
-0.021505379494489163,-0.0036287033416374515,0.017936520907986163,-0.039441900402475326,-0.02045810109563273
0.027472506633301252,0.008834095710505974,0.021533403597963383,0.005939103035337869,0.024922902342180465
0.0606060870988534,-0.0007967387044511831,0.018753852916590683,0.04185223418226272,0.060836033489105316
-0.031932815902258715,0.00017502486450582388,0.019034313152313638,-0.050967129054572353,-0.03198332974772976
-0.019097233720031914,-0.0018238673194856947,0.01845741380043864,-0.03755464752047055,-0.01857084821362796
-0.02247787499656384,0.004652243012262192,0.020326481018259217,-0.04280435601482306,-0.023820556707980462
-0.03132351871763184,0.0019484346695590737,0.01954613613873456,-0.050869654856366395,-0.031885855549523806
-0.1383177623403926,0.0018152018730952513,0.01950768388275796,-0.15782544622315056,-0.138841646916308
0.06507587370101398,-0.0020116937805257917,0.018403205292092467,0.04667266840892151,0.06565646771576411
0.04887984746537932,-0.005390124612855707,0.017428157926789496,0.03145168953858983,0.050435488845432426
0.01165054070821725,-0.00043571559205179966,0.01885804763065435,-0.007207506922437101,0.011776292384405494
0.03838765188707738,-0.013124468779900589,0.015195952421719953,0.023191699465357426,0.042175498772200025
-0.011090524974683658,0.014002289962720793,0.023024993758925992,-0.03411551873360965,-0.015131719426767054
0.012149479495009441,0.005124491902218642,0.020462776552716475,-0.008313297057707034,0.010670502249135561
-0.019390598444050333,-0.0010832833431588806,0.018671153400489904,-0.038061751844540234,-0.019077952537697642
-0.058380367926902266,0.005811249724885448,0.020660981411369943,-0.07904134933827221,-0.06005755003142962
0.05799996512276784,0.0033305973193167304,0.01994504146400267,0.03805492365876517,0.05703872296560776
-0.03591677181207498,0.0023149642620619026,0.01965192007548279,-0.05556869188755777,-0.03658489258071517
-0.025490191259513684,0.00027733619326086867,0.0190638411777474,-0.04455403243726108,-0.02557023313041849
-0.1187123012196285,0.0013281596467464851,0.019367118850303185,-0.13807942006993168,-0.11909562076308909
-0.14954334987903328,0.0052216268542757405,0.020490810626457388,-0.17003416050549067,-0.15105036119864806
0.04161070192622085,0.007500081663913916,0.021148394418861825,0.020462307507359025,0.039446106814201624
0.005154616731773531,-0.0020218560598241897,0.018400272361348242,-0.01324565562957471,0.005738143677267885
-0.012820457285799503,0.003358975310182588,0.019953231622866236,-0.032773688908665735,-0.013789889601823143
0.04753247128254934,-0.008561024934316985,0.01651300584657155,0.031019465435977788,0.05000326474282038
-0.025539323736122332,0.011277947808795874,0.022238722625609237,-0.047778046361731566,-0.028794247054888974
-0.035623392732925474,0.0034511743312370946,0.0199798411398356,-0.055603233872761074,-0.03661943456591848
0.03166227406133171,-0.0035168126585656267,0.017968813626453892,0.013693460434877815,0.03267725974172041
0.010230134114410205,0.0011649345752446916,0.019320010537652175,-0.00908987642324197,0.009893922883600626
-0.01265824181911257,-0.0032622408541723713,0.018042285477580376,-0.030700527296692946,-0.01171672798985035
0.007692344237731907,-0.007538854211077806,0.016808014067857778,-0.00911566983012587,0.009868129476716725
0.0025445181476491108,-0.015869512427409305,0.01440370663988189,-0.011859188492232779,0.007124610814609817
-0.050761407628827415,0.015162609437855634,0.0233598730278201,-0.07412128065664751,-0.05513748134980492
-0.04812835042758701,0.008241819990835397,0.02136246717550614,-0.06949081760309314,-0.05050701829625055
0.03651684769767627,0.0020166699583279435,0.01956582949397454,0.016951018203701727,0.03593481751054432
-0.03794036179368754,0.010145452020822843,0.021911873538242164,-0.0598522353319297,-0.04086843602508711
0.028168967599405015,0.0023821998626283314,0.019671324911171448,0.008497642688233567,0.027481441995076163
0.008219217146460123,-0.0047124448070912095,0.017623742783169107,-0.009404525636708985,0.009579273670133611
-0.01086959177630653,-0.0001862618826539153,0.0189300423507433,-0.02979963412704983,-0.010815834820207234
-0.06318676341944796,0.004206152980007483,0.020197735179665888,-0.08338449859911384,-0.06440069929227124
0.005865076863270646,-0.0054060480514769305,0.017423562270508595,-0.011558485407237949,0.007425313899604648
-0.16326530774366854,-0.001842805614891363,0.018451948027730813,-0.18171725577139936,-0.16273345646455675
0.09059231861627315,0.0082034265474622,0.021351386461510843,0.0692409321547623,0.0882247314616049
0.06070287233996252,-0.004632387901412294,0.017646847969816574,0.04305602437014595,0.06203982367698854
0.024096362799380433,0.006005446813494242,0.020717028543602314,0.0033793342557781186,0.022363133562620714
-0.023529390079574886,0.001675266241764728,0.019467297124700005,-0.042996687204274894,-0.024012887897432295
-0.009036105272842376,-0.0009399082741974318,0.018712532813057185,-0.02774863808589956,-0.008764838779056964
-0.021276585171892903,0.0009926793341701323,0.019270296031923033,-0.040546881203815936,-0.02156308189697334
0.03416142498399832,0.0012757437876824707,0.019351991133378696,0.014809433850619627,0.03379323315746222
0.021021011683594937,0.004146380281677686,0.02018048420875188,0.0008405274748430579,0.019824326781685653
-0.03529412518971309,0.001607306655808216,0.019447683339921622,-0.054741808529634714,-0.03575800922279211
-0.0243902216146471,0.002620850702215849,0.019740201819983778,-0.044130423434630875,-0.025146624127788283
-0.04062499387988017,-0.00706069881494753,0.016946014276339384,-0.05757100815621955,-0.038587208849376955
0.10097720332274518,-0.010748470745585936,0.015881688119237795,0.08509551520350739,0.10407931451034998
-0.02662718363607719,0.0012566922329095842,0.0193464926729371,-0.04597367630901429,-0.026989877002171696
0.006079000671920021,0.008141567655737925,0.02133353339528284,-0.015254532723362819,0.003729266583479776
-0.019033231907168324,0.00852379036424833,0.021443846515008608,-0.04047707842217693,-0.021493279115334336
-0.039113024567026256,0.0014957363013194946,0.01941548307133861,-0.05852850763836487,-0.03954470833152227
0.01923077258972361,0.002220118224179668,0.01962454660420686,-0.0003937740144832509,0.018590025292359345
0.056603783285096965,-0.005824918819612557,0.017302672171186535,0.03930111111391043,0.058284910420753025
0.01190470977242053,0.008807632480425154,0.021525766057327422,-0.009621056284906893,0.009362743021935705
-0.014705818711795882,0.004306570844779589,0.02022671673333229,-0.03493253544512817,-0.015948736138285576
-0.04477616674830176,-0.0013491160395050494,0.01859443154852736,-0.06337059829682912,-0.04438679898998652
0.050937534246062066,0.0003116886257619189,0.019073755617457507,0.03186377862860456,0.050847577935447155
0.1121022852857465,0.002842638410522902,0.019804211868249953,0.09229807341749655,0.11128187272433915
0.037433137158618734,-0.0003350311257153127,0.018887106128075364,0.01854603103054337,0.037529830337385967
0.027577339967760572,-0.003395574405981705,0.018003804142649946,0.009573535825110627,0.028557335131953222
-0.0017556983654168912,-0.001318566739775151,0.018603248367841357,-0.02035894673325825,-0.0013751474264156514
0.025125586513115028,-0.004605608657393345,0.01765457671508956,0.007471009798025469,0.026454809104868065
-0.00980387901024904,-0.007722578759925436,0.016754989410498782,-0.02655886842074782,-0.007575069113905226
0.004702949679517454,0.0022764876184568905,0.019640815349106937,-0.014937865669589483,0.004045933637253113
-0.01946290410660967,-0.00574663850657553,0.017325264616250505,-0.03678816872286017,-0.01780436941601758
0.0,0.008473996979569742,0.02142947566920772,-0.02142947566920772,-0.002445676362365126
0.05025124148813176,-0.0015511404489350067,0.01853612537684063,0.03171511611129113,0.050698915418133726
0.0023923340490996647,-0.009110872450405094,0.01635431460839387,-0.013961980559294204,0.005021818747548392
-0.009069237926102702,-0.01697731100841482,0.014083985402034059,-0.02315322332813676,-0.004169424021294166
-0.00048169348203097595,-0.0008123585165593639,0.018749344889817762,-0.019231038371848738,-0.0002472390650061411
0.26506027418810296,0.009519611195260236,0.021731249906044543,0.2433290242820584,0.262312823588901
0.0038095072013180076,0.012134715784494876,0.022485994036166766,-0.01867648683484876,0.00030731247199383563
0.024288422967517986,0.001461009046688222,0.019405460454386268,0.004882962513131719,0.023866761819974314
-0.03668019366862818,-0.0027763826213396126,0.01818250879821223,-0.05486270246684041,-0.03587890315999782
0.07115384736306973,-0.020364110556098214,0.0131065227456503,0.05804732461741943,0.07703112392426203
0.050269274175361645,0.0015691842194003325,0.019436680841121667,0.030832593334239978,0.04981639264108257
-0.041025647713692215,-0.011909714125195148,0.015546542202699194,-0.05657218991639141,-0.037588390609548814
-0.15151516917701335,0.01149147763018199,0.022300349368937458,-0.17381551854595081,-0.1548317192391082
-0.386554600202092,-0.012985898136748442,0.015235945231168906,-0.40179054543326087,-0.3828067461264183
0.034246518458963315,0.010524514660609219,0.022021274631990054,0.012225243826973261,0.031209043133815857
-0.04635759557856023,0.004102792854185466,0.020167904461394045,-0.06652550003995428,-0.047541700733111675
-0.006944414221630502,0.008298280656405366,0.02137876226217195,-0.02832317648380245,-0.009339377176959856
0.0034964881730097375,-0.0019137230947889883,0.018431480566545463,-0.014934992393535726,0.00404880691330687
0.0,-0.006865763848056816,0.01700227436728259,-0.01700227436728259,0.0019815249395600033
-0.017421621643175622,-0.0024167805585421087,0.018286293383805302,-0.035707915026980924,-0.01672411572013833
0.0,0.00302251448379387,0.019856125818846642,-0.019856125818846642,-0.0008723265120040466
0.003546083872130401,0.01706310194558336,0.023908373294483837,-0.020362289422353436,-0.0013784901155108418
0.014134310660981475,0.007460210377712606,0.021136887185329085,-0.00700257652434761,0.011981222782494987
-0.02439023232436588,0.00337476955709759,0.01995778999318835,-0.044348022317554234,-0.025364223010711635
0.03571422663096557,0.007393339551406308,0.021117587626971506,0.014596639003994067,0.03358043831083666
-0.020689659708320374,0.0036640298040166996,0.020041273259723325,-0.0407309329680437,-0.021747133661201103
0.017605653734656945,0.002995871849622578,0.019848436500478822,-0.002242782765821877,0.01674101654102072
-0.019031153613129348,-0.0010725536274130976,0.01867425009880566,-0.03770540371193501,-0.018721604405092414
-0.00881830401187178,0.004748196569493546,0.02035417413018401,-0.02917247814205579,-0.010188678835213193
0.021352316963136442,0.0018197952535197182,0.019509009576165044,0.0018433073869713983,0.020827106693813994
0.027874537664960952,-0.005051568068462853,0.017525868575016285,0.010348669089944668,0.029332468396787263
-0.06440677715618837,0.009829281576461124,0.021820623732026964,-0.08622740088821533,-0.06724360158137273
0.01630437572636212,0.001949334719149265,0.019546395901631927,-0.0032420201752698073,0.01574177913157279
0.05525841975171919,0.0018000771431341267,0.0195033187414153,0.035755101010303894,0.05473890031714648
0.023648638385926457,0.0036803630854131963,0.020045987200538688,0.0036026511853877695,0.022586450492230365
-0.059405864022673116,0.006461279195357994,0.02084858611722578,-0.0802544501398989,-0.0612706508330563
0.05614029519063246,0.004181942361150437,0.020190747764116924,0.035949547426515537,0.05493334673335813
-0.06644516558176217,0.003732799652949259,0.02006112089412575,-0.08650628647588791,-0.06752248716904533
-0.023131668629448265,0.0008877879113036169,0.019240023366716996,-0.042371691996165264,-0.023387892689322665
-0.05646635353657081,-0.003498775895770745,0.017974019208250463,-0.07444037274482128,-0.055456573437978676
-0.13127409106101506,-0.008225823395229703,0.016609748208263518,-0.1478838392692786,-0.12890003996243599
-0.16444445413256448,0.0005509400447352153,0.019142805859209543,-0.18358725999177403,-0.16460346068493142
0.010638324084045081,0.007222656026415475,0.02106832673349684,-0.01043000264945176,0.008553796657390837
0.06842104017758133,-1.0739820344718431e-05,0.018980699692243197,0.04944034048533813,0.06842413979218072
0.02463056865096025,0.003865229864862485,0.02009934151654514,0.00453122713441511,0.023515026441257705
-0.08653847476434384,-0.002601625374463401,0.018232945406682542,-0.10477142017102639,-0.08578762086418379
0.07315786156392123,0.0033847802152713324,0.019960679164629676,0.053197182399291554,0.07218098170613416
-0.0362922761599791,-0.001398665559303236,0.0185801310844572,-0.0548724072444363,-0.0358886079375937
-0.05852419472760584,-0.0031971365563219223,0.018061075198974555,-0.0765852699265804,-0.0576014706197378
-0.08108109700384991,0.001657132912945114,0.01946206367302755,-0.10054316067687746,-0.08155936137003486
-0.05294110764386806,0.0022938506357221833,0.01964582648151676,-0.07258693412538482,-0.053603134818542224
0.08074532479590335,-0.022724822637582465,0.012425198719933106,0.06832012607597024,0.08730392538281284
-0.03448276402057793,0.013200199537034996,0.02279350281087532,-0.057276266831453246,-0.03829246752461065
0.01785714575338404,-0.01896131033450521,0.013511384271013362,0.004345761482370678,0.023329560789213274
-0.11111110225866239,-0.011815187417889228,0.015573823512124682,-0.12668492577078708,-0.10770112646394447
0.032894682002059916,0.01419443613158311,0.02308044897615566,0.009814233025904257,0.028798032332746852
-0.02547768323954236,-0.008448563730297565,0.016545463222826996,-0.042023146462369355,-0.02303934715552676
0.03267977406378075,0.011730872577451423,0.022369441034324887,0.010310333029455866,0.029294132336298462
-0.05063294741141677,0.020707080374404274,0.024960060229211566,-0.07559300764062835,-0.05660920833378574
0.31333332970028827,0.0030852853123166657,0.019874242078733728,0.29345908762155454,0.3124428869283971
0.025380738392887903,-0.007181080169894716,0.016911271068975303,0.0084694673239126,0.027453266630755195
-0.02970297497144536,0.009549073338481762,0.02173975296161976,-0.05144272793306512,-0.03245892862622252
0.030612249862943974,-0.009136167611567658,0.016347014183590008,0.014265235679353967,0.033249034986196566
-0.014851487485722847,-0.0074706775774360246,0.016827690494668562,-0.03167917798039141,-0.012695378673548816
-0.005025172072144479,0.016348464630746795,0.023702122148445713,-0.028727294220590192,-0.009743494913747597
-0.10606055914628398,-0.008743415379980468,0.016460366224117607,-0.12252092537040159,-0.103537126063559
0.039548003029897805,-0.010287680637092622,0.01601467654005866,0.023533326489839145,0.04251712579668174
0.0054347588666350255,-0.01138805785140995,0.015697097179429985,-0.01026233831279496,0.008721460994047634
-0.03783782072086139,0.017777934551572505,0.024114680803411497,-0.06195250152427289,-0.042968702217430293
-0.04494385376422383,0.010180197220578835,0.02192190133432868,-0.06686575509855251,-0.04788195579170991
0.029411797704994802,0.006223699921661829,0.02078001847255144,0.008631779232443362,0.027615578539285958
-0.10285716154137436,0.01383893524747526,0.022977848029853858,-0.12583500957122823,-0.10685121026438563
-0.05732485237138629,-0.0010101548486260992,0.01869225898158999,-0.07601711135297629,-0.05703331204613368
-0.03378372967124843,0.0014018951394270118,0.01938839961685891,-0.05317212928810734,-0.03418832998126474
-0.013986047964196002,-0.0029897555945093135,0.01812092732277545,-0.032106975286971456,-0.013123175980128859
-0.0212765998563208,-0.0026261799136575448,0.01822585873244361,-0.03950245858876441,-0.020518659281921814
0.14492759775556796,0.006374052530970564,0.020823411669822198,0.12410418608574576,0.14308798539258835
-0.04430386132023856,-0.000629621957060511,0.018802084404026198,-0.06310594572426476,-0.04412214641742216
-0.07284763730564725,-0.019392757790687165,0.013386864419551208,-0.08623450172519846,-0.06725070241835586
0.0,-0.0009637690162076495,0.018705646375303715,-0.018705646375303715,0.00027815293153888026
0.014285651726904769,-0.004050216740091761,0.01781486812034589,-0.0035292163934411216,0.015454582913401474
-0.07042251899553342,-0.0014410312534549607,0.018567903940995636,-0.08899042293652906,-0.07000662362968646
-0.02272727741870495,0.009159984668711818,0.021627458259979596,-0.044354735678684545,-0.02537093637184195
-0.05426354214929052,0.002817754443029452,0.019797030117861405,-0.07406057226715193,-0.055076772960309335
0.04918033702225122,-0.0142436152864307,0.014872956064317051,0.03430738095793417,0.053291180264776764
-0.06250004656612851,0.0008199802697488323,0.01922045343454236,-0.08172050000067087,-0.06273670069382827
0.016666708295309363,-0.018387945694007368,0.01367686277562722,0.0029898455196821425,0.021973644826524738
0.008196685613219845,-0.009689541868338813,0.016187305094409365,-0.00799061948118952,0.010993179825653076
-0.04065034166685222,-0.01103737849414832,0.015798306587091082,-0.0564486482539433,-0.037464848947100705
-0.008474654547075189,-0.018914821867908604,0.013524801285929939,-0.021999455833005128,-0.003015656526162532
-0.05128200500312241,0.002771738943381896,0.01978374960571799,-0.0710657546088404,-0.0520819553019978
0.049549517759299944,-0.012171906253646725,0.015470871053358664,0.03407864670594128,0.05306244601278388
-0.08154506237006842,-0.0014966358477518371,0.018551855924665368,-0.10009691829473379,-0.0811131189878912
-0.004672876966841932,-0.00538408875771057,0.017429899932160833,-0.022102776899002766,-0.003118977592160171
-0.12676052374182145,0.024347646888076113,0.026010762452680768,-0.15277128619450223,-0.13378748688765962
-0.11290324234606808,0.018885951732779516,0.024434465131362722,-0.1373377074774308,-0.1183539081705882
0.05818181127603017,0.00686300355780145,0.020964527600304296,0.037217283675725875,0.05620108298256847
0.030927855966620843,0.00942251544733641,0.021703227146990467,0.009224628819630376,0.02820842812647297
-0.011111138022554812,-0.024391082077444004,0.01194430035102148,-0.023055438373576292,-0.004071639066733698
0.0,0.0051569298644233985,0.020472138458036804,-0.020472138458036804,-0.0014883391511942064
-0.0988764323579705,-0.0037017126347429485,0.017915449729555062,-0.11679188208752556,-0.09780808278068297
-0.0461346333700573,0.008401207191663262,0.021408467842070934,-0.06754310121212823,-0.04855930190528564
-0.006535919194667894,0.014517207887505545,0.023173603983857663,-0.029709523178525557,-0.010725723871682963
0.0,-0.01811572566845976,0.01375542807172649,-0.01375542807172649,0.005228371235116106
0.04605260858150895,-0.01896945434456343,0.013509033832024266,0.03254357474948468,0.05152737405632728
0.00628928069222523,-0.0038405967262932217,0.017875366455908405,-0.011586085763683175,0.007397713543159421
-0.05625001117587114,0.01576672117072042,0.023534225436589763,-0.0797842366124609,-0.06080043730561831
-0.006622487875614147,0.0008812077558950637,0.019238124271097515,-0.025860612146711662,-0.006876812839869067
0.006666637602306569,-0.021173138152195015,0.01287302966404485,-0.006206392061738281,0.012777407245104315
0.07284772753027768,-0.0071661613961429005,0.016915576769391323,0.05593215076088636,0.07491595006772896
0.296296262034041,-0.010142945264832837,0.016056448549133868,0.2802398134849072,0.29922361279174975
0.009523833002672122,-0.018412122845487655,0.013669885019082437,-0.004146052016410315,0.01483774729043228
0.0698113370025375,0.014956856067329216,0.023300490642390106,0.04651084636014739,0.06549464566698998
-0.025573200238622862,0.022372677655603468,0.02544076749281686,-0.05101396773143972,-0.032030168424597126
-0.04977378438737157,-0.002442603440647617,0.01827884065370334,-0.0680526250410749,-0.04906882573423231
0.08571430239663558,-0.015473503680411893,0.014517998541821012,0.07119630385481457,0.09018010316165716
0.08771933388836861,0.018642691757321028,0.024364257981971154,0.06335507590639745,0.08233887521324006
0.01612896137399411,-0.005254666430088317,0.017467252450481426,-0.0013382910764873149,0.01764550823035528
-0.03174600256908189,-0.007934042550334475,0.01669395894341856,-0.04843996151250045,-0.029456162205657853
0.040983651409031374,-0.029518158313449172,0.010464577241764667,0.030519074167266708,0.0495028734741093
-0.1181102531141649,-0.00723375351819977,0.016896069038199638,-0.13500632215236452,-0.11602252284552195
0.06428567605533053,0.02569824789143582,0.026400558785729635,0.03788511726960089,0.056868916576443496
-0.054530193096193336,-0.004291813651667864,0.017745140947054865,-0.07227533404324821,-0.053291534736405605
0.0381543470334913,-0.012961545123475138,0.015242973743104711,0.02291137329038659,0.041895172597229184
-0.04273497505832957,-0.007421002465963666,0.016842027205693916,-0.05957700226402349,-0.04059320295718089
0.017857125479695757,0.021408574170870942,0.02516251803047118,-0.007305392550775423,0.011678406756067173
0.01754384287606192,0.02238376135718223,0.02544396635482071,-0.007900123478758788,0.011083675828083808
0.0603448002492708,0.01234781757145198,0.022547497244675724,0.03779730300459508,0.056781102311437674
0.003252018472262419,0.011662294827948783,0.02234964884165038,-0.019097630369387962,-0.00011383106254536732
0.004862326097677672,-0.00043466036210393355,0.01885835218008322,-0.01399602608240555,0.004987773224437048
-0.040322623175603534,0.0113041136006502,0.022246274322735748,-0.06256889749833928,-0.04358509819149669
0.0,-0.012272698789159042,0.015441781366142627,-0.015441781366142627,0.0035420179406999686
-0.050420177687959145,0.01434391292056647,0.023123589403326004,-0.07354376709128516,-0.05455996778444255
0.04424783669044374,0.005066170567449069,0.020445944459170605,0.023801892231273138,0.04278569153811573
-0.04576274200062391,0.007144955276586762,0.02104590155590328,-0.06680864355652719,-0.0478248442496846
-0.03197156254975875,0.012256547427530462,0.022521155810507565,-0.05449271836026631,-0.03550891905342372
0.036697212158784964,-0.0062937001746978805,0.017167377400370144,0.01952983475841482,0.038513634065257416
-0.013274338950567621,-0.015652540713177343,0.014466326746317884,-0.027740665696885505,-0.00875686639004291
-0.06726452659538684,0.0034102225843584133,0.01996802207504478,-0.08723254867043162,-0.06824874936358903
-0.028846158254781318,0.008090938687879357,0.021318921392205523,-0.05016507964698684,-0.031181280340144245
-0.01980202827772426,-0.012551720801807331,0.015361252951681462,-0.03516328122940572,-0.016179481922563126
0.04040407168025517,-0.009716916613271898,0.016179404481892035,0.024224667198363137,0.04320846650520573
0.05825243745794606,0.004253385628492534,0.020211366972574276,0.03804107048537178,0.05702486979221438
0.05504588073321681,-0.002651026482054286,0.018218687775791127,0.03682719295742569,0.055810992264268285
0.0,-0.01687729010355421,0.014112852389283372,-0.014112852389283372,0.004870946917559223
0.02608696064239502,-0.003417447717741773,0.01799749129622491,0.008089469346170108,0.027073268653012704
0.0,0.011174577597236057,0.022208888996497256,-0.022208888996497256,-0.0032250896896546606
-0.05932206227331471,-0.01214413784439794,0.015478885281152698,-0.07480094755446741,-0.055817148247624813
-0.036036063126857476,-0.0002048682840329885,0.018924672365817508,-0.05496073549267498,-0.03597693618583239
0.028037389127399504,0.016057604355527166,0.02361817709848043,0.004419212028919074,0.02340301133576167
0.009090931609783803,-0.0006184750715809706,0.018805301501506527,-0.009714369891722724,0.00926942941511987
-0.02702703200289225,-0.014752948498371943,0.01472595764078499,-0.04175298964367724,-0.022769190336834645
0.0,-0.027740054250753654,0.010977755035720007,-0.010977755035720007,0.008006044271122588
-0.03703700199609339,0.005697936985382235,0.020628278273851018,-0.057665280269944406,-0.03868148096310181
0.02884609275517347,-0.028146308431003852,0.010860506204012214,0.017985586551161253,0.03696938585800385
0.03738320672425721,0.0020980468517017847,0.01958931564166222,0.017793891082594993,0.03677769038943759
-0.08108109600867663,0.02474690007293945,0.02612599073033692,-0.10720708673901355,-0.08822328743217096
-0.03431371010370543,-0.036284507106413955,0.008511744435431522,-0.042825454539136956,-0.023841655232294357
-0.04568528761302926,0.005675242812353654,0.020621728519033634,-0.06630701613206288,-0.047323216825220296
-0.021276575700436062,0.004837126381486367,0.020379840122232953,-0.04165641582266902,-0.02267261651582642
-0.15217391465310948,0.02986242108440229,0.027602378891564708,-0.17977629354467417,-0.1607924942378316
0.0,-0.035649708609806985,0.008694953336940406,-0.008694953336940406,0.01028884596990219
-0.10256409136758815,-0.0056742248424840325,0.017346163890466417,-0.11991025525805457,-0.10092645595121197
-0.04285714980812172,-0.03203710063235676,0.00973758646015758,-0.0525947362682793,-0.0336109369614367
0.0895522539807514,0.0024578974498534745,0.019693171956929306,0.06985908202382209,0.08884288133066469
0.017808234389625532,-0.01646320750393837,0.014232360577495941,0.0035758738121295913,0.02255967311897219
0.11709280987171145,-0.0012959645058717717,0.018609771588150192,0.09848303828356125,0.11746683759040386
-0.14457834093988464,0.02386969542307149,0.025872821100667336,-0.17045116204055197,-0.1514673627337094
-0.04507041983258886,-0.003946400929555671,0.017844830353573024,-0.06291525018616188,-0.04393145087931929
-0.020648978813901153,0.020169632234863677,0.024804947569384034,-0.04545392638328519,-0.02647012707644259
0.024096486895902824,-0.04039526078745259,0.007325341710311352,0.016771145185591474,0.03575494449243407
0.04411755277565299,-0.005833781800992588,0.017300114230215647,0.026817438545437344,0.04580123785227994
0.0,0.00014614176965843662,0.01902597721562278,-0.01902597721562278,-4.217790878018401e-05
0.0,0.018555039930923556,0.02433896082875582,-0.02433896082875582,-0.005355161521913226
0.04507041983258886,-0.008120797617175213,0.01664005964965843,0.02843036018293043,0.047414159489773025
-0.02964955955906612,0.009450764734207695,0.02171138016065348,-0.0513609397197196,-0.032377140412877
0.0,0.019883256167224195,0.024722296704501552,-0.024722296704501552,-0.0057384973976589565
-0.027777751497069958,0.02474226295510973,0.026124652413897463,-0.05390240391096742,-0.034918604604124825
-0.004285695518071453,-0.006274368617659065,0.017172956672136648,-0.0214586521902081,-0.0024748528833655036
-0.024390234367555497,-0.007482768681131846,0.01682420088680405,-0.04121443525435955,-0.022230635947516952
0.05882347048478298,0.018431018038486124,0.024303166927544705,0.03452030355723827,0.053504102864080874
0.222222201197656,-0.016347313992415624,0.014265808550437874,0.20795639264721813,0.22694019195406073
-0.09431816000302207,0.003137400778913113,0.019889283099526617,-0.11420744310254868,-0.09522364379570608
0.015056481570829394,0.009523393173235029,0.021732341420964627,-0.006675859850135232,0.012307939456707363
0.0,-0.010793945785935621,0.015868563588803224,-0.015868563588803224,0.0031152357180393715
-0.011124880980167728,-0.02379869397635359,0.012115269207828502,-0.02324015018799623,-0.004256350881153635
-0.0387500020223005,-0.029110303335524668,0.01058228807895139,-0.04933229010125189,-0.030348490794409294
-0.037711326871391004,-0.038768430665237275,0.007794860402031206,-0.04550618727342221,-0.026522387966579616
0.060810823872457176,-0.0037736797459957394,0.017894679334748104,0.042916144537709075,0.06189994384455167
-0.04458596736333775,0.014592504858983224,0.023195335408089303,-0.06778130277142705,-0.04879750346458446
-0.046666644868396556,-0.03251195148816344,0.009600539973535608,-0.05626718484193216,-0.03728338553508957
0.006992976346019253,0.002200865698254617,0.019618990141573672,-0.01262601379555442,0.006357785511288175
0.0,0.024477242280086964,0.026048164919034784,-0.026048164919034784,-0.007064365612192187
0.08749999763473637,-0.0013015723144006452,0.018608153121115474,0.0688918445136209,0.08787564382046349
0.5325669951428902,0.009532217409177868,0.021734888179632747,0.5108321069632574,0.5298159062701
0.00833341091398565,0.03056329358583576,0.027804657381151163,-0.019471246467165512,-0.00048744716032291836
-0.07438017645563966,-0.0029730715337762392,0.018125742501853462,-0.09250591895749312,-0.07352211965065053
-0.17589287756135752,-0.020143036075892073,0.01317032694948302,-0.18906320451084055,-0.17007940520399795
-0.08450704329299119,-0.0007117454091590814,0.018778382792369087,-0.10328542608536027,-0.08430162677851769
-0.06508871589646914,-0.008759278267998716,0.01645578804331832,-0.08154450393978746,-0.06256070463294486
0.08860755018581568,0.010553814029047315,0.022029730709210053,0.06657781947660563,0.08556161878344822
-0.08139531107485987,0.0015841285142366157,0.019440993907166113,-0.10083630498202598,-0.08185250567518339
-0.04050632343820104,0.0035731642904301975,0.020015048605729648,-0.06052137204393069,-0.041537572737088094
0.06464378441533403,0.014964587965241805,0.023302722141882806,0.04134106227345122,0.06032486158029382
-0.022304903631457984,-0.000830271529819071,0.0187441750233175,-0.04104907865477549,-0.022065279347932888
-0.003802264955014345,-0.011527461422777274,0.01565686397895277,-0.019459128933967115,-0.0004753296271245203
-0.058524179423202094,-0.009243878717321574,0.01631592773100551,-0.07484010715420761,-0.055856307847365005
0.0,-0.0044569025122100925,0.017697494727107965,-0.017697494727107965,0.0012863045797346288
0.0,-0.00299863390215227,0.018118364958498886,-0.018118364958498886,0.0008654343483437101
-0.08108100644310123,0.01920124935943668,0.024525463034062514,-0.10560646947716375,-0.08662267017032116
-0.0147059177091301,-0.008363571580831342,0.016569992767909124,-0.031275910477039225,-0.012292111170196629
0.03880600383726818,0.02762829164595959,0.02695758782411016,0.011848416013158017,0.030832215320000612
-0.007183974278981986,0.005895806193263242,0.020685385214733957,-0.027869359493715943,-0.008885560186873347
-0.03039070481994932,0.00986137270919718,0.02182988553905419,-0.05222059035900351,-0.033236791052160916
0.0014925307882769356,-0.00933246697634671,0.016290360314401137,-0.014797829526124202,0.004185969780718394
0.03874817099906269,0.0013151670479691902,0.01936336906235873,0.01938480193670396,0.03836860124354655
-0.024390234367555497,-0.01154320266205866,0.01565232090713936,-0.04004255527469486,-0.021058755967852262
0.0,0.026156273782937722,0.026532749427158716,-0.026532749427158716,-0.00754895012031612
-0.0147059177091301,0.012133338697180918,0.022485596595631825,-0.037191514304761926,-0.01820771499791933
-0.014925409553803393,0.014207760082581844,0.023084294395512014,-0.03800970394931541,-0.01902590464247281
0.013636407735826417,-0.0028230841271976725,0.0181690302981326,-0.004532622562306184,0.014451176744536411
-0.022421528316520445,-0.006662395550704803,0.01706096839784307,-0.03948249671436352,-0.02049869740752092
0.05504583906985716,0.015638477163140152,0.023497212992673367,0.0315486260771838,0.050532425384026386
-0.057970960122986526,-0.0007773401640558397,0.01875945152039284,-0.07673041164337936,-0.057746612336536766
0.0,-0.0016257460597355333,0.018514593485895358,-0.018514593485895358,0.00046920582094723797
-0.030769304934939457,-0.0012375507238541195,0.018626630362853717,-0.049395935297793174,-0.03041213599095058
-0.01746024194350615,-0.004248692893594086,0.01775758600916694,-0.035217827952673086,-0.016234028645830494
-0.04684977154075731,0.021290637641290244,0.025128480423029228,-0.07197825196378654,-0.05299445265694394
-0.09830511527335939,-0.0007054739583503,0.018780192792896316,-0.11708530806625571,-0.0981015087594131
0.04699246868739437,0.017322368774566943,0.023983200174493267,0.023009268512901106,0.041993067819743705
0.04308796765187539,0.0039695418998517695,0.020129446964882988,0.022958520686992404,0.041942319993835
-0.053356285298935546,0.0018756797165810912,0.01952513836529043,-0.07288142366422598,-0.053897624357383385
0.07636367689761081,-0.007237794954094601,0.016894902641248846,0.05946877425636196,0.07845257356320456
-0.037162172269388116,0.002269561170191503,0.019638816310065664,-0.05680098857945378,-0.037817189272611185
0.059649161385057825,-0.012900001139847905,0.015260735923851979,0.04438842546120585,0.06337222476804845
0.026490062490702737,-0.0214000649197158,0.012807536434267738,0.013682526056435,0.03266632536327759
-0.05645169441990672,-0.0022378626777133093,0.018337930790922916,-0.07478962521082963,-0.055805825903987034
0.017094059889585678,0.0029161604463010526,0.01982543102910747,-0.0027313711395217932,0.016252428167320802
0.07394960157478758,0.014091605518061545,0.023050771080184784,0.050898830494602795,0.0698826298014454
0.04538342642833415,-0.03368805871951874,0.009261104207595744,0.036122322220738405,0.055106121527581
0.0014969994237368223,-0.006666355799502699,0.0170598254322629,-0.015562826008526078,0.0034209732983165164
-0.07324363201449802,-0.011028155571448206,0.015800968410560452,-0.08904460042505846,-0.07006080111821587
0.0016128961373993445,-0.007817025105971265,0.01672773129409953,-0.015114835156700184,0.0038689641501424123
-0.04991948505537325,0.0029962320243361873,0.0198485404503369,-0.06976802550571015,-0.05078422619886755
-0.03220342172793311,-0.010736500458081055,0.01588514285839713,-0.04808856458633024,-0.029104765279487646
-0.036777601991048736,-0.004095056983834944,0.017801926798267326,-0.05457952878931606,-0.035595729482473464
0.06363633548777048,0.018341016392734,0.02427719159404853,0.03935914389372195,0.058342943200564545
0.008547088166671157,0.006610721877456038,0.020891716700823675,-0.012344628534152517,0.006639170772690078
-0.013559378001158695,0.015271449816332883,0.023391285399284763,-0.03695066340044346,-0.017966864093600862
0.010309350748853197,0.0105842727693497,0.022038521392209416,-0.01172917064335622,0.007254628663486374
0.01870740063749743,-0.0432366134006168,0.006505300242287026,0.012202100395210403,0.031185899702053
-0.07512516833728367,0.0033870120853238816,0.01996132330361681,-0.09508649164090047,-0.07610269233405788
0.0036100925448945276,-0.011317739184353415,0.01571739181751728,-0.012107299272622753,0.006876500034219843
0.06115111946161522,-0.007182134089448455,0.016910966897738678,0.04424015256387655,0.06322395187071914
-0.06779665909192212,0.006857100716286535,0.020962823983935463,-0.08875948307585758,-0.06977568376901498
0.05454546580489206,-0.011272103097361819,0.015730562827548943,0.038814902977343115,0.05779870228418571
0.09137938304082827,-0.017116493600784488,0.014043815978203502,0.07733556706262476,0.09631936636946736
1.4644548640992645,-0.00842758097968943,0.01655151904480846,1.447903345054456,1.4668871443612987
-0.19871795431620576,-0.017232619015461026,0.014010301075799245,-0.21272825539200502,-0.19374445608516241
-0.16000001089913507,-0.010340526208282075,0.015999424804115713,-0.17599943570325077,-0.1570156363964082
-0.02857143413221186,-0.0021203598092424114,0.018371843239631855,-0.046943277371843714,-0.02795947806500112
0.00980394579416588,0.019672139926234733,0.02466136654349912,-0.014857420749333241,0.0041263785575093555
-0.2038835311028112,-0.021126437880238824,0.01288650780800863,-0.21677003891081983,-0.19778623960397723
-0.14634141276056156,-0.015066695771983274,0.01463540718476315,-0.1609768199453247,-0.14199302063848213
-0.04285714980812172,0.025883894952576147,0.026454138298475285,-0.06931128810659701,-0.050327488799754405
0.0447761269903757,0.030583700679551518,0.027810547063062255,0.016965579927313443,0.03594937923415604
-0.027142835594822667,-0.002017948757084831,0.018401400046190862,-0.04554423564101353,-0.026560436334170934
0.027900124075684207,-0.010245080846639998,0.016026971245945727,0.01187315282973848,0.030856952136581076
-0.08571429961624344,-0.028003617786773516,0.010901688085073316,-0.09661598770131676,-0.07763218839447417
0.06250004656612851,-0.00749246363390188,0.016821402830953774,0.04567864373517473,0.06466244304201733
-0.0147059177091301,-0.006519175777754405,0.017102302990500178,-0.03180822069963028,-0.012824421392787683
-0.03731347304899135,-0.0032907731480149582,0.01803405078540582,-0.05534752383439717,-0.036363724527554576
-0.038759627701588806,0.02596564246086497,0.026477731409162746,-0.06523735911075156,-0.04625355980390896
0.01612896137399411,-0.02366266361565439,0.012154528867529601,0.003974432506464509,0.022958231813307105
-0.03174600256908189,0.026480052302171098,0.026626194996355844,-0.05837219756543773,-0.039388398258595136
-0.040983651409031485,0.011427569666488724,0.02228190492099296,-0.06326555633002445,-0.04428175702318185
-0.029059762079788,-0.0066720972934503076,0.017058168382341102,-0.0461179304621291,-0.027134131155286505
0.038732404712172874,-0.007950909706564868,0.016689090921233465,0.02204331379093941,0.04102711309778201
-0.06779665909192212,0.02372481982226482,0.025831008620295845,-0.09362766771221796,-0.07464386840537537
-0.014545453419510745,0.011881976654619875,0.022413051112388265,-0.036958504531899014,-0.017974705225056415
-0.003690020900273372,0.016266654579669915,0.023678510987313016,-0.027368531887586388,-0.008384732580743792
-0.03703700199609339,-0.007387716072364547,0.016851633976407904,-0.05388863597250129,-0.034904836665658696
0.057692251009954676,-0.006082610618211248,0.017228299859970514,0.04046395114998416,0.05944775045682676
0.0,0.024626377895927698,0.02609120688038169,-0.02609120688038169,-0.007107407573539094
0.0,-0.00745440410765752,0.01683238717328043,-0.01683238717328043,0.0021514121335621667
0.0054545837366324346,-0.004101230608784645,0.017800145031216193,-0.012345561294583758,0.006638238012258837
-0.032549771186533016,-0.02500198485734284,0.011767987981297509,-0.044317759167830525,-0.02533395986098793
0.024299087553925958,-0.010585992315429671,0.015928580944074223,0.008370506609851735,0.02735430591669433
0.05839415513989077,0.013618724670070526,0.022914293156610456,0.03547986198328031,0.05446366129012291
-0.04310343713859177,0.009613981920559844,0.021758486197575085,-0.06486192333616686,-0.045878124029324265
-0.03063061990487692,0.005597892802462701,0.02059940456833185,-0.05123002447320877,-0.032246225166366174
0.016728614768441785,-0.02077788695478977,0.012987102929945354,0.0037415118384964315,0.022725311145339027
-0.054844616964269455,0.05543448436034493,0.03498272028673637,-0.08982733725100583,-0.07084353794416323
-0.01353965884600139,0.009240746788147902,0.021650766978044463,-0.03519042582404586,-0.016206626517203258
-0.017647049002365134,-0.008935777048800997,0.016404848811544328,-0.034051897813909465,-0.015068098507066866
0.019960060978594374,0.008713116550319144,0.021498487858304632,-0.0015384268797102585,0.017445372427132337
-0.009784693420160306,-0.008252046497990273,0.01660217997066277,-0.026386873390823077,-0.007403074083980481
-0.0059288951264536704,-0.0030893228355314273,0.01809219126723746,-0.02402108639369113,-0.005037287086848535
-0.0019880629549656748,0.00475858190881473,0.020357171438178594,-0.02234523439314427,-0.0033614350863016727
0.09362549854859115,-0.003883688698329779,0.01786292970172126,0.07576256884686988,0.09474636815371248
-0.19854281142845798,0.013579987927526016,0.02290311336319956,-0.22144592479165753,-0.20246212548481493
-0.02272725161582778,0.0059146891478476515,0.020690835015552866,-0.04341808663138065,-0.02443428732453805
0.016611279891927566,-0.0002830441976333642,0.018902110051426828,-0.0022908301594992617,0.016692969147343334
-0.04248362040956577,-0.015444192913123267,0.014526457908858008,-0.05701007831842378,-0.038026279011581184
-0.047781604680685485,-0.0015918653377758885,0.018524371785443534,-0.06630597646612901,-0.047322177159286424
-0.046594938279496345,0.030947872397389053,0.027915650494690143,-0.07451058877418648,-0.05552678946734389
-0.09774435416307958,-0.0008676332180498347,0.018733392083698293,-0.11647774624677787,-0.09749394693993528
0.0166666501098216,-0.001194660488065602,0.0186390088940353,-0.001972358784213698,0.017011440522628898
-0.02049178325562906,-0.017894212283564803,0.013819358947639145,-0.034311142203268204,-0.015327342896425608
-0.07949792840200598,-0.014399194981406072,0.01482805428026136,-0.09432598268226734,-0.07534218337542474
-0.007727254353279367,-0.0018623708845491027,0.018446301304273088,-0.026173555657552455,-0.00718975635070986
-0.058634913346918394,0.00752178195750397,0.02115465733059256,-0.07978957067751095,-0.06080577137066836
0.051094898132619804,-0.007349578247904498,0.0168626409163465,0.03423225721627331,0.0532160565231159
-0.01851861050099135,0.014279296218109305,0.023104940406613535,-0.04162355090760489,-0.02263975160076229
0.10849058089115471,0.0072896644387934195,0.021087666000507137,0.08740291489064757,0.10638671419749017
-0.13446808407024968,-0.006052724634100337,0.017236925240069454,-0.15170500931031913,-0.13272121000347653
0.14552606463745965,-0.024921675023714007,0.011791166165364018,0.13373489847209563,0.15271869777893823
-0.03004289078750577,-0.011137750774080746,0.01576933818964425,-0.045812228977150024,-0.026828429670307425
0.07522127301385462,-0.009007516001852345,0.01638414426537072,0.058837128748483895,0.07782092805532649
-0.003292236708630658,0.0010373383615349674,0.01928318505322617,-0.02257542176185683,-0.003591622455014232
0.04459126470526864,0.014867993802734736,0.02327484414516466,0.02131642056010398,0.040300219866946575
0.04743087957892067,-0.01445169956861636,0.014812900955547468,0.032617978623373206,0.051601777930215795
-0.018867995824705996,0.005868102525282026,0.020677389671887314,-0.03954538549659331,-0.020561586189750715
0.0,-0.004049622110409712,0.017815039736144345,-0.017815039736144345,0.0011687595706982511
-0.02307690191550993,-0.012020638322615351,0.015514528421209896,-0.03859143033671983,-0.01960763102987723
-0.06692916490042922,0.01746133164481911,0.02402330618442477,-0.09095247108485399,-0.07196867177801139
0.0,-0.0025407424823445934,0.018250516790114277,-0.018250516790114277,0.000733282516728318
-0.06751048740003018,-0.004000548879248611,0.017829202738770488,-0.08533969013880068,-0.06635589083195807
-0.0045248824844553726,0.007538970575044379,0.021159618129578173,-0.025684500614033545,-0.006700701307190948
-0.009090900224102638,-0.011645528874622113,0.01562278858609651,-0.02471368881019915,-0.005729889503356553
-0.03669732095175382,0.02284078102943865,0.025575866591777147,-0.062273187543530964,-0.04328938823668837
0.023809615716916754,-0.0007676325452631305,0.018762253231778082,0.005047362485138672,0.024031161791981268
-0.07906979942012171,0.006978233159061986,0.020997783962411466,-0.10006758338253317,-0.08108378407569058
-0.04040406168924138,0.012849424614881588,0.022692265822274856,-0.06309632751151623,-0.04411252820467364
0.0,0.0034159058663651987,0.01996966232444517,-0.01996966232444517,-0.0009858630176025752
-0.04210522353153767,0.003996858363534361,0.020137330756875477,-0.062242554288413146,-0.04325875498157056
0.005494500096186128,-0.0020304911890052235,0.018397780180695482,-0.012903280084509354,0.006080519222333241
-0.010929016211355447,-0.015562598500411085,0.014492284926887405,-0.02542130113824285,-0.006437501831400257
0.049723776919236684,-0.007638350296294338,0.016779298548564036,0.032944478370672645,0.05192827767751525
-0.052631592156154094,0.018918401045981525,0.02444383031268913,-0.07707542246884322,-0.05809162316200063
0.018888911111855755,0.01188134498366522,0.022412868806125197,-0.0035239576942694417,0.015459841612573154
0.12868044870792805,-0.0007115031258156934,0.018778452717653146,0.1099019959902749,0.1288857952971175
0.0386474225626221,-0.0001817250594663422,0.018931351721192313,0.01971607084142979,0.038699870148272385
0.4186045660593536,0.011007853469181317,0.022160770822747314,0.3964437952366063,0.41542759454344885
-0.03606553993952921,0.002494840970949097,0.019703834209524384,-0.0557693741490536,-0.036785574842211
0.04761900127918861,-0.012968740984683369,0.015240896948918182,0.03237810433027043,0.05136190363711302
-0.08116883317944501,0.014642470285510134,0.023209755906808734,-0.10437858908625375,-0.08539478977941115
-0.1872791468826981,0.010452303944590291,0.022000433930523824,-0.2092795808132219,-0.19029578150637932
-0.12608694255013964,0.014699373244309921,0.023226178643519734,-0.14931312119365936,-0.13032932188681678
-0.04477613622170118,-0.010354610691310495,0.015995359887960824,-0.060771496109662,-0.04178769680281941
-0.0364582993788638,-0.006140463017754394,0.017211603105604198,-0.053669902484468,-0.0346861031776254
-0.021621665160441172,0.01287251059802652,0.022698928657229323,-0.04432059381767049,-0.0253367945108279
-0.008287285176291403,-0.011080724476164705,0.01578579652320074,-0.024073081699492144,-0.005089282392649548
-0.013927563652283204,-0.00882979617773516,0.016435435901893013,-0.030362999554176217,-0.011379200247333621
0.01694913656104502,0.0021952617756952897,0.019617372796066835,-0.0026682362350218154,0.01631556307182078
0.18333342825925159,0.011448609342766147,0.022287977172265598,0.16104545108698598,0.18002925039382858
-0.10328644882597326,-0.0002804145319874607,0.018902868998016804,-0.12218931782399006,-0.10320551851714747
0.09424081188143396,0.002773175690496066,0.019784164264640372,0.07445664761679359,0.09344044692363619
-0.043062161658070086,-0.013788741489130674,0.01500423698129142,-0.058066398639361506,-0.03908259933251891
-0.04500001668930054,-0.002767405825327751,0.01818509958717155,-0.06318511627647208,-0.04420131696962949
-0.01570679157803201,-0.020041234255327334,0.013199707925992829,-0.028906499504024838,-0.009922700197182242
0.01063828775385156,-0.0015735561458868341,0.018529655992875402,-0.007891368239023842,0.011092431067818756
0.07368420392192299,0.005329429416074394,0.0205219234741288,0.05316228044779418,0.07214607975463679
0.05392163508399572,-0.010537551485558128,0.01594256142965568,0.03797907365434004,0.05696287296118264
-0.05116285052796965,0.0030730045671669703,0.019870697738536624,-0.07103354826650628,-0.052049748959663675
0.004901956201103674,-0.0030360018281855305,0.018107580218590377,-0.013205624017486702,0.005778175289355893
0.004878044241882984,-0.004725264845680033,0.01762004279774111,-0.012741998555858128,0.006241800750984468
-0.07766988886684734,0.0075821940867943916,0.021172092847381384,-0.09884198171422873,-0.07985818240738612
-0.03947364706081635,0.0161477371607488,0.023644190285850644,-0.063117837346667,-0.0441340380398244
-0.04657536215128033,0.0006871667698291617,0.019182122191548096,-0.06575748434282842,-0.046773685035985835
-0.0057471209243954435,-0.015326919115337678,0.014560304245582047,-0.02030742516997749,-0.0013236258631348944
-0.01618496926605395,0.0014147940136839399,0.01939212235501274,-0.03557709162106669,-0.016593292314224094
-0.0011750729876726096,-0.01845935787384867,0.013656252539319146,-0.014831325526991755,0.00415247377985084
-0.01764711162210597,-0.01447813845705137,0.014805270440142683,-0.03245238206224865,-0.013468582755406059
-0.059880183953501254,-0.001509761003189447,0.01854806787960428,-0.07842825183310553,-0.05944445252626294
0.0063694204644377805,0.016476655480623936,0.023739119250541913,-0.017369698786104133,0.0016141005207384639
0.025316430864913864,-0.00698088356543769,0.01696904971871128,0.008347381146202582,0.027331180453045178
-0.0030864168005625414,0.017562006217166637,0.024052361826346187,-0.02713877862690873,-0.008154979320066133
-0.058823546779717906,-0.011019457310067593,0.015803478811768232,-0.07462702559148614,-0.05564322628464354
0.07894737254879813,0.008918403718310097,0.02155773569323575,0.05738963685556238,0.07637343616240498
-0.03658533128225516,0.012982193897784988,0.022730584303816432,-0.05931591558607159,-0.040332116279229
-0.006329107716228521,-0.01646322377571363,0.014232355881306384,-0.020561463597534906,-0.001577664290692309
0.0031847102322188903,0.0029845287333754023,0.01984516276892709,-0.0166604525367082,0.0023233467701343946
0.005714249816342054,0.005639807253104534,0.020611501478612012,-0.014897251662269958,0.004086547644572637
-0.021464671265706947,0.0016469543057482383,0.019459126029896072,-0.04092379729560302,-0.021939997988760424
0.03870971860300254,-0.0015738434957162095,0.01852957306097359,0.02018014554202895,0.03916394484887154
-0.024844696582373316,0.014237268879836451,0.023092810915886212,-0.04793750749825953,-0.028953708191416933
0.0063694204644377805,0.005715269388667954,0.020633280570774307,-0.014263860106336526,0.0047199392005060695
0.023417683460262406,0.014436542471763847,0.023150323175401458,0.00026736028486094854,0.019251159591703544
-0.053803347724212025,0.0036988464765423945,0.02005132168353296,-0.07385466940774499,-0.05487087010090239
-0.01960782480441492,-0.005796972083329965,0.0173107378658636,-0.036918562670278515,-0.017934763363435923
0.006666660308837891,-0.002492370531228194,0.01826447739662996,-0.011597817087792069,0.007385982219050525
0.07284769205287711,0.0035791630944272956,0.020016779917786227,0.052830912135090884,0.07181471144193348
0.018518500803375026,0.0009963029974375814,0.0192713418557084,-0.0007528410523333744,0.01823095825450922
-0.054545475563070656,-4.1352477946232646e-05,0.01897186458724308,-0.07351734015031373,-0.05453354084347114
-0.006410250532086104,-0.004134884052006904,0.017790432326479654,-0.024200682858565758,-0.005216883551723164
-0.0064516069489636285,0.01326268999363811,0.0228115381527519,-0.02926314510171553,-0.010279345794872932
0.0,-0.0020693734728036706,0.018386558382690373,-0.018386558382690373,0.0005972409241522218
-0.02597400184666021,0.00330615690296554,0.019937987726704843,-0.04591198957336505,-0.026928190266522458
-0.0999999841054281,0.0008552202959737354,0.019230624042267986,-0.11923060814769608,-0.10024680884085349
0.07407409042651403,-8.42619976980652e-05,0.018959480490525732,0.055114609935988296,0.0740984092428309
0.02758617968111432,-0.00595254815297297,0.017265837128113408,0.010320342553000912,0.029304141859843508
-0.02684561181007228,0.0009031888869577287,0.019244468235201775,-0.046090080045274054,-0.02710628073843146
0.06206890428250711,0.0008515791660903549,0.019229573177450648,0.04283933110505646,0.06182313041189906
-0.01298700092333005,-0.015810858882773227,0.014420634612364206,-0.027407635535694256,-0.00842383622885166
0.013157882353605377,-0.003841187197329843,0.01787519604033469,-0.004717313686729313,0.014266485620113283
-0.03181812129870598,0.01956614972249704,0.024630776759652313,-0.056448898058358295,-0.0374650987515157
-0.0006707221276340825,0.008253202753460531,0.02136575234938074,-0.022036474477014824,-0.003052675170172227
-0.02684561181007228,-0.0003861064902076494,0.018872365290671333,-0.045717977100743615,-0.026734177793901016
-0.02758626189441482,-0.011586262936400304,0.015639893301209334,-0.04322615519562416,-0.02424235588878156
0.0070921919858044635,-0.006998305064656485,0.016964021707851815,-0.009871829722047351,0.009111969584795244
-0.007042247017941761,-0.007218732334382416,0.01690040429513747,-0.02394265131307923,-0.004958852006236635
-0.028368767943217854,0.018474751389515376,0.0243157887898273,-0.05268455673304515,-0.03370075742620256
-0.1678832250167568,0.0004521286642489297,0.019114287952232398,-0.1869975129689892,-0.1680137136621466
0.09210528104479199,-0.004579421277258522,0.017662134642799757,0.07444314640199223,0.09342694570883482
-0.028112422881404142,0.004483965263404999,0.020277914454725588,-0.04839033733612973,-0.029406538029287135
0.06611563734210146,-0.0016966239932159066,0.01849413743818326,0.0476214999039182,0.06660529921076079
0.0,-0.0015833068345566526,0.018526841851112776,-0.018526841851112776,0.00045695745572981854
0.0077519308209068605,0.0029581644391338813,0.019837553782118107,-0.012085622961211247,0.006898176345631351
-0.007692300638503458,-0.006377683373153031,0.01714313904817427,-0.024835439686677726,-0.005851640379835132
0.015503861641813499,0.011890829058788244,0.02241560600067497,-0.006911744358861473,0.012072054947981125
0.015267252678933252,0.009445048649426635,0.021709730444059525,-0.006442477765126273,0.012541321541716322
-0.015037668789816938,-0.0014458676054706077,0.018566508123669615,-0.03360417691348655,-0.014620377606643956
-0.06870222755762179,0.0001550346964389604,0.019028543799121903,-0.08773077135674369,-0.06874697204990109
-0.032786950921536606,-0.011222026747550129,0.015745015339786467,-0.04853196626132307,-0.029548166954480478
-0.03389827426361236,-0.007318600335353365,0.016871581437409272,-0.05076985570102163,-0.03178605639417904
0.021929803922675628,0.008757581265902425,0.021511320799374057,0.0004184831233015711,0.019402282430144167
0.19313307399939927,0.01304908677799732,0.022749890227141665,0.1703831837722576,0.18936698307910022
-0.03597118908694685,1.660326849850513e-05,0.018988591168511027,-0.05495978025545788,-0.03597598094861528
0.03731339632150399,-0.006108624209833935,0.0172207920892827,0.020092604232221287,0.039076403539063886
-0.014388475634778741,0.009854453563032717,0.021827888607468898,-0.03621636424224764,-0.017232564935405044
-0.16131383603049443,0.014534424705965554,0.02317857292189768,-0.1844924089523921,-0.1655086096455495
0.05308963179063686,-0.0020035816359177394,0.018405546534408675,0.03468408525622818,0.05366788456307078
-0.012396682001644233,0.0023538963079141606,0.019663156235291312,-0.03205983823693555,-0.013076038930092949
-0.037656965957120425,-0.0038120096998572883,0.017883616944431496,-0.05554058290155192,-0.036556783594709326
0.0,0.0061886426142414575,0.020769900599215765,-0.020769900599215765,-0.0017861012923731695
-0.04347822030685711,0.001148059539441082,0.019315140241347083,-0.0627933605482042,-0.043809561241361594
-0.03636370926848953,0.009321148810237156,0.021673971768580044,-0.05803768103706958,-0.039053881730226975
0.01886802001456611,0.006932489951473775,0.02098458203635379,-0.002116562021787678,0.016867237285054917
0.009259250061012025,0.0008194255259321714,0.01922029333018513,-0.009961043269173103,0.009022756037669492
0.018348605792718242,0.01217813742034668,0.02249852593447568,-0.004149920141757437,0.01483387916508516
0.036036001204980295,-0.0036716195284263176,0.01792413488709833,0.018111866317881965,0.037095665624724564
0.12173912051945379,-0.0047351076976228645,0.017617202056778743,0.10412191846267504,0.12310571776951765
-0.08527133144027732,-0.005245281583003636,0.01746996100687279,-0.1027412924471501,-0.08375749314030752
-0.1271186295133725,0.003710798414438443,0.020054771126820147,-0.14717340064019263,-0.12818960133335006
-0.009708728874782357,-0.007658808766684566,0.016773394038854608,-0.026482122913636965,-0.007498323606794371
0.00980391240220757,-0.004486838293256468,0.017688854975138432,-0.007884942572930861,0.011098856733911732
0.0,0.011455854954693034,0.022290068324984105,-0.022290068324984105,-0.0033062690181415093
0.0,-0.00035407668843834283,0.018881609396996516,-0.018881609396996516,0.00010218990984607884
-0.07087374393334656,0.004473544672805918,0.020274906972875935,-0.09114865090622248,-0.0721648515993799
0.011494229249051191,0.012269004495714109,0.022524751039214228,-0.011030521790163037,0.007953277516679558
-0.060950429316618426,0.0011706778016009611,0.01932166808756364,-0.08027209740418206,-0.06128829809733947
0.04620461678310783,-0.0019683184132291975,0.018415723836854983,0.02778889294625285,0.046772692253095445
0.0830704503102826,-0.007922511336500904,0.016697286961728,0.06637316334855459,0.08535696265539719
0.0679612178606539,-0.0028651005386203243,0.01815690396099848,0.04980431389965542,0.06878811320649801
-0.13545458673445554,0.002405026057131332,0.019677912768645712,-0.15513249950310126,-0.13614870019625866
0.017875941107851512,0.0067422110558885695,0.02092966573200395,-0.0030537246241524388,0.015930074682690157
-0.056818189515062456,0.007411233485312474,0.021122751986988337,-0.07794094150205079,-0.0589571421952082
-0.012048168387759017,0.008470153458069118,0.021428366392239016,-0.033476534779998034,-0.014492735473155438
-0.05764965143508105,-0.0010244071333035398,0.01868814563627852,-0.07633779707135957,-0.057353997764516974
0.0,0.0038553825145495324,0.020096499477310247,-0.020096499477310247,-0.0011127001704676512
-0.01176476445577379,0.007117275205842377,0.021037912823444284,-0.032802677279218075,-0.013818877972375479
0.029761948265863092,0.002357910335732072,0.01966431472200966,0.010097633543853433,0.02908143285069603
-0.015028914798572157,-0.006756896218903741,0.017033694603552245,-0.0320626094021244,-0.013078810095281806
-0.00234738762355724,0.0003240945218980773,0.01907733607742313,-0.02142472370098037,-0.002440924394137774
-0.164705931026629,0.004034153877153557,0.02014809459787054,-0.18485402562449954,-0.16587022631765694
0.014084577986089863,0.002814673351556163,0.019796140885471464,-0.0057115628993816,0.013272236407460997
-0.06944445824181533,-0.00015543889679858758,0.018938938158483805,-0.08838339640029913,-0.06939959709345654
-0.03582087826107461,-0.006424666064487883,0.01712957939528379,-0.0529504576563584,-0.0339666583495158
0.007739930367753223,0.009877842794752345,0.02183463896285473,-0.014094708595101507,0.004889090711741087
0.016897046393104187,0.0014687129405193122,0.019407683871633913,-0.002510637478529726,0.01647316182831287
-0.05740179391973199,-0.002665087639215691,0.018214629591703963,-0.07561642351143595,-0.056632624204593356
-0.07051286643602339,-0.013839541336347905,0.014989575660801164,-0.08550244209682456,-0.06651864278998196
0.15172414147471147,-0.0025479738404268204,0.018248429751191307,0.13347571172352016,0.15245951103036276
-0.10179634841235707,-0.005300074155050516,0.01745414734790981,-0.11925049576026689,-0.10026669645342429
0.12833326545026846,0.00902409277936278,0.021588238564431043,0.10674502688583742,0.12572882619268003
0.04431319292051761,-0.004218283044793103,0.01776636258161262,0.026546830338904988,0.04553062964574758
-0.13578502603213827,-0.007038730380597102,0.01695235457605138,-0.15273738060818964,-0.13375358130134704
-0.14893620342216507,0.00025071394456976925,0.019056157742823623,-0.1679923611649887,-0.1490085618581461
-0.030769179629149046,-0.0010696923700230787,0.01867507588498216,-0.0494442555141312,-0.03046045620728861
-0.07142859677068203,0.005750475751703066,0.020643441462982248,-0.09207203823366428,-0.07308823892682167
0.010683750614673082,-0.011550909428841738,0.015650096660730365,-0.004966346046057283,0.014017453260785313
0.008456676936391627,-0.007555395210577687,0.01680324017761634,-0.008346563241224712,0.010637236065617884
0.010482170338829366,-0.007712913029036983,0.016757779032635284,-0.0062756086938059175,0.012708190613036676
0.0,-0.00014870682600087726,0.018940881098333726,-0.018940881098333726,4.2918208508867695e-05
0.00829877211956842,0.006879188518795987,0.020969198734436815,-0.012670426614868394,0.006313372691974201
0.016460877338669633,-0.002777466728829614,0.018182195914449237,-0.001721318575779604,0.01726248073106299
-0.008097122271993995,0.011044879965972587,0.022171457022919668,-0.030268579294913663,-0.011284779988071068
-0.020408204226431526,-0.013457974663146133,0.015099699442478891,-0.03550790366891042,-0.01652410436206782
-0.02083331393077914,0.006717966037625089,0.020922668388458153,-0.04175598231923729,-0.022772183012394698
-0.01702124772432323,0.006264619755036449,0.02079182832680056,-0.03781307605112379,-0.018829276744281195
0.04978355257606859,0.01450830719454621,0.023171035158965257,0.026612517417103333,0.04559631672394593
-0.006185610087317661,0.003833182103508026,0.020090092226912364,-0.026275702314230025,-0.00729190300738743
0.01659754423913662,-0.0015969365120942491,0.01852290819616096,-0.001925363957024341,0.017058435349818254
-0.010204071702683226,0.0017991292600010311,0.019503045173301165,-0.02970711687598439,-0.010723317569141794
-0.010309329662834377,-0.004194177587506065,0.017773319646529336,-0.028082649309363713,-0.009098850002521117
0.10416663174206953,-0.006971599351452862,0.01697172923143008,0.08719490251063944,0.10617870181748204
-0.047169768882415086,-0.0032112659361860363,0.01805699732516461,-0.0652267662075797,-0.0462429669007371
-0.037623750456477145,0.0014266227216406246,0.019395536232963924,-0.05701928668944107,-0.038035487382598474
0.0020575866717147395,0.006723453106275201,0.020924252008812115,-0.018866665337097376,0.00011713396974522157
0.02258728470116389,-0.005695885604828921,0.017339912387830125,0.005247372313333765,0.02423117162017636
0.10441770360895974,0.0012416323054647016,0.019342146234218788,0.08507555737474096,0.10405935668158356
-0.06909088505201155,0.00842991886716793,0.021416754305504302,-0.09050763935751585,-0.07152384005067326
0.08984375318323123,-0.012159612938677844,0.01547441902132549,0.07436933416190575,0.09335313346874834
-0.08602156854848919,0.0007212876971294246,0.01919196981664891,-0.10521353836513811,-0.08622973905829551
-0.01372543061434861,-0.002151010615372817,0.018362997124602397,-0.03208842773895101,-0.01310462843210841
-0.0815109480574574,-0.0093947947580596,0.016272371922049646,-0.09778331997950704,-0.07879952067266445
-0.10606065688445243,-0.01640093410321941,0.014250333274973843,-0.12031099015942627,-0.10132719085258368
-0.03147695407267148,-0.002295598477193961,0.018321267688446892,-0.04979822176111837,-0.030814422454275778
-0.06000004619359911,0.0040230650909416354,0.020144894268393058,-0.08014494046199216,-0.061161141155149576
-0.06117021993322047,-0.014734533990868215,0.014731272243307867,-0.07590149217652833,-0.05691769286968574
0.022662936395087208,0.00022931406074522265,0.01904998153221684,0.003612954862870367,0.022596754169712963
0.0,0.005893173970516585,0.020684625530140312,-0.020684625530140312,-0.001700826223297715
-0.0415512893012967,-0.002709582086142026,0.01820178806988532,-0.05975307737118202,-0.04076927806433943
-0.09537570437059695,7.936755559079245e-05,0.01900670554047887,-0.11438240991107582,-0.09539861060423323
-0.051118220292868166,-0.013744071674259506,0.015017129115971788,-0.06613534940883996,-0.047151550101997355
0.0,0.008109754957160709,0.021324351947009858,-0.021324351947009858,-0.0023405526401672604
0.11784510939860926,-0.001304030159777203,0.018607443763494238,0.09923766563511502,0.11822146494195762
-0.06927711681550319,0.011814893014644445,0.02239369013397573,-0.09167080694947892,-0.07268700764263633
-0.07766987107553303,0.00630385429964031,0.020803151790634355,-0.09847302286616738,-0.07948922355932478
0.05614036078378226,0.005207990781392224,0.020486875125747733,0.03565348565803453,0.054637284964877124
-0.06976743495271831,0.00429300817103373,0.020222802416313922,-0.08999023736903224,-0.07100643806218963
-0.028571379914575923,-0.00624643434611849,0.017181018769370265,-0.04575239868394619,-0.026768599377103592
0.24999994521632218,-0.005018858888767519,0.017535308756291557,0.23246463646003063,0.2514484357668732
-0.017647094400696117,0.01059436938392988,0.022041435371489584,-0.039688529772185704,-0.020704730465343105
0.08383232891771186,-9.824505308242415e-05,0.018955444847356444,0.06487688407035541,0.08386068337719801
0.011049746499132596,-0.013399820506516447,0.015116483286818866,-0.00406673678768627,0.014917062519156326
-0.16393443423873222,-0.008482848196321058,0.016535568398890654,-0.18047000263762286,-0.1614862033307803
-0.019607785847130188,-0.012585283719027562,0.015351566373612641,-0.034959352220742826,-0.015975552913900234
-0.013333359824285518,-0.0016855698941634634,0.018497327756615636,-0.03183068758090116,-0.012846888274058558
0.0304054162901104,0.007265792222727274,0.021080776251231677,0.009324640038878722,0.028308439345721317
-0.09836065733954968,-0.014339628627712542,0.014845245698145007,-0.11320590303769469,-0.09422210373085209
0.2472726811653334,-0.011832519778109618,0.015568821227630458,0.23170385993770296,0.25068765924454556
-0.09037897606864786,-0.004800280229768528,0.017598392642316076,-0.10797736871096394,-0.08899356940412134
0.12500001194003274,0.012010022325859904,0.022450006314544923,0.10255000562548781,0.12153380493233042
-0.04273508555134198,0.006474957307233353,0.020852533750789493,-0.06358761930213147,-0.044603819995288875
-0.06547614665545654,0.010505999486313922,0.022015930976070866,-0.0874920776315274,-0.0685082783246848
-0.044585981215805814,0.01885855702012762,0.024426558755971266,-0.06901253997177709,-0.050028740664934485
-0.06666669978035678,0.009393730253031363,0.021694919465330007,-0.08836161924568678,-0.06937781993884419
0.0,0.0017529924220356374,0.019489729641761766,-0.019489729641761766,-0.0005059303349191694
-0.08928573519295568,0.0028401189192852616,0.019803484719045163,-0.10908921991200085,-0.09010542060515825
-0.12156858391048553,0.0010049156221052513,0.019273827541343932,-0.14084241145182946,-0.12185861214498686
0.16071420731213237,-0.008083839306732843,0.016650726170600053,0.14406348114153233,0.1630472804483749
-0.011538428032890735,0.015616441094852496,0.023490853173161925,-0.035029281206052656,-0.016045481899210064
0.031128351877065086,-0.0008358389332403515,0.01874256821758226,0.012385783659482827,0.03136958296632542
-0.003773536525953025,0.019075017703661823,0.024489031374073128,-0.028262567900026153,-0.009278768593183558
-0.05303029789904912,0.0015970120755575135,0.019444712225860535,-0.07247501012490964,-0.053491210818067056
-0.01200002431869518,0.0011904273935798848,0.019327368008201524,-0.0313273923268967,-0.012343593020054108
0.02024295650145813,0.0012820490603360213,0.019353810895212955,0.0008891456062451765,0.019872944913087772
-0.019841309731628787,0.007390278097329839,0.02111670406212161,-0.0409580137937504,-0.0219742144869078
0.02024295650145813,-0.0020209310950652926,0.018400539315000963,0.0018424171864571681,0.020826216493299764
-0.02380951254636343,0.00406112922094648,0.020155879939408906,-0.04396539248577234,-0.024981593178929742
-0.01626019510465382,0.0005968736678840791,0.01915606274101441,-0.03541625784566823,-0.016432458538825634
-0.020661137432733012,-0.001954157460090089,0.018419810823013274,-0.03908094825574629,-0.02009714894890369
-0.07172997637631551,0.0009801185306033133,0.019266670864195246,-0.09099664724051075,-0.07201284793366816
0.036363642521141104,-0.0009462486392383118,0.01871070292322519,0.017652939597915914,0.036636738904758506
-0.03947369882962526,0.0037840728581564065,0.020075918830247296,-0.05954961765987256,-0.040565818353029956
-0.05936071568032886,0.005873742123607695,0.020679017313760633,-0.0800397329940895,-0.06105593368724689
0.15048545234355526,-0.005408509126972105,0.017422851980644312,0.13306260036291095,0.15204639966975353
-0.05063295039026283,-0.0005688697261614362,0.018819618077383533,-0.06945256846764636,-0.05046876916080377
-0.01777774804904053,-0.003906202808869552,0.017856431914655777,-0.035634179963696305,-0.016650380656853713
0.10859730245830712,0.007968189065892917,0.02128349468038284,0.08731380777792427,0.10629760708476688
0.1428571254796962,0.00409549786994079,0.020165799059353656,0.12269132642034254,0.14167512572718513
0.06428573785387726,0.003924494286698943,0.020116445794014687,0.04416929205986257,0.06315309136670516
-0.09395971946214632,0.00459935752021523,0.020311217760775983,-0.11427093722292231,-0.0952871379160797
0.011111077997420837,0.013650676351045998,0.02292351471652934,-0.011812436719108501,0.007171362587734095
0.08058602500338408,0.0026470624846992585,0.019747766790444553,0.06083825821293952,0.07982205751978212
-0.0983050357744063,-7.62494933082003e-05,0.018961792975724496,-0.1172668287501308,-0.0982830294432882
0.003759350058411659,0.004528344366900416,0.020290722687329798,-0.01653137262891814,0.0024524266779244576
-0.08239695065304509,0.005866407818910568,0.020676900563462587,-0.10307385121650767,-0.08409005190966508
-0.008163281690572344,-0.014684266911006771,0.014745779802057137,-0.02290906149262948,-0.0039252621857868856
-0.08230450933665079,0.010301467821202559,0.02195690118647759,-0.10426141052312837,-0.08527761121628578
0.026905816711578767,0.0016600585268868873,0.019462908033118783,0.007442908678459984,0.02642670798530258
-0.01746728414301746,0.0042316894655107795,0.020205105252976495,-0.037672389395993953,-0.018688590089151358
0.026666721414638106,0.0014304577464787638,0.019396643057714786,0.00727007835692332,0.026253877663765916
0.012986974450250433,0.0003701746080437829,0.01909063522984601,-0.006103660779595576,0.012880138527247021
0.03846155315696387,-0.0028264750133749628,0.018168051656035928,0.02029350150092794,0.03927730080777053
-0.053497928002740336,-0.005660579005492328,0.017350102209190834,-0.07084803021193117,-0.05186423090508858
-0.043478283404402074,-0.008016314922730805,0.016670214351942957,-0.06014849775634503,-0.041164698449502435
-0.004545463781711945,-0.0034283812973570083,0.017994335760851757,-0.0225397995425637,-0.0035560002357211077
-0.08219174447080146,0.0018256861788026324,0.01951070975339565,-0.10170245422419712,-0.08271865491735451
0.03482586622078854,0.014114629309846638,0.02305741596611955,0.011768450254668987,0.030752249561511583
-0.04807694787545258,-0.0014779006799081618,0.018557263072821156,-0.06663421094827374,-0.04765041164143114
-0.015151545939038558,0.00566597189372442,0.020619052843481284,-0.03577059878251984,-0.016786799475677246
0.07692308280124704,-0.0006710555783868699,0.018790126265673144,0.058132956535573904,0.07711675584241649
0.014285743682563856,0.0007509755941104146,0.01920053802691259,-0.004914794344348734,0.014069004962493862
-0.08920184903122841,-0.0037313402367431525,0.017906898920997998,-0.10710874795222641,-0.08812494864538381
0.09793810948819859,-0.005616897183990499,0.01736270919956027,0.08057540028863831,0.09955919959548092
0.00938969041123583,0.008805260963896,0.02152508161503504,-0.012135391203799212,0.006848408103043383
-0.05581399636245332,0.012313502764936146,0.02253759366418387,-0.07835159002663719,-0.059367790719794596
0.0788177491773343,0.0021943252026270788,0.01961710249214531,0.059200646685189,0.07818444599203159
-0.009132438732922021,0.002921374261968035,0.01982693578604392,-0.028959374518965943,-0.009975575212123345
0.06912442902628158,0.0008119284117831249,0.019218129591526207,0.04990629943475537,0.06889009874159796
-0.09051723473491569,0.005260365527706368,0.020501990977140432,-0.11101922571205612,-0.09203542640521352
0.0,-0.0006517852510764532,0.018795687865955955,-0.018795687865955955,0.00018811144088664013
0.047393391370179394,0.007556774896180896,0.02116475662649486,0.026228634743684535,0.045212434050527134
0.018099516696683526,-0.0006006499345398986,0.018810446006091833,-0.000710929309408307,0.01827286999743429
-0.04444440323629373,-0.016105744611597972,0.014335527778089394,-0.05877993101438312,-0.039796131707540525
-0.03255813566654564,0.012493688211609788,0.022589596902895706,-0.055147732569441346,-0.03616393326259875
-0.0432692459238877,0.01068444607751462,0.022067432364506142,-0.06533667828839385,-0.04635287898155124
-0.040201011421927224,-0.0031863375266721894,0.018064191901944183,-0.0582652033238714,-0.03928140401702881
-0.04712043641210306,0.0023104108269635937,0.019650605910677875,-0.06677104232278094,-0.04778724301593834
-0.08791210410704686,0.008241457963390042,0.02136236269093201,-0.10927446679797886,-0.09029066749113628
0.048192780818004044,0.0005705832608251526,0.019148475078751136,0.02904430573925291,0.048028105046095504
0.040229882104407366,0.0057423415255595245,0.020641093847724258,0.019588788256683108,0.038572587563525704
0.18784536117781414,-0.0009489536011326738,0.018709922245419654,0.1691354389323945,0.18811923823923707
-0.1069767512780001,-0.013674255653625456,0.015037278685506774,-0.12201402996350688,-0.10303023065666428
0.369791714364611,0.009579763275017639,0.021748610370057507,0.3480431039945535,0.3670269033013961
-0.049429699157466866,0.005821250684729495,0.020663867783780807,-0.07009356694124767,-0.05110976763440508
0.13600003719329834,-0.0048034698371121065,0.017597472091210827,0.11840256510208752,0.1373863644089301
-0.12676060624218033,-0.006005322001165325,0.017250606092111594,-0.14401121233429193,-0.12502741302744932
3.3145164110456555,0.001264199922982101,0.01934865946390842,3.2951677515817472,3.3141515508885897
1.4672896967193272,0.02112288421741404,0.025080065184686685,1.4422096315346404,1.4611934308414831
-0.2462121475525566,0.0003479475462115911,0.01908422028777571,-0.26529636784033234,-0.2463125685334897
-0.31155778984780147,-0.003786751350190576,0.017890906745086508,-0.329448696592888,-0.31046489728604537
0.34306571311997414,0.0017063496993998672,0.019476268107080825,0.32358944501289333,0.3425732443197359
-0.18478262348413887,-0.001658155060430544,0.01850523993914301,-0.2032878634232819,-0.1843040641164393
-0.0999999841054281,0.005229094697149161,0.02049296591714694,-0.12049295002257504,-0.10150915071573244
-0.1111110914881831,0.00800782894888763,0.021294935128742785,-0.13240602661692588,-0.11342222731008329
-0.21000001986821415,-0.0011932620709189656,0.01863941249056342,-0.22863943235877757,-0.20965563305193496
-0.13502111720857113,-0.010193100883444606,0.01604197315916449,-0.15106309036773563,-0.13207929106089303
0.08536584568052041,0.005141103203274655,0.020467570732657626,0.0648982749478628,0.08388207425470538
-0.06516850501234883,0.010304127925951478,0.021957668918083057,-0.08712617393043189,-0.0681423746235893
-0.03245193444291583,-0.0065285190034379825,0.017099606446442202,-0.04955154088935804,-0.030567741582515438
0.45341608284349544,-0.001122238087346461,0.01865991068972529,0.43475617215377016,0.45373997146061273
0.042735105435526055,0.011201787981366396,0.022216742172919066,0.02051836326260699,0.039502162569449585
-0.12295079724630453,-0.0019245297153407392,0.018428361672769105,-0.14137915891907363,-0.12239535961223104
0.01869157004308586,-0.0028710915621273925,0.01815517489446554,0.0005363951486203195,0.019520194455462915
0.11009174412262701,-0.006482917484461503,0.017112767479814956,0.09297897664281206,0.11196277594965465
-0.033057917191122055,0.006318059504952345,0.020807251548391872,-0.05386516873951393,-0.03488136943267133
0.08547010898276675,0.0056491496501236416,0.02061419778350952,0.06485591119925722,0.08383971050609983
-0.015748016714081325,0.008904173912846591,0.021553628835639854,-0.03730164554972118,-0.018317846242878584
-0.10399999618530276,0.0032365354015160275,0.019917894297262047,-0.1239178904825648,-0.10493409117572221
0.035714251502436234,-0.0014021878490156903,0.018579114518046815,0.01713513698438942,0.036118936291232015
-0.043103408409496224,-0.0030549644525015296,0.018102107424326955,-0.06120551583382318,-0.042221716526980584
-0.05405410920322551,-0.002799795225030266,0.018175751697452613,-0.07222986090067812,-0.05324606159383553
0.04761911790117157,0.008630626525532925,0.0214746804502731,0.02614443745089847,0.045128236757741066
-0.09090911061310525,0.0011164855071790214,0.01930602767444931,-0.11021513828755455,-0.09123133898071197
-0.045000016689300426,-0.0020135845401164643,0.01840265960083851,-0.06340267629013893,-0.044418876983296336
-0.09633508820645009,-0.0072390590731691296,0.016894537804425413,-0.11322962601087551,-0.0942458267040329
-0.025492416914541627,0.001091122364688113,0.019298707629585608,-0.04479112454412723,-0.02580732523728464
-0.0535077474342186,-0.012334336350379616,0.015423992178009278,-0.06893173961222787,-0.04994794030538528
-0.10552762690248141,0.011099194174331695,0.022187132621559212,-0.12771475952404063,-0.10873096021719802
0.009831417641199769,-0.00037463099831791524,0.018875677227096245,-0.009044259585896476,0.00993953972094612
-0.06119606546331047,0.0014454931932483817,0.0194009824310767,-0.08059704789438717,-0.06161324858754457
-0.14074078064069429,-0.009456980649108493,0.016254424480697284,-0.15699520512139156,-0.138011405814549
-0.01034479746495276,0.007444797710585593,0.021132438942573696,-0.031477236407526456,-0.012493437100683862
-0.24564460346400607,-0.01455068829580164,0.014784331864621272,-0.2604289353286273,-0.24144513602178475
-0.07621245380553965,-0.01202135494776202,0.015514321596356628,-0.09172677540189628,-0.07274297609505369
0.0750000018626451,-0.0020565070133361507,0.018390271765626773,0.056609730097018335,0.07559352940386092
-0.1395348869445454,-0.005780602724641426,0.01731546221892959,-0.156850349163475,-0.1378665498566324
-0.10540541629011035,-0.002208160119998248,0.018346503232414296,-0.12375191952252465,-0.10476812021568206
0.02719034239086837,-0.00875854812743615,0.01645599876884954,0.010734343622018833,0.029718142928861428
-0.11764703304297419,0.008731248071466746,0.021503720788265703,-0.1391507538312399,-0.1201669545243973
0.0,0.011964576270872662,0.022436890149562447,-0.022436890149562447,-0.0034530908427198516
-0.033333399560713795,0.0002130100613548791,0.019045276042467776,-0.052378675603181574,-0.03339487629633897
0.04137929262644291,-0.004576430353515626,0.01766299785192259,0.02371629477452032,0.04270009408136292
-0.039735082999471816,0.01020914263474304,0.021930255256968838,-0.061665338256440654,-0.04268153894959806
0.07241378778793295,0.0031784486665891176,0.019901129911468637,0.05251265787646431,0.07149645718330691
-0.0032153927946223515,-0.01573051358686217,0.01444382303118364,-0.017659215825805992,0.0013245834810366027
0.06129030211286901,-0.0034354388154940185,0.01799229889379525,0.04329800321907376,0.062281802525916356
-0.08814584984991947,0.009128437077573048,0.021618353324242227,-0.10976420317416169,-0.0907804038673191
-0.013333359824285518,0.012556739721478527,0.02260779417009667,-0.03594115399438219,-0.016957354687539592
0.006756770362638109,0.01032612390701182,0.021964017168038304,-0.015207246805400195,0.003776552501442401
-0.09731548087596043,0.0013434298232750663,0.019371525968912638,-0.11668700684487307,-0.09770320753803047
-0.014869918953191785,-5.835618166138978e-06,0.01898211509177347,-0.03385203404496526,-0.01486823473812266
0.060377371646451516,0.005090947698625836,0.02045309537557904,0.03992427627087247,0.05890807557771507
-0.024911030518746213,0.001649398844549843,0.019459831547112845,-0.04437086206585906,-0.025387062759016463
-0.01824815851007522,-0.00024130405535727206,0.0189141566546499,-0.037162315164725124,-0.018178515857882525
-0.06319698936710727,0.004837813139759728,0.02038003832722168,-0.08357702769432895,-0.06459322838748635
-0.05158734617064409,0.011715927882596233,0.02236512785283117,-0.07395247402347525,-0.05496867471663266
0.012552327081371217,-0.0020816677921287052,0.01838301012485678,-0.005830683043485562,0.013153116263357034
-0.03719009663895678,0.0011647735102702228,0.019319964052764132,-0.05651006069172092,-0.03752626138487832
-0.0557939776923857,0.0009163899374069473,0.019248278184287183,-0.07504225587667288,-0.05605845656983029
-0.049999966133724594,0.002501874243978186,0.01970586407921147,-0.06970583021293607,-0.05072203090609347
0.0191387228906712,-0.002706123039226127,0.018202786383821345,0.0009359365068498555,0.01991973581369245
-0.014084535616853633,-0.0073807894850155265,0.016853633055590043,-0.030938168672443676,-0.011954369365601078
0.04285716008977891,0.0070010425881694704,0.021004366981232658,0.021852793108546254,0.04083659241538885
-0.03196346752339474,0.0002488018529340774,0.01905560589493798,-0.05101907341833272,-0.032035274111490125
-0.004716990747011263,-0.007367046509680453,0.016857599409366965,-0.021574590156378227,-0.0025907908495356323
0.04265404517099958,-0.005975035585443322,0.017259347040593245,0.025394698130406332,0.04437849743724893
0.059090893697147484,0.00802787620486467,0.021300720958049964,0.037790172739097516,0.05677397204594012
-0.07296133084639556,0.0011160825806737495,0.019305911386016342,-0.0922672422324119,-0.0732834429255693
0.01388884768840537,0.0015028090913065117,0.019417524345996712,-0.005528676657591342,0.013455122649251253
-0.07305937377971194,0.011847649793331305,0.022403144052774007,-0.09546251783248595,-0.07647871852564335
0.06403946708454522,-0.00019981663563317653,0.01892613031973373,0.045113336764811496,0.06409713607165408
0.050925889835579996,-0.0011152197300303701,0.01866193625459532,0.032263953580984675,0.05124775288782727
0.017621181232781558,0.0025808546645145203,0.01972865858197812,-0.002107477349196564,0.01687632195764603
0.0822510532088847,0.0027103813151374556,0.019766041208911855,0.06248501199997285,0.08146881130681545
0.0,0.008503672791998707,0.021438040391754412,-0.021438040391754412,-0.0024542410849118157
-0.06000000238418601,0.0023446558536817097,0.019660489352054476,-0.07966049173624049,-0.06067669242939789
-0.004255327783379892,-0.000393860697500914,0.01887012735247856,-0.023125455135858453,-0.004141655829015856
0.0,0.007664386564552705,0.02119581438050234,-0.02119581438050234,-0.002212015073659743
0.2094016903520839,0.0025213273947457537,0.019711478444087983,0.1896902119079959,0.2086740112148385
1.4028269451755202,-0.0025259318472709014,0.01825479128067625,1.384572153894844,1.4035559532016866
-0.4264706153048774,-0.001562130321101196,0.018532953594900294,-0.4450035688997777,-0.4260197695929351
-0.07435893673868421,-0.003065171894990004,0.018099161459055258,-0.09245809819773947,-0.07347429889089688
0.052631561567387575,0.003933590015736899,0.02011907090817985,0.03251249065920772,0.051496289966050324
0.16842108235134678,0.0015724312002203256,0.0194376179507595,0.1489834644005873,0.16796726370742987
-0.09459458370988971,0.0009073212238914774,0.019245660867059512,-0.11384024457694922,-0.09485644527010663
-0.042288604793192075,-0.004083652583445674,0.017805218217007056,-0.06009382301019913,-0.041110023703356535
-0.06753245124649576,0.0026755639309195,0.01975599257970104,-0.0872884438261968,-0.06830464451935421
-0.06406685814866464,0.006195317856513505,0.02077182713781109,-0.08483868528647573,-0.06585488597963314
-0.0684523875518892,0.005084444409779065,0.02045121846438253,-0.08890360601627173,-0.06991980670942914
-0.12140571368613107,0.005448765178485582,0.020556364913513012,-0.14196207859964408,-0.12297827929280149
-0.007272741853698084,0.0010166989647510949,0.019277228326433665,-0.02654997018013175,-0.007566170873289155
0.025641022841897287,0.0007410719362856977,0.019197679736792678,0.00644334310510461,0.025427142411947205
0.0,0.010208065293514812,0.021929944326013535,-0.021929944326013535,-0.0029461450191709416
0.010714254163357584,-0.008763028841120457,0.0164547055921384,-0.005740451428780817,0.013243347878061779
-0.010600675828230544,0.0055170270744306915,0.020576065947837865,-0.03117674177606841,-0.012192942469225813
0.010714254163357584,0.0028262026252154904,0.01979946834382811,-0.009085214180470525,0.009898585126372072
-0.08480561724297109,0.006389375498743188,0.02082783402448826,-0.10563345126745935,-0.08664965196061675
0.02316595474787797,-0.013927543241993745,0.014964177471375323,0.008201777276502648,0.027185576583345243
0.01886802001456611,-0.007816403936922511,0.016727910569412374,0.002140109445153738,0.021123908751996334
0.029629578119444888,-0.007140265531926926,0.016923050562826548,0.01270652755661834,0.03169032686346094
0.035971189086947186,0.01079203564940956,0.02209848374125962,0.013872705345687568,0.032856504652530164
-0.03819436827145284,-0.001558102589770738,0.01853411603658308,-0.05672848430803592,-0.03774468500119332
0.06859203290348392,-0.02314909375473495,0.012302750028370467,0.05628928287511346,0.07527308218195605
-0.02364864592747229,-0.005142620237842288,0.017499590050380244,-0.04114823597785253,-0.022164436671009938
0.05536333000626681,0.011090468702846357,0.022184614367255648,0.03317871563901116,0.05216251494585376
-0.026229560737229263,0.0008133101292933098,0.01921852836837995,-0.04544808910560921,-0.026464289798766617
-0.05723902446660367,-0.004960171878030217,0.01755224638740992,-0.07479127085401359,-0.05580747154717099
-0.06071424884151455,0.0157933986591674,0.023541924814234026,-0.08425617365574858,-0.06527237434890598
-0.08745253158819433,-0.013693502993456064,0.015031723719629912,-0.10248425530782423,-0.08350045600098165
0.008333350407581097,-0.018381860868696753,0.013678618914255446,-0.0053452685066743486,0.013638530800168247
0.00413223980155597,-0.02996879838863975,0.010334518217376862,-0.006202278415820892,0.012781520891021704
-0.012345703995240709,0.010354085880061037,0.021972087260191564,-0.03431779125543227,-0.015333991948589675
-0.0041666752037903265,-0.007734647858502863,0.016751506153521344,-0.02091818135731167,-0.0019343820504690756
0.029288763189866396,0.023042611519136447,0.02563411679637936,0.0036546463934870356,0.02263844570032963
0.016260134530829307,0.004671676849538509,0.02033208980907792,-0.004071955278248614,0.014911844028593982
-0.023999989032745583,4.303397765514916e-05,0.018996219323298053,-0.04299620835604363,-0.02401240904920104
-0.04098362808216616,0.016847579753558328,0.02384617153398386,-0.06482979961615001,-0.045846000309307425
-0.01709398824744135,0.0038237284285767004,0.020087363806147906,-0.03718135205358926,-0.01819755274674666
0.0,0.016133247764330783,0.02364000850782902,-0.02364000850782902,-0.004656209200986425
0.0,0.001989779357261412,0.01955806860999538,-0.01955806860999538,-0.0005742693031527836
0.0,0.009722284736913167,0.021789743423482943,-0.021789743423482943,-0.002805944116640346
0.0,-0.0019845553982971165,0.018411037688078623,-0.018411037688078623,0.0005727616187639709
0.0,0.004239676828782013,0.0202074104822086,-0.0202074104822086,-0.0012236111753660048
0.0,-0.008932805548120926,0.016405706414985954,-0.016405706414985954,0.002578092891856641
0.0,0.01148337085011919,0.02229800967488018,-0.02229800967488018,-0.003314210368037586
0.0,-0.0031537266931381813,0.018073603699579163,-0.018073603699579163,0.0009101956072634338
0.0,0.0015951960865450143,0.01944418811410868,-0.01944418811410868,-0.00046038880726608205
0.0,-0.00597597320797616,0.01725907643378622,-0.01725907643378622,0.001724722873056377
0.0,-3.937906806072977e-05,0.018972434132160532,-0.018972434132160532,1.1365174682064173e-05
0.0,0.010093051774424433,0.021896750327281896,-0.021896750327281896,-0.0029129510204393
0.0,-0.02115107439771169,0.012879397474056465,-0.012879397474056465,0.006104401832786131
0.0,-0.0016025435809103872,0.018521289942614396,-0.018521289942614396,0.0004625093642282012
0.0,-0.003018017615584734,0.018112770633899652,-0.018112770633899652,0.0008710286729429434
0.0,-0.01726024985928465,0.014002326550699157,-0.014002326550699157,0.0049814727561434385
0.0,0.0115800702824842,0.022325918053483503,-0.022325918053483503,-0.003342118746640907
0.0,0.004472672652839682,0.02027465529959542,-0.02027465529959542,-0.001290855992752824
0.0,0.010665025888896507,0.02206182751282039,-0.02206182751282039,-0.0030780282059777943
0.0,0.007495302358939249,0.021147015065856003,-0.021147015065856003,-0.0021632157590134086
0.0,0.005407711405364557,0.02054451640297542,-0.02054451640297542,-0.001560717096132822
0.0,0.0012566297656613212,0.01934647464429337,-0.01934647464429337,-0.0003626753374507769
0.0,0.00026455008109871336,0.019060150983809768,-0.019060150983809768,-7.635167696717202e-05
0.0,-0.002896455862498093,0.018147854515426685,-0.018147854515426685,0.00083594479141591
0.0,0.01697685316676334,0.02388348107418313,-0.02388348107418313,-0.004899681767340535
0.0,-0.0019410273951238066,0.018423600285011166,-0.018423600285011166,0.0005601990218314283
0.0,0.0028092730585327352,0.019794582309391122,-0.019794582309391122,-0.0008107830025485254
0.0,0.0025111788443470395,0.01970854947563517,-0.01970854947563517,-0.0007247501687925735
0.0,-0.0018612489301417234,0.01844662511101746,-0.01844662511101746,0.0005371741958251343
0.0,0.00403867571712313,0.020149399644019912,-0.020149399644019912,-0.0011656003371773177
0.0,-0.0012532169669905446,0.018622108935643134,-0.018622108935643134,0.000361690371199461
0.0,0.004236552581176722,0.020206508794547294,-0.020206508794547294,-0.0012227094877046974
0.0,-0.009324107094664358,0.016292773056000173,-0.016292773056000173,0.002691026250842424
0.0,0.00013839090212397487,0.019023740241316256,-0.019023740241316256,-3.994093447366038e-05
0.0,-0.001681413492255035,0.018498527333854622,-0.018498527333854622,0.0004852719729879735
0.0,0.008970249395274354,0.021572698850167243,-0.021572698850167243,-0.0025888995433246483
0.0,-0.009586022165882668,0.01621718186802003,-0.01621718186802003,0.002766617438822565
0.0,0.009689347495581924,0.02178023742144405,-0.02178023742144405,-0.002796438114601456
0.0,0.007113411987488272,0.021036797861775775,-0.021036797861775775,-0.0020529985549331783
0.0,-0.002070122839989974,0.018386342108172138,-0.018386342108172138,0.000597457198670456
0.0,0.006051847587953629,0.02073042024973159,-0.02073042024973159,-0.0017466209428889945
0.0,0.0077076668832223305,0.021208305493324437,-0.021208305493324437,-0.0022245061864818423
0.0,-0.007609466332438197,0.01678763473605911,-0.01678763473605911,0.002196164570783487
0.0,0.004679145956573816,0.020334245464616655,-0.020334245464616655,-0.0013504461577740587
0.0,-0.00017116047891174713,0.018934400759916654,-0.018934400759916654,4.939854692594057e-05
0.0,0.00397155273894878,0.020130027312227922,-0.020130027312227922,-0.0011462280053853263
0.0,-0.0018227694906369774,0.018457730644316647,-0.018457730644316647,0.0005260686625259479
0.0,-0.0004748538883844189,0.01884675194498976,-0.01884675194498976,0.00013704736185283687
0.0,-0.009191323428069387,0.01633109568881234,-0.01633109568881234,0.002652703618030254
0.0,0.002145772011323821,0.01960308957798284,-0.01960308957798284,-0.0006192902711402426
0.0,-0.00029944716993013376,0.018897375997152858,-0.018897375997152858,8.642330968973812e-05
0.0,0.0026514435020339455,0.01974903119383818,-0.01974903119383818,-0.0007652318869955837
0.0,0.001614127248163344,0.01944965182793743,-0.01944965182793743,-0.00046585252109483227
0.0,-0.003300233889343751,0.018031320325211646,-0.018031320325211646,0.0009524789816309503
0.0,-0.018614700871699585,0.01361141906831144,-0.01361141906831144,0.005372380238531155
0.0,0.004092509543626166,0.0201649365998734,-0.0201649365998734,-0.0011811372930308028
0.0,-0.002812083478299976,0.01817220519034045,-0.01817220519034045,0.0008115941165021457
0.0,0.012265644545291332,0.022523781325471406,-0.022523781325471406,-0.0035399820186288126
0.0,0.025295927786425976,0.02628444536566363,-0.02628444536566363,-0.007300646058821035
0.0,0.007431229727488331,0.02112852309322587,-0.02112852309322587,-0.0021447237863832743
0.0,0.0037568333092317108,0.020068057236587628,-0.020068057236587628,-0.0010842579297450326
0.0,0.0009690634297987444,0.019263480256647654,-0.019263480256647654,-0.0002796809498050589
0.0,-0.00289265965137242,0.018148950138169882,-0.018148950138169882,0.0008348491686727122
0.0,0.00023222772482434095,0.019050822443463723,-0.019050822443463723,-6.702313662112739e-05
0.0,-0.006049734794859041,0.01723778813619478,-0.01723778813619478,0.0017460111706478123
0.0,-0.013203489851361216,0.01517314618670878,-0.01517314618670878,0.0038106531201338146
0.0,0.003917814394541086,0.020114517913417965,-0.020114517913417965,-0.0011307186065753676
0.0,0.003963584828470035,0.02012772769725729,-0.02012772769725729,-0.0011439283904146943
0.0,2.195086225209586e-05,0.01899013453507939,-0.01899013453507939,-6.335228236794762e-06
0.0,0.0053404615405816536,0.020525107450497817,-0.020525107450497817,-0.0015413081436552217
0.0,0.003467959094991535,0.01998468538276619,-0.01998468538276619,-0.0010008860759235945
0.0,0.003020480305938378,0.019855538735713378,-0.019855538735713378,-0.0008717394288707839
0.0,0.005722005647630368,0.020635224719368513,-0.020635224719368513,-0.0016514254125259181
0.0,-0.003801238017440034,0.017886725754728963,-0.017886725754728963,0.001097073552113632
0.0,0.005607785488815242,0.02060225969198023,-0.02060225969198023,-0.001618460385137635
0.0,0.0024484564662998753,0.01969044719901752,-0.01969044719901752,-0.0007066478921749263
0.0,0.0004514491145146682,0.019114091827696817,-0.019114091827696817,-0.00013029252085422036
0.0,0.006051417924264779,0.020730296244692394,-0.020730296244692394,-0.0017464969378497997
0.0,-0.0018697756269248078,0.018444164224989096,-0.018444164224989096,0.0005396350818535009
0.0,0.0024954538421815275,0.019704011090008286,-0.019704011090008286,-0.0007202117831656901
0.0,-0.006144213927296471,0.01721052055733016,-0.01721052055733016,0.0017732787495124344
0.0,-0.002963883313944371,0.018128394309744025,-0.018128394309744025,0.000855404997098572
0.0,0.008165786048233592,0.02134052305437806,-0.02134052305437806,-0.002356723747535467
0.0,-0.005414022527810203,0.017421260760569712,-0.017421260760569712,0.0015625385462728824
0.0,-2.6466639124200775e-05,0.018976160782324194,-0.018976160782324194,7.638524518401754e-06
0.0,0.0037993543260221863,0.02008032920764437,-0.02008032920764437,-0.0010965299008017745
0.0,-0.003863994965801476,0.017868613500788846,-0.017868613500788846,0.0011151858060537486
0.0,-0.02949284635160343,0.010471882515405956,-0.010471882515405956,0.00851191679143664
0.0,-0.0008651123249070469,0.01873411963750628,-0.01873411963750628,0.0002496796693363148
0.0,0.010869123768910471,0.022120732107896647,-0.022120732107896647,-0.0031369328010540523
0.0,0.007287273468533639,0.02108697594368253,-0.02108697594368253,-0.0021031766368399337
0.0,0.01104275925539211,0.022170844965616533,-0.022170844965616533,-0.003187045658773937
0.0,-0.00040565878647391695,0.01886672231145814,-0.01886672231145814,0.00011707699538445597
0.0,-0.011055736101235558,0.01579300840657118,-0.01579300840657118,0.003190790900271414
0.0,-0.010701995701766776,0.015895101260212763,-0.015895101260212763,0.0030886980466298345
0.0,-0.004284800394927402,0.01774716503985012,-0.01774716503985012,0.0012366342669924782
0.0,-0.0022238866412221947,0.018341964408372657,-0.018341964408372657,0.0006418348984699367
0.0,0.01259602672149196,0.02261913277306204,-0.02261913277306204,-0.003635333466219445
0.0,0.005538045085450305,0.02058213194631043,-0.02058213194631043,-0.0015983326394678346
0.0,-0.01110391288210788,0.015779104128049684,-0.015779104128049684,0.0032046951787929132
0.0,0.001560360190925314,0.01943413414233074,-0.01943413414233074,-0.00045033483548814475
0.0,-0.01541164380306681,0.014535851892508583,-0.014535851892508583,0.004447947414334013
0.0,0.0015754440882007614,0.019438487498970806,-0.019438487498970806,-0.00045468819212821034
0.0,0.0011462798112440442,0.019314626594812465,-0.019314626594812465,-0.00033082728796986877
0.0,0.018312792279639112,0.024269045845777514,-0.024269045845777514,-0.00528524653893492
0.0,-0.0021126894641922966,0.018374056974381287,-0.018374056974381287,0.0006097423324613092
0.0,0.009991058969353706,0.021867314230821847,-0.021867314230821847,-0.0028835149239792497
0.0,0.008768227105582893,0.021514393290257266,-0.021514393290257266,-0.002530593983414669
0.0,0.006137941522227575,0.020755267780419227,-0.020755267780419227,-0.0017714684735766317
0.0,0.00531348622041139,0.020517322115777177,-0.020517322115777177,-0.0015335228089345815
0.0,-0.002855132319398823,0.01815978088415336,-0.01815978088415336,0.0008240184226892372
0.0,-0.014580715690809543,0.01477566567198853,-0.01477566567198853,0.004208133634854066
0.0,0.009217869449967608,0.021644164360017072,-0.021644164360017072,-0.0026603650531744757
0.0,-0.004678895760321544,0.017633425358093584,-0.017633425358093584,0.0013503739487490134
0.0,0.005275414405311762,0.020506334226769667,-0.020506334226769667,-0.0015225349199270706
0.0,-0.005046825754019935,0.01752723725220179,-0.01752723725220179,0.0014565620546408084
0.0,-0.007608597684666707,0.016787885436092054,-0.016787885436092054,0.002195913870750542
0.0,0.007224881828679752,0.021068969121262396,-0.021068969121262396,-0.002085169814419801
0.0,0.003908672930614365,0.020111879599727635,-0.020111879599727635,-0.0011280802928850398
0.0,0.003644298722618622,0.020035578681415648,-0.020035578681415648,-0.001051779374573051
0.0,-0.009464770111542897,0.01625217636753448,-0.01625217636753448,0.0027316229393081165
0.0,0.006712541085862833,0.020921102695630564,-0.020921102695630564,-0.001937303388787968
0.0,0.00033958278885926063,0.01908180613901181,-0.01908180613901181,-9.800683216921437e-05
0.0,-0.0027238667143857365,0.0181976653899121,-0.0181976653899121,0.0007861339169304962
0.0,0.010426292122230674,0.02199292667046221,-0.02199292667046221,-0.0030091273636196156
0.0,-7.194380749464546e-05,0.01896303563772253,-0.01896303563772253,2.076366912006324e-05
0.0,0.0024449877750611915,0.019689446101637944,-0.019689446101637944,-0.0007056467947953491
0.0,0.0023769693899173827,0.019669815346853217,-0.019669815346853217,-0.0006860160400106209
0.0,-0.0043341850761716705,0.017732912149759028,-0.017732912149759028,0.0012508871570835692
0.0,-0.01706412670256352,0.014058929564561649,-0.014058929564561649,0.004924869742280948
0.0,-0.00496910650440241,0.017549667769010867,-0.017549667769010867,0.0014341315378317279
0.0,-0.004679730915472358,0.017633184324350452,-0.017633184324350452,0.0013506149824921425
0.0,0.00013602428004699796,0.019023057211609462,-0.019023057211609462,-3.9257904766868136e-05
0.0,-0.015864553655509872,0.014405137788754144,-0.014405137788754144,0.004578661518088451
0.0,0.01585414463498891,0.023559456682316307,-0.023559456682316307,-0.004575657375473712
0.0,-0.0175967394669998,0.013905212440114209,-0.013905212440114209,0.005078586866728387
0.0,-0.012234826602200433,0.015452711640564373,-0.015452711640564373,0.0035310876662782227
0.0,0.011159277893187936,0.022204473355964,-0.022204473355964,-0.003220674049121405
0.0,-0.017819007085749905,0.013841063885116267,-0.013841063885116267,0.005142735421726328
0.0,0.00552061780274804,0.020577102266282465,-0.020577102266282465,-0.0015933029594398691
0.0,-0.0269730913054258,0.011199107857855838,-0.011199107857855838,0.007784691448986757
0.0,-0.007567865323653167,0.016799641184029455,-0.016799641184029455,0.0021841581228131384
0.0,0.004886869929446425,0.020394196584681477,-0.020394196584681477,-0.0014103972778388796
0.0,-0.013890984206835322,0.014974728757661286,-0.014974728757661286,0.00400907054918131
0.0,0.021265869083087807,0.02512133198086296,-0.02512133198086296,-0.006137532674020366
0.0,0.006416130719105961,0.02083555583630491,-0.02083555583630491,-0.0018517565294623153
0.0,-0.010653512117636543,0.01590909408508111,-0.01590909408508111,0.0030747052217614842
0.0,0.010798495567894584,0.022100348135356017,-0.022100348135356017,-0.0031165488285134226
0.0,-0.0021848931523151816,0.018353218301232894,-0.018353218301232894,0.0006305810056097021
0.0,0.0008246534476661349,0.01922180215826707,-0.01922180215826707,-0.00023800285142447329
0.0,0.017646000146633645,0.024076603275614446,-0.024076603275614446,-0.00509280396877185
0.0,0.0015743334544251475,0.019438166959468747,-0.019438166959468747,-0.0004543676526261534
0.0,-0.011156934922627149,0.015763801461374797,-0.015763801461374797,0.0032199978454677987
0.0,-0.003306980860763864,0.01802937308489996,-0.01802937308489996,0.0009544262219426362
0.0,-0.01973722070834405,0.013287449135659102,-0.013287449135659102,0.005696350171183494
0.0,0.005538521570653376,0.020582269464485263,-0.020582269464485263,-0.0015984701576426674
0.0,0.0037812354559083605,0.020075099928892327,-0.020075099928892327,-0.0010913006220497306
0.0,0.006728194715792668,0.020925620482549406,-0.020925620482549406,-0.0019418211757068103
0.0,-0.04839563335990149,0.005016357869778287,-0.005016357869778287,0.013967441437064309
0.0,-0.05974960534553109,0.0017394932483773898,-0.0017394932483773898,0.017244306058465206
0.0,-0.0023314724921273955,0.018310914105532317,-0.018310914105532317,0.0006728852013102791
0.0,-0.015700524562941354,0.014452478149554627,-0.014452478149554627,0.00453132115728797
0.0,0.09515387644904849,0.04644611572964895,-0.04644611572964895,-0.027462316422806353
0.0,-0.03460757958472693,0.008995721714521574,-0.008995721714521574,0.009988077592321022
0.0,0.018092095201708958,0.024205350563841713,-0.024205350563841713,-0.005221551256999118
0.0,0.007944712390868913,0.02127671908802524,-0.02127671908802524,-0.0022929197811826425
0.0,-0.0017277808903947145,0.018485145260449594,-0.018485145260449594,0.0004986540463930014
0.0,-0.0224083715440897,0.012516529524164658,-0.012516529524164658,0.006467269782677937
0.0,0.0013268380955802073,0.01936673743803023,-0.01936673743803023,-0.0003829381311876317
0.0,-0.023567493023827546,0.012181996008169889,-0.012181996008169889,0.006801803298672708
0.0,0.025117204723895226,0.026232864184965222,-0.026232864184965222,-0.007249064878122626
0.0,0.01666113847096007,0.023792362801349318,-0.023792362801349318,-0.004808563494506721
0.0,0.020259113708281262,0.0248307727761825,-0.0248307727761825,-0.005846973469339906
0.0,0.007373133469998461,0.021111755959129952,-0.021111755959129952,-0.002127956652287356
0.0,0.0006407067039131409,0.019168713373338853,-0.019168713373338853,-0.00018491406649625699
0.0,0.005802410694099036,0.020658430382768843,-0.020658430382768843,-0.001674631075926246
0.0,0.00147999135976562,0.019410938931014043,-0.019410938931014043,-0.00042713962417144716
0.0,0.006299102138585644,0.020801780271622775,-0.020801780271622775,-0.001817980964780179
0.0,0.01472657412963474,0.02323402907849566,-0.02323402907849566,-0.004250229771653065
0.0,-0.006381597588933863,0.017142009368161938,-0.017142009368161938,0.001841789938680657
0.0,-0.007693239651855532,0.0167634569569556,-0.0167634569569556,0.002220342349886996
0.0,0.00434635623313584,0.02023819917592756,-0.02023819917592756,-0.0012543998690849624
0.0,0.005799775094835535,0.020657669723680227,-0.020657669723680227,-0.0016738704168376304
0.0,-0.0007114809122162891,0.018778459128709832,-0.018778459128709832,0.00020534017813276406
0.0,0.032558782749008364,0.028380574588756164,-0.028380574588756164,-0.009396775281913568
0.0,0.0072482009835321826,0.02107569925179589,-0.02107569925179589,-0.002091899944953293
0.0,0.001024415597859818,0.019279455420358357,-0.019279455420358357,-0.00029565611351576194
0.0,0.004132332074135769,0.020176429762048427,-0.020176429762048427,-0.0011926304552058317
0.0,0.007005272294898557,0.021005587714942146,-0.021005587714942146,-0.0020217884080995494
0.0,0.0008761131291423752,0.01923665391321868,-0.01923665391321868,-0.0002528546063760864
0.0,-0.0038802294486252054,0.017863928074184028,-0.017863928074184028,0.0011198712326585657
0.0,-0.01613513066101424,0.014327046683912239,-0.014327046683912239,0.004656752622930357
0.0,-0.00044487103794299543,0.018855405281635703,-0.018855405281635703,0.00012839402520689423
0.0,-0.006708297825321674,0.01704772056352357,-0.01704772056352357,0.0019360787433190248
0.0,0.0204590558452733,0.0248884779841807,-0.0248884779841807,-0.005904678677338106
0.0,-0.005571225417268844,0.01737589050710238,-0.01737589050710238,0.0016079087997402156
0.0,0.004011194261904327,0.020141468233896207,-0.020141468233896207,-0.0011576689270536107
0.0,-8.118516130162234e-05,0.018960368494859905,-0.018960368494859905,2.3430811982689546e-05
0.0,0.0041020419271569075,0.020167687736690455,-0.020167687736690455,-0.0011838884298478608
0.0,0.005800290454605506,0.020657818461425892,-0.020657818461425892,-0.0016740191545832974
0.0,7.36874595066439e-05,0.019005066210566142,-0.019005066210566142,-2.1266903723546836e-05
0.0,-0.005277383403094138,0.017460696115373122,-0.017460696115373122,0.0015231031914694744
0.0,0.010280683010067904,0.021950902491716336,-0.021950902491716336,-0.0029671031848737387
0.0,0.0009199480792858594,0.019249305097974807,-0.019249305097974807,-0.00026550579113221033
0.0,0.00548298940767844,0.020566242352525434,-0.020566242352525434,-0.0015824430456828395
0.0,-0.002743888954607865,0.018191886780390416,-0.018191886780390416,0.0007919125264521794
0.0,0.0038224199557175265,0.020086986168399133,-0.020086986168399133,-0.0011031868615565357
0.0,-0.011296379879250695,0.01572355631671786,-0.01572355631671786,0.0032602429901247365
0.0,0.009392659896159117,0.02169461055012647,-0.02169461055012647,-0.0027108112432838723
0.0,-0.008352184790166306,0.01657327910431446,-0.01657327910431446,0.0024105202025281355
0.0,-0.0003092402101070313,0.018894549632341297,-0.018894549632341297,8.924967450129915e-05
0.0,-0.002178658486505891,0.018355017685258376,-0.018355017685258376,0.0006287816215842192
0.0,0.009606504133156335,0.021756328036799288,-0.021756328036799288,-0.0027725287299566912
0.0,0.01112172017970181,0.022193633841586197,-0.022193633841586197,-0.003209834534743603
0.0,-3.2861029504172024e-06,0.018982850906184734,-0.018982850906184734,9.484006578607146e-07
0.0,0.008020121275230219,0.021298482811382635,-0.021298482811382635,-0.002314683504540039
0.0,0.005218970885222163,0.020490044088453046,-0.020490044088453046,-0.00150624478161045
0.0,0.005164427424532603,0.02047430232540408,-0.02047430232540408,-0.0014905030185614833
