nasdaq_Close,SPX_Close,Prediction,Residual,Excess
0.025862091863121606,0.0031156756258232665,0.003206687190926545,0.02265540467219506,0.02250256047710031
-0.023917251400936368,0.0005455206301101523,0.0004353729040754835,-0.024352624305011852,-0.024505468500106604
-0.028476840682962412,0.00400120187417663,0.004161521256395967,-0.03263836193935838,-0.03279120613445313
-0.008861630113485175,0.0028817272914287706,0.0029544283339417014,-0.011816058447426876,-0.01196890264252163
0.024759261184438497,0.0017467554316374923,0.0017306252032123117,0.023028635981226186,0.022875791786131434
-0.032214735203038525,-0.009381166148364262,-0.010268249615253853,-0.02194648558778467,-0.022099329782879422
0.03398056647195946,0.008325925658531075,0.008824729829519653,0.02515583664243981,0.02500299244734506
0.004024173053704949,0.0024264254383745687,0.002463491198903751,0.001560681854801198,0.0014078376597064456
-0.00467606194054071,-0.010823130159869354,-0.011823072368307454,0.007147010427766744,0.006994166232671992
0.042953044275707564,0.012499626599363545,0.013325095397224828,0.029627948878482736,0.029475104683387984
-0.036679517131494976,-0.010597829662970737,-0.01158013819237985,-0.025099378939115125,-0.025252223134209877
-0.03273217876099166,-0.01894490338978838,-0.02058051548912361,-0.012151663271868049,-0.012304507466962801
0.012430960695181126,-0.022140988764300484,-0.024026750083984517,0.03645771077916564,0.036304866584070894
0.010231962739827072,0.004598098012701168,0.004805134890289013,0.005426827849538059,0.005273983654443306
-0.0324105659899141,-0.004203199573680982,-0.004685017176279664,-0.027725548813634433,-0.027878393008729185
0.013956720888342433,0.004880152210944955,0.005109264730926288,0.008847456157416146,0.008694611962321392
-0.017893962834530153,-0.011817740959567224,-0.012895528746874725,-0.004998434087655428,-0.00515127828275018
-0.01611776373738738,-0.009829173828039273,-0.010751321681091604,-0.005366442056295776,-0.005519286251390528
0.010683733542580232,0.014266108894671836,0.015229835629087392,-0.004546102086507161,-0.004698946281601913
0.024665284835778234,0.01297294837718499,0.013835462829283284,0.01082982200649495,0.010676977811400198
0.002063255367943606,-0.00547431142933863,-0.0060556156233170615,0.008118870991260668,0.007966026796165915
-0.03774874732879563,-0.031140677888039425,-0.0337308212732459,-0.0040179260555497295,-0.004170770250644482
0.046362310792246175,0.002897118921960873,0.002971024627030132,0.04339128616521604,0.04323844197012129
-0.008861630113485175,-0.00886329049344714,-0.009709841190984498,0.0008482110774993227,0.0006953668824045706
0.014442918755015466,0.013040132316577413,0.013907905079418281,0.000535013675597185,0.0003821694805024329
-0.014915272340936148,-0.0022325735201887964,-0.0025601553896586783,-0.01235511695127747,-0.012507961146372221
0.007570585848116096,0.009680437561949251,0.010285255827334463,-0.0027146699792183673,-0.0028675141743131193
0.030737691168865267,-0.002744592819371894,-0.00311224909658933,0.0338499402654546,0.033697096070359846
0.013253797696671121,0.01800074864554846,0.019256775838961623,-0.006002978142290501,-0.0061558223373852534
-0.011118383042385771,0.0042379594555796984,0.004416809232785335,-0.015535192275171106,-0.01568803647026586
0.007936500427734305,0.006584742448973557,0.006947268776501295,0.0009892316512330104,0.0008363874561382574
0.001968549022052013,0.002186622042297248,0.002204919019913398,-0.00023636999786138483,-0.0003892141929561373
-0.010478113705954528,-0.0010458578339902491,-0.001280558578930228,-0.0091975551270243,-0.009350399322119052
-0.027134338631895738,-0.012102809596931441,-0.01320290895887685,-0.013931429673018888,-0.01408427386811364
0.004081661251375213,0.00972045942422195,0.010328410095807655,-0.006246748844432442,-0.006399593039527194
-0.018292713656964943,-0.002081040179913507,-0.002396761932244778,-0.015895951724720164,-0.016048795919814916
0.006901337684563025,0.0014053791778985136,0.0013625303253716736,0.005538807359191351,0.005385963164096598
0.0226182261997796,0.01015850827289455,0.010800743879058034,0.011817482320721566,0.011664638125626814
0.00603218177799425,0.0023304422719907514,0.0023599956818083426,0.0036721860961859074,0.003519341901091155
0.005996012739208023,0.00042920160206150193,0.00030994989075468053,0.005686062848453343,0.00553321865335859
0.0,0.0037361180334851696,0.0038756899986909176,-0.0038756899986909176,-0.00402853419378567
0.013907286943163122,0.014007480947064943,0.014950965550287696,-0.0010436786071245738,-0.001196522802219326
0.003918972194507875,-0.00017559601339156572,-0.00034218364794402165,0.004261155842451896,0.0041083116473571435
0.008458042642086161,0.0017127370855292146,0.0016939443303691717,0.0067640983117169895,0.006611254116622237
0.004516109343497998,0.00452455995494172,0.00472584120160644,-0.0002097318581084414,-0.0003625760532031943
-0.005138081263588612,0.004041519314613495,0.004204994237161063,-0.009343075500749674,-0.009495919695844427
0.0006455925777664184,-0.00021734594703937127,-0.00038720123940688385,0.0010327938171733023,0.0008799496220785497
0.0019354666433026857,0.000452194832708086,0.00033474274126292774,0.001600723902039758,0.0014478797069450054
-0.00901477089862468,0.0077791163013856135,0.008235123138028813,-0.017249894036653494,-0.017402738231748247
0.0025990877817219094,0.005821675803744153,0.0061244789061351244,-0.003525391124413215,-0.003678235319507968
0.005184700072832893,-0.0003258460273372066,-0.0005041933364420472,0.00568889340927494,0.005536049214180188
-0.008381696487588686,-0.005086446449439896,-0.005637393468639453,-0.002744303018949233,-0.0028971472140439858
-0.014304308543030553,0.005095296193887933,0.005341247469186977,-0.01964555601221753,-0.019798400207312283
0.008575205524366192,0.007170966908320198,0.00757937548687427,0.0009958300374919215,0.0008429858423971686
-0.01177242025015457,-0.005493304207041971,-0.006076094915921613,-0.005696325334232957,-0.00584916952932771
-0.016545334591686944,-0.001704167338318907,-0.0019903922417088644,-0.014554942349978079,-0.014707786545072833
-0.03633916381756985,0.000737722599547963,0.0006426180176006802,-0.036981781835170535,-0.03713462603026529
0.01396653402246506,0.005683234964352302,0.005975202665312987,0.007991331357152073,0.00783848716205732
-0.010330617594738856,4.265937281555665e-05,-0.00010684598504553497,-0.010223771609693321,-0.010376615804788073
0.029227562953289876,-0.00327287474868454,-0.0036818782670601045,0.03290944122034998,0.03275659702525523
-0.008789730546059471,0.0074138011482498545,0.007841215725916723,-0.016630946271976192,-0.016783790467070944
0.015006839653388226,0.00792799084446738,0.0083956497011657,0.0066111899522225265,0.006458345757127774
0.0060483973048188755,0.0016842957106795176,0.0016632769236990994,0.004385120381119776,0.004232276186025024
-0.032064160811529074,-0.005876707172041695,-0.006489505825495952,-0.025574654986033122,-0.025727499181127874
-0.007591418800192096,0.003374341747336196,0.0034855984314037906,-0.011077017231595886,-0.011229861426690638
0.02155768174376238,0.00668390656297202,0.007054194205638932,0.014503487538123448,0.014350643343028695
-0.00408437492554492,0.0017666094762833762,0.0017520331718642766,-0.0058364080974091966,-0.0059892522925039495
0.0,0.0006854008197059169,0.0005862011492672175,-0.0005862011492672175,-0.0007390453443619701
0.04853041917929635,0.011150066851666862,0.011869909147372525,0.03666051003192382,0.03650766583682907
-0.00260755941689339,0.0008425387276917995,0.0007556378292081236,-0.003363197246101514,-0.0035160414411962663
-0.014379102240928754,-0.016126534744455467,-0.01754156052125131,0.0031624582803225568,0.0030096140852278047
0.00596817991002796,0.004521331252766547,0.004722359797379469,0.0012458201126484911,0.0010929759175537382
0.03295978889158646,0.008058340784849571,0.00853620178953153,0.02442358710205493,0.02427074290696018
0.0006381766964356217,-0.0010189969053922,-0.0012515953158951105,0.0018897720123307322,0.0017369278172359795
0.010204071702683448,0.002263879356942944,0.0022882230619647444,0.007915848640718703,0.007763004445623951
0.005681827760158464,0.0071235200993795544,0.0075282151406297765,-0.0018463873804713121,-0.001999231575566065
-0.007532949357200613,-0.004296448099761374,-0.004785564019946846,-0.002747385337253767,-0.00290022953234852
-0.022137910953844986,-0.023381945257149872,-0.025364832987050792,0.0032269220332058063,0.0030740778381110542
-0.023932722163397258,0.006462752419523099,0.006815730907371486,-0.030748453070768744,-0.030901297265863496
-0.005964224763275183,0.012943228020842135,0.013803416338592786,-0.019767641101867968,-0.01992048529696272
-0.0319999694824219,-0.016647680109796337,-0.01810349456760428,-0.013896474914817616,-0.014049319109912368
0.0027548182225876072,0.013120586781854904,0.013994656504696664,-0.011239838282109057,-0.011392682477203809
-0.010302236805054932,-0.02383846584506677,-0.025857084244132942,0.01555484743907801,0.015402003243983258
-0.031228300765454353,-0.006586554728659322,-0.007254911288754764,-0.023973389476699587,-0.024126233671794343
-0.036532967585115594,-0.032353496411350324,-0.03503856392169132,-0.0014944036634242722,-0.0016472478585190242
-0.026765774110216523,-0.015308264998017185,-0.016659246947717893,-0.01010652716249863,-0.010259371357593382
0.05882349084137539,0.04397412445198401,0.04726301965312307,0.01156047118825232,0.011407626993157567
0.010822552375196137,-0.003397292018489928,-0.003816033350281849,0.014638585725477986,0.014485741530383234
0.026409698751918675,0.013739523915341278,0.014662036224423457,0.011747662527495218,0.011594818332400466
-0.010431194089766005,-0.012145144968583543,-0.013248557809041262,0.0028173637192752572,0.002664519524180505
-0.02740684484850986,-0.018800014512092122,-0.020424286538949326,-0.006982558309560533,-0.007135402504655285
-0.00650290112685159,0.0011093685155389998,0.0010433516847739475,-0.007546252811625537,-0.00769909700672029
0.0007272893732244157,-0.014195906037184347,-0.015459826568244817,0.01618711594146923,0.01603427174637448
-0.015261630425426054,-0.005130263873571406,-0.0056846403676440675,-0.009576990057781986,-0.00972983425287674
-0.05977862791253363,-0.03897590341661106,-0.04217928935561772,-0.017599338556915915,-0.017752182752010667
0.010204090798779264,0.015024380686144978,0.01604745536506857,-0.005843364566289307,-0.005996208761384059
-0.011654982118421198,-0.012908014000787449,-0.014071134599728679,0.0024161524813074813,0.002263308286212729
0.004716939047391788,0.00035393738571354305,0.00022879494157782164,0.004488144105813966,0.004335299910719214
0.01721441875004337,-0.0056609945338124135,-0.006256909924791032,0.023471328674834403,0.023318484479739648
0.0538461391742413,0.032876173067238,0.0352964607184968,0.018549678455744505,0.018396834260649753
-0.012408764865746713,-0.01237468831159061,-0.01349606690751512,0.0010873020417684065,0.0009344578466736544
-0.024390238744933512,-0.01716532127985071,-0.01866165015449563,-0.005728588590437882,-0.005881432785532634
0.035606081350009644,0.025842707133391096,0.027712503851669026,0.007893577498340618,0.0077407333032458656
0.023408902197385784,0.004051376711240895,0.00421562314637091,0.019193279051014873,0.01904043485592012
-0.037169371879681834,-0.034411425771964765,-0.03725756201632517,8.819013664333741e-05,-6.465405845141464e-05
-0.02598369521390731,-0.01353207320412908,-0.014744037280285381,-0.011239657933621928,-0.01139250212871668
-0.013719535575141606,0.010976067492112662,0.011682291314269157,-0.025401826889410763,-0.025554671084505515
-0.0038639288007662476,-0.005941674758709992,-0.006559558254791614,0.0026956294540253665,0.0025427852589306136
0.041117123262586874,0.029506792849203878,0.03166336794718691,0.009453755315399964,0.009300911120305212
0.03204175132125142,0.004379678623643857,0.004569620388467359,0.027472130932784063,0.02731928673768931
0.010830297068508354,-0.0018046635646612463,-0.0020987540441299935,0.012929051112638347,0.012776206917543595
0.03428568158830925,0.023494191121040897,0.025180175650147952,0.009105505938161295,0.008952661743066543
-0.011740271270296865,-0.0005559347650669899,-0.0007522905162532413,-0.010987980754043624,-0.011140824949138376
-0.013277465303016878,0.0012830081640498037,0.0012305816531939149,-0.014508046956210793,-0.014660891151305545
0.009206807046356458,0.0013171307943036226,0.0012673749722291767,0.00793943207412728,0.007786587879032528
-0.004912259285910214,-0.003856841152281021,-0.004311550189581234,-0.00060070909632898,-0.0007535532914237329
-0.024682677992748037,-0.016070691127224812,-0.01748134617055305,-0.0072013318221949875,-0.0073541760172897395
0.0021691781009895994,-0.0029854738442266493,-0.0033719832475353857,0.005541161348524985,0.005388317153430232
0.0021645517596426966,-0.01680350261882635,-0.01827151289576275,0.020436064655405446,0.020283220460310693
0.04031673521243562,0.002859362131449217,0.0029303127115444423,0.03738642250089118,0.03723357830579642
0.017993095661851033,-0.00203393834902843,-0.002345973564583536,0.02033906922643457,0.020186225031339815
-0.04146836540417076,-0.03101701864061035,-0.033597483540823904,-0.007870881863346856,-0.008023726058441608
0.00851062995124341,-0.0101129704925228,-0.011057330366231488,0.019567960317474896,0.019415116122380144
-0.004922689675389336,-0.0032404516759250157,-0.0036469175254270304,-0.0012757721499623053,-0.0014286163450570578
-0.02826852503984867,-0.004662369010297374,-0.00518012460050226,-0.02308840043934641,-0.02324124463444116
-0.01381815130060371,0.00535903441522545,0.005625627789440212,-0.01944377909004392,-0.019596623285138674
0.04129789444049381,0.03133081639370272,0.033630153030908994,0.007667741409584816,0.007514897214490064
0.0007082315129522954,0.00941267817151159,0.00999653961162136,-0.009288308098669065,-0.009441152293763817
0.012031144721662335,0.007203887818266752,0.007614873030105397,0.004416271691556938,0.004263427496462185
-0.011188800369091978,0.0007329020475055348,0.0006374201735920608,-0.011826220542684038,-0.01197906473777879
0.05091932785521425,0.015378879091830777,0.016429699431275323,0.03448962842393892,0.034336784228844175
0.0033647504636646897,-0.0001551316306374062,-0.0003201175716206927,0.0036848680352853823,0.0035320238401906298
-0.002012054545821984,0.0011961033180916125,0.0011368749928554389,-0.003148929538677423,-0.003301773733772176
-0.049059172734964296,-0.028819473359129044,-0.031227942153347572,-0.017831230581616724,-0.017984074776711476
0.0014134599507324985,0.005981890060832162,0.006297232712954482,-0.004883772762221983,-0.005036616957316736
0.009174319953491494,0.011416551196032687,0.01215725052250163,-0.002982930569010136,-0.003135774764104888
-0.0433566347754869,-0.012819816608358736,-0.013976034228697209,-0.029380600546789693,-0.029533444741884445
0.025584752923067722,0.022513373250030444,0.02412259173662373,0.0014621611864439922,0.0013093169913492402
0.13328581048825594,0.008220020548377116,0.008710535804136072,0.12457527468411987,0.12442243048902511
0.03773587395376232,0.011200166146517754,0.011923929582643168,0.025811944371119153,0.0256591001760244
0.0012121489553740261,-0.0010493573466290318,-0.0012843319892455788,0.002496480944619605,0.0023436367495248524
-0.04237292636456813,-0.006921964711350426,-0.0076165729311594935,-0.03475635343340864,-0.03490919762850339
-0.0031605080926080387,-0.004158621107493432,-0.004636949670453158,0.0014764415778451192,0.0013235973827503663
0.005072918286864958,6.349921218862242e-05,-8.437506609839415e-05,0.005157293352963352,0.0050044491578685995
0.017665537700820577,0.022022522061804883,0.023593322913180694,-0.005927785212360117,-0.006080629407454869
0.005579674970275228,-0.004796355216742376,-0.005324597555939326,0.010904272526214554,0.010751428331119802
0.010480892940234465,0.006051112519185553,0.006371873031583389,0.0041090199086510765,0.0039561757135563235
-0.01708351371103256,-0.001268524584838171,-0.001520652872410897,-0.015562860838621663,-0.015715705033716415
0.012414577778619762,-0.003704038628435491,-0.004146788212927556,0.016561365991547318,0.016408521796452566
0.027590482996588728,0.005483064382283187,0.0057593652567439705,0.02183111773984476,0.021678273544750003
-0.02088307736813655,-0.0059674054882985494,-0.0065873028611047775,-0.014295774507031771,-0.014448618702126523
-0.05057891111662294,-0.028178764954173263,-0.03053708718182985,-0.020041823934793087,-0.02019466812988784
-0.016046213172286827,-0.0053787488495717906,-0.00595257361105013,-0.010093639561236697,-0.01024648375633145
-0.011089372285714272,-0.004023574358396065,-0.00449133316647166,-0.006598039119242611,-0.006750883314337364
0.02176780521289956,0.00012045854325926086,-2.2957677563916964e-05,0.02179076289046348,0.021637918695368723
0.032278890083153655,0.012192216013040102,0.012993624590511461,0.019285265492642194,0.01913242129754744
-0.00500312225460775,0.0014827787168125717,0.0014459877232118764,-0.006449109977819627,-0.006601954172914379
-0.025769946658974918,-0.016935392189468268,-0.01841372511721097,-0.007356221541763949,-0.007509065736858701
0.007096752043693311,-0.0036630286052607985,-0.004102568442790081,0.01119932048648339,0.011046476291388638
-0.02498394607469534,-0.004040306703826824,-0.004509375108697765,-0.020474570965997575,-0.02062741516109233
-0.008541400273332278,-0.014512432962598854,-0.015801127226001792,0.007259726952669514,0.007106882757574762
0.005301519078668271,0.0032893427453595248,0.003393946780457085,0.001907572298211186,0.0017547281031164335
0.0,-0.007684786454732473,-0.008439098731852982,0.008439098731852982,0.00828625453675823
0.036255780353906975,0.01658676839931239,0.01773212706709565,0.018523653286811326,0.018370809091716574
-0.015903307617898155,-0.01471920868888299,-0.016024086746101177,0.00012077912820302253,-3.206506689172953e-05
0.023270824205770424,0.000390794428747121,0.0002685366887099624,0.02300228751706046,0.022849443321965708
0.041692978559256355,0.029504621333996228,0.03166102647317887,0.010031952086077482,0.00987910789098273
0.029108523280699794,0.009080835857702363,0.009638724870185479,0.019469798410514313,0.01931695421541956
0.027696007054829996,0.013219002387319545,0.014100774841500545,0.013595232213329452,0.0134423880182347
-0.0022936304072485036,-0.011471189788493708,-0.012521853924491287,0.010228223517242783,0.010075379322148031
0.0,0.006438699367075529,0.006789795285589332,-0.006789795285589332,-0.006942639480684085
0.012643748593467397,0.0048322900955937165,0.005057656573327607,0.007586092020139789,0.007433247825045036
0.005107732176655944,0.004863332840635781,0.005091128952612763,1.6603224043180292e-05,-0.00013624097105157263
0.011293098434703275,0.011130616053760978,0.011848935986525361,-0.0005558375518220863,-0.0007086817469168383
0.007258574495969006,-0.0007131195389205036,-0.0009217777301303297,0.008180352226099336,0.008027508031004583
0.00720616153931064,0.00354113887216001,0.003665450329752692,0.0035407112095579485,0.003387867014463196
-0.004402857642825664,-0.00036434366656679096,-0.0005457040849318997,-0.003857153557893764,-0.0040099977529885165
0.019347726838999213,0.0008268557718451586,0.0007387274095368029,0.01860899942946241,0.01845615523436766
0.060737467432074865,0.015209797205957498,0.01624738394962153,0.044490083482453334,0.04433723928735858
0.007157530716748628,-0.002564020390809607,-0.0029175437376048573,0.010075074454353485,0.009922230259258733
-0.013197980650384578,-0.004825492514895946,-0.005356015354005167,-0.00784196529637941,-0.007994809491474164
-0.0010288301036119885,-0.008331340584428193,-0.009136256957655294,0.008107426854043306,0.007954582658948554
0.03347062904102294,0.021194392772258208,0.022700378115956998,0.010770250925065939,0.010617406729971187
0.020428492956970246,-0.005667432349210744,-0.006263851611117055,0.0266923445680873,0.026539500372992547
-0.005859322976902059,0.004850385958537151,0.005077168752006203,-0.010936491728908263,-0.011089335924003015
0.017190494284324842,-0.0025877588476783675,-0.0029431401412372926,0.020133634425562135,0.019980790230467383
-0.009657115617198175,-0.003083722237648967,-0.003477921285048912,-0.006179194332149264,-0.006332038527244016
0.016577286630602206,0.004416438203773465,0.004609257044529639,0.011968029586072567,0.011815185390977815
-0.0019185091029012558,-0.008034932488803492,-0.008816649777733006,0.00689814067483175,0.006745296479736998
0.030754508093308486,0.02086134059079603,0.022341258813699912,0.008413249279608574,0.008260405084513821
-0.011655011240463087,-0.0006720045633211713,-0.0008774447932171814,-0.010777566447245906,-0.010930410642340658
-0.021226450318158285,-0.0016465185803191673,-0.0019282314666076064,-0.01929821885155068,-0.01945106304664543
0.0024096017860504304,0.00612227817348443,0.006448608635008295,-0.0040390068489578644,-0.004191851044052617
0.01250001146243207,0.00014583690635494584,4.406983455077884e-06,0.012495604478976992,0.01234276028388224
0.007597333877945145,0.003818756605307172,0.00396479647480511,0.003632537403140035,0.0034796932080452822
0.009896371282591243,0.007121020299379444,0.007525519687839524,0.0023708515947517194,0.0022180073996569665
0.012599181237457069,-0.0036413861990395313,-0.004079232142192307,0.016678413379649377,0.016525569184554622
-0.011981576946572314,0.002027485447987365,0.002033327221711579,-0.014014904168283894,-0.014167748363378646
0.0013991967607100975,0.007243744595420987,0.007657849292680846,-0.006258652531970749,-0.006411496727065502
-0.009781047563519718,-0.015877250249970554,-0.01727276518314572,0.007491717619626002,0.00733887342453125
0.0,0.01052407519882892,0.011194922769565392,-0.011194922769565392,-0.011347766964660144
0.017873902007318643,0.0017739084702186325,0.0017599034389128218,0.01611399856840582,0.015961154373311068
0.0651571112375624,0.0023892585241640507,0.0024234153277903057,0.0627336959097721,0.06258085171467735
0.0,0.002146971596890701,0.0021621652381304105,-0.0021621652381304105,-0.002315009433225163
0.003904562063637318,1.688528477283846e-05,-0.0001346373433653563,0.004039199407002674,0.0038863552119079215
0.002160810100606314,-0.002690583513671685,-0.0030540126241744175,0.005214822724780731,0.005061978529685979
0.009486817951185111,0.0011248494058304637,0.0010600442237490158,0.008426773727436096,0.008273929532341342
0.002562984465333651,-0.0004392872986367369,-0.0006265133585400559,0.0031894978238737066,0.003036653628778954
-0.020877707092192055,0.0009465333975153811,0.0008677718891069067,-0.02174547898129896,-0.021898323176393713
0.02175805091209937,0.007759284493458862,0.008213739146505672,0.013544311765593698,0.013391467570498946
0.006388399550879553,0.003678053944041082,0.0038130813852423925,0.0025753181656371607,0.0024224739705424082
0.01946682218190854,0.01928286287479275,0.020639237786511947,-0.0011724156046034086,-0.0013252597996981606
0.012453268375273163,0.00392275298702649,0.004076932380585219,0.008376335994687945,0.008223491799593191
-0.0024600027652256218,-0.0021209574072836856,-0.0024398033763160395,-2.0199388909582314e-05,-0.0001730435840043348
-0.011919400291331206,-0.008052299681943542,-0.008835376255533683,-0.0030840240357975224,-0.0032368682308922744
0.002911800838534928,0.004376080778473401,0.004565740949390964,-0.0016539401108560357,-0.0018067843059507887
-0.032766524078317705,-0.004242126544221403,-0.004726990858716106,-0.0280395332196016,-0.02819237741469635
-0.022298476182188165,-0.011808492232419865,-0.01288555614610885,-0.009412920036079315,-0.009565764231174067
-0.007894666835539521,-0.0012174356326716262,-0.001465565321941937,-0.006429101513597584,-0.006581945708692337
-0.031830291511497855,-0.016205413633636034,-0.017626613054223705,-0.01420367845727415,-0.014356522652368902
-0.004109596080163369,0.00021216287934855416,7.592411641128878e-05,-0.0041855201965746575,-0.00433836439166941
0.012838179436122754,0.015357313493959523,0.016406445950615686,-0.0035682665144929314,-0.0037211107095876834
0.0149388828169561,0.002540373205550228,0.002586357358981799,0.0123525254579743,0.012199681262879548
-0.0013381216121058914,-0.0015753666901773267,-0.001851510704624211,0.0005133890925183196,0.00036054489742356685
-0.03528356541822664,-0.014284032792181156,-0.015554850773237839,-0.0197287146449888,-0.019881558840083552
0.029629600849335302,0.014922967493543604,0.01593810482784411,0.013691496021491192,0.01353865182639644
-0.0044964200763881745,-0.007468562068020934,-0.008205951029454187,0.0037095309530660123,0.0035566867579712603
-0.030713655100357395,-0.001378858764733426,-0.0016396226192089403,-0.029074032481148454,-0.029226876676243206
0.029356994174853934,-0.006070216944686235,-0.006698161100555082,0.036055155275409013,0.03590231108031426
0.027161628670221427,0.02161695515261708,0.023156013345632866,0.0040056153245885615,0.0038527711294938094
-0.0008814657246768443,0.012818562518186694,0.013668993593986819,-0.014550459318663663,-0.014703303513758415
0.021614458291535632,0.0026032365675492386,0.002654140871461758,0.018960317420073876,0.01880747322497912
-0.0073402451387727385,-0.001298238661417761,-0.0015526925918375287,-0.00578755254693521,-0.005940396742029962
-0.008699384844799929,0.0005150801927265025,0.00040254997348958027,-0.00910193481828951,-0.009254779013384262
0.012724835301832993,0.003701760406026544,0.003838643289835923,0.00888619201199707,0.008733347816902317
-0.003032915730312502,0.0038427480627742927,0.003990665680729231,-0.007023581411041733,-0.007176425606136486
0.02607563561501447,0.006001641860553519,0.00631853043423982,0.01975710518077465,0.019604260985679897
-0.010588733313729337,4.832031784740565e-05,-0.00010074197269219096,-0.010487991341037147,-0.010640835536131899
-0.006421298029094746,0.00091095635360805,0.0008294103232757542,-0.007250708352370501,-0.007403552547465253
-0.016372217826618463,-0.005122452280258649,-0.005676217381409066,-0.010696000445209398,-0.01084884464030415
-0.00569422519496432,0.006185094896691501,0.006516341858400381,-0.0122105670533647,-0.012363411248459454
0.001321532083199406,0.0008368043854836138,0.0007494546750739393,0.0005720774081254666,0.00041923321303071403
0.02991642405941186,0.0025483530061645165,0.002594961717662691,0.027321462341749172,0.027168618146654416
0.023921378453331643,0.006030102155631267,0.006349218241974573,0.01757216021135707,0.017419316016262315
-0.013767206222746853,0.0033795554893063517,0.003491220239284618,-0.01725842646203147,-0.017411270657126224
-0.00169200546579662,-0.0016443283858672553,-0.0019258698513798516,0.00023386438558323165,8.102019048847895e-05
-0.002542350210701372,0.0006126972471360848,0.0005078072587415665,-0.003050157469442938,-0.003203001664537691
-0.00977066442819241,0.0007713239125555216,0.0006788492172560008,-0.01044951364544841,-0.010602357840543164
0.018876042219584388,0.0010091453555356455,0.0009352843208780239,0.017940757898706364,0.017787913703611612
-0.009684191252055885,-0.0015082191889665975,-0.0017791077445918292,-0.007905083507464055,-0.00805792770255881
-0.021683682778734448,-0.0001907894500615681,-0.00035856623505654004,-0.021325116543677906,-0.021477960738772662
0.016079918652949443,0.011314828013585299,0.012047565733338872,0.004032352919610571,0.003879508724515819
0.03079560507048007,-0.0013130618315739806,-0.0015686759326472754,0.03236428100312735,0.032211436808032595
0.04232366977670021,0.0050071702616640845,0.005246224151363198,0.03707744562533701,0.03692460143024226
-0.007165617004862956,-0.002122957701494954,-0.0024419602283093393,-0.004723656776553617,-0.00487650097164837
-0.011627943436942734,-0.001844782063018524,-0.0021420125121406693,-0.009485930924802065,-0.009638775119896817
0.0056795658889921,-0.001376327172630698,-0.001636892886031575,0.007316458775023675,0.007163614579928922
0.018959229366551034,0.0037251273626697223,0.0038638391168944,0.015095390249656634,0.01494254605456188
-0.00712590275315883,0.00900758006769764,0.009559735541614529,-0.01668563829477336,-0.016838482489868113
0.017942614206872598,-0.001710746243041017,-0.001997486060050025,0.01994010026692262,0.01978725607182787
-0.007442245552190863,0.007384542591010179,0.007809667178134115,-0.015251912730324977,-0.01540475692541973
0.0011839260641222094,0.00137641065101346,0.0013312945078589233,-0.00014736844373671397,-0.0003002126388314667
-0.03862835700302525,-0.010115654884377157,-0.011060224858396316,-0.027568132144628932,-0.027720976339723685
-0.08159080856569267,-0.0012949592195925508,-0.0015491564767011806,-0.0800416520889915,-0.08019449628408624
0.016517894889931828,0.0024135455272700224,0.0024496032109353454,0.014068291678996482,0.01391544748390173
0.0035133913964757735,0.00583628034196626,0.006140226503262651,-0.002626835106786877,-0.00277967930188163
-0.0008752935417843943,0.0002634624737614111,0.00013123879554275864,-0.001006532337327153,-0.0011593765324219055
0.027157286084333654,0.00422090718967616,0.004398422330750056,0.0227588637535836,0.022606019558488843
0.02814498191638326,0.0022443057531671418,0.0022671174835542907,0.02587786443282897,0.025725020237734215
-0.03484032066872844,-0.017852526697772375,-0.019402641338243033,-0.01543767933048541,-0.015590523525580161
-0.015040841194008392,0.007662558220206783,0.008109442361516263,-0.023150283555524655,-0.023303127750619407
0.016579369960807,0.01669359840810869,0.01784731838051271,-0.001267948419705709,-0.0014207926148004611
0.02274681133046985,-0.00272251746839014,-0.003088445965780088,0.025835257296249938,0.025682413101155186
0.013008790051820318,0.0023541990752451447,0.0023856118677499003,0.010623178184070417,0.010470333988975665
0.03106876631992006,0.002884262567260709,0.002957162039164102,0.02811160428075596,0.027958760085661206
0.003214139239365421,0.006240171597036381,0.006575729267639501,-0.0033615900282740795,-0.0035144342233688324
0.005606780170081649,0.004184752099316791,0.0043594374762870244,0.0012473426937946244,0.0010944984986998715
-0.0031859785647743166,-0.0027857656113878804,-0.003156644375058437,-2.933418971587951e-05,-0.000182178384810632
-0.0015981188345985942,0.0007494929370688297,0.0006553095885709308,-0.002253428423169525,-0.0024062726182642775
0.0004001692266277779,0.005507371620330659,0.005785574958566315,-0.005385405731938537,-0.00553824992703329
0.019199981689453027,0.002384924061824778,0.00241874161845111,0.016781240071001916,0.016628395875907163
-0.005886955307107811,-0.003234911055292722,-0.003640943254948437,-0.0022460120521593735,-0.002398856247254126
0.007106210253373213,0.006257435156610036,0.006594344000746326,0.000511866252626887,0.0003590220575321341
-0.0035280341740645538,0.003075691142146564,0.003163573226574032,-0.006691607400638585,-0.006844451595733338
0.0035405252682050303,0.0019247226272978146,0.0019225214245479538,0.0016180038436570765,0.0014651596485623238
-0.04547235738942812,-0.02052856505826517,-0.02228812620314998,-0.02318423118627814,-0.02333707538137289
-0.02546204638687466,-0.006111960522950599,-0.0067431718392153076,-0.018718874547659352,-0.018871718742754104
0.003792674012812469,-0.000994377240208233,-0.001225048734083656,0.005017722746896125,0.004864878551801372
0.051637261040922366,0.01055051646463201,0.011223433523899179,0.04041382751702319,0.040260983321928435
-0.0023951883341224445,0.005561085699577806,0.005843493097927931,-0.008238681432050376,-0.008391525627145128
0.05162068536784248,-0.015739677754675885,-0.017124425249435967,0.06874511061727845,0.06859226642218369
-0.010654515956226462,0.0016152009236127807,0.0015887742688536273,-0.01224329022508009,-0.012396134420174842
0.0426923311673677,0.017219001487115193,0.018413843380613828,0.024278487786753875,0.024125643591659123
0.007377309151164635,-0.0073780374502926405,-0.008108341287302218,0.015485650438466853,0.015332806243372101
-0.012083483345270318,-0.008341232507744434,-0.009146923095867369,-0.002936560249402949,-0.0030894044444977013
0.017049703470201072,0.008922733898683255,0.009468248685465254,0.007581454784735818,0.0074286105896410656
-0.011661796231637989,-0.0013617034323515353,-0.0016211245839523464,-0.010040671647685642,-0.010193515842780394
-0.022861387169887837,-0.018870951812180237,-0.02050077591547826,-0.0023606112544095753,-0.0025134554495043274
-0.014339590972324623,0.007080513662183874,0.007481842702381599,-0.021821433674706223,-0.021974277869800975
0.012251136467942514,-0.006049325659529536,-0.006675634709297742,0.018926771177240256,0.018773926982145504
-0.03290472094025654,-0.01120034817237281,-0.012229814245374029,-0.02067490669488251,-0.02082775088997726
-0.028940155649198274,-0.019494949042855536,-0.021173611772930565,-0.0077665438762677085,-0.00791938807136246
0.02295608927006154,0.013398228752857344,0.014294028784637728,0.008662060485423813,0.008509216290329061
0.023622062617355555,0.004310201897316901,0.004494705900977428,0.01912735671637813,0.018974512521283373
0.026923106266901975,0.014985846366661448,0.016005905065457494,0.01091720120144448,0.010764357006349728
-0.03220975976694629,-0.003550567117658776,-0.003981304889490046,-0.028228454877456243,-0.028381299072550995
-0.0038699837801553505,0.00291397966743423,0.002989205018833432,-0.006859188798988783,-0.007012032994083536
0.019425019597748117,0.009340748456551973,0.009918980146511588,0.009506039451236528,0.009353195256141776
-0.0053353426398475845,0.003161136890789118,0.003255706589876541,-0.008591049229724125,-0.008743893424818877
0.016091956710932998,-0.002747836267090409,-0.0031157464004546486,0.019207703111387645,0.019054858916292893
-0.0022624951830817475,0.007060045042073693,0.007459772057055505,-0.009722267240137254,-0.009875111435232006
0.017762707368305763,0.006684706201916635,0.007055056430226644,0.01070765093807912,0.010554806742984367
0.0144819675168546,-0.0018295015230987977,-0.0021255360044355044,0.016607503521290104,0.016454659326195352
-0.008052683594874654,0.004962987972138233,0.005198583829906706,-0.01325126742478136,-0.013404111619876114
-0.0029520266634666115,0.0003452097520288966,0.00021938421889338975,-0.0031714108823600014,-0.003324255077454754
-0.008512196089554225,-0.0001800552456384663,-0.0003469918926042989,-0.008165204196949926,-0.008318048392044678
0.0026129037861899462,0.002183677516658822,0.0022017440339754365,0.0004111597522145098,0.0002583155571197573
-0.004095331640058375,-0.0015200063176690204,-0.0017918174209453806,-0.0023035142191129947,-0.002456358414207747
-0.006355143039025957,-0.00400444374710851,-0.0044707052524097365,-0.0018844377866162202,-0.002037281981710973
-0.022949609183689934,-0.0027933795260068894,-0.0031648542108067552,-0.01978475497288318,-0.01993759916797793
-0.01963805322934986,-0.007776699229565143,-0.008538205278525366,-0.011099847950824495,-0.011252692145919247
0.005891654802548052,0.00019023558280406583,5.2280627871835965e-05,0.005839374174676216,0.005686529979581464
-0.00468570231837051,8.367659155239515e-05,-6.261845616813498e-05,-0.0046230838622023755,-0.0047759280572971284
0.001961598464423453,0.003925413156908419,0.0040798007549873614,-0.0021182022905639085,-0.0022710464856586614
-0.02740801636048018,-0.011017851653977395,-0.012033034203091224,-0.015374982157388957,-0.015527826352483709
-0.0008051714026091616,0.00573117089721964,0.006026890417931162,-0.006832061820540324,-0.0069849060156350765
0.009669612170390529,0.013514947433656221,0.014419882730481406,-0.004750270560090877,-0.004903114755185629
0.046687952962011225,0.0052767819301140495,0.005536937618030926,0.0411510153439803,0.04099817114888554
-0.005337376747681866,-0.0015926699031209024,-0.001870168194666228,-0.003467208553015638,-0.0036200527481103904
0.005749314589996057,0.008979584523029382,0.009529548859084983,-0.003780234269088925,-0.003933078464183677
0.015243888034273123,0.006249847099511818,0.006586162046319139,0.008657725987953984,0.008504881792859232
-0.031156154006091064,0.0035554240499382495,0.0036808535709319493,-0.034837007577023016,-0.03498985177211777
-0.008523801546171716,0.002300662213150728,0.002327884815862796,-0.010851686362034513,-0.011004530557129265
-0.037905404750706806,-0.00175271131343413,-0.0020427356264470413,-0.03586266912425976,-0.036015513319354514
-0.01949640264918462,-0.0033793036283190636,-0.0037966370559878795,-0.01569976559319674,-0.01585260978829149
-0.01532721380446389,-0.006855308680100647,-0.007544699907152998,-0.007782513897310893,-0.007935358092405646
-0.00883470710042411,-0.009069835815006422,-0.009932552273185463,0.0010978451727613522,0.0009450009776666001
-0.01103566361525965,0.0038199203649145197,0.0039660513188249,-0.015001714934084549,-0.015154559129179302
0.018025754937618155,0.004544163641626575,0.004746979217436343,0.013278775720181811,0.013125931525087058
0.029932589054568526,0.008074036650198346,0.00855312612909786,0.021379462925470667,0.021226618730375915
-0.042161304698276614,-0.011111495877577093,-0.01213400771448481,-0.030027296983791803,-0.030180141178886555
0.015812001934410125,0.004895437361786659,0.005125746210438202,0.010686255723971923,0.01053341152887717
-0.025241917118842827,-0.00806733006032423,-0.008851583022212211,-0.016390334096630616,-0.016543178291725368
-0.017263686543511403,-0.006204391417766519,-0.006842837057763232,-0.01042084948574817,-0.010573693680842924
0.0021958382106004315,-0.0003685605881837972,-0.0005502510539447541,0.0027460892645451854,0.002593245069450433
0.024101715677670388,0.00880379946585852,0.009340005566495588,0.0147617101111748,0.014608865916080047
0.0004278271790396637,0.0021779408643529674,0.002195558388938297,-0.0017677312098986334,-0.001920575404993386
-0.016680898359606733,-0.007688267521873571,-0.008442852252989918,-0.008238046106616815,-0.008390890301711567
-0.026098320462947133,-0.01192558460112425,-0.013011813027430383,-0.01308650743551675,-0.013239351630611502
-0.011165699277132735,-0.0008273801774386635,-0.0010449812491703334,-0.0101207180279624,-0.010273562223057154
0.028455333580984066,0.0031831687125787322,0.0032794627845779325,0.02517587079640613,0.02502302660131138
0.014492749981194653,0.0039531157988739185,0.004109671610087759,0.010383078371106894,0.01023023417601214
0.00606057953837702,0.004080919686204165,0.004247478372506436,0.0018131011658705839,0.001660256970775831
-0.0017211277354839405,0.010592724697279676,0.011268945284222705,-0.012990073019706646,-0.013142917214801398
-0.05948280270402828,-0.02278464425831217,-0.02472078280548964,-0.03476201989853864,-0.034914864093633396
-0.015123736403366284,-0.0012248353901096465,-0.0014735442389883495,-0.013650192164377933,-0.013803036359472687
-0.04746395852151275,-0.009733809463420173,-0.010648493397752196,-0.036815465123760556,-0.03696830931885531
-0.02296039712360265,-0.010760206333523925,-0.011755223659095254,-0.011205173464507395,-0.011358017659602147
0.011999988555908114,-0.0009564073932939454,-0.0011841070868294533,0.013184095642737568,0.013031251447642816
-0.028162040576580893,-0.004186874918536865,-0.004667414833189746,-0.023494625743391145,-0.0236474699384859
0.007625806708107197,0.007377489898070522,0.007802062489414156,-0.0001762557813069594,-0.0003290999764017123
-0.025731596202547724,-0.013979844477308045,-0.015226854436710631,-0.010504741765837093,-0.010657585960931845
0.026411198497511057,0.0006687560771996282,0.000568253666416738,0.025842944831094318,0.025690100635999566
0.017154397468365223,0.012611779574887017,0.013446026292015014,0.003708371176350209,0.003555526981255457
-0.015376957752416653,-0.01743184580508239,-0.018949034855341586,0.0035720771029249324,0.0034192329078301803
-0.003526432920855971,0.0017543350239683786,0.001738798030357028,-0.005265230951212999,-0.005418075146307752
0.011122310703610028,0.003045016966140013,0.0031304982632562057,0.007991812440353822,0.00783896824525907
0.003999996185302779,0.005395190996116739,0.005664614251095188,-0.0016646180657924094,-0.0018174622608871623
0.056274858817730644,0.013423475684721353,0.01432125172764723,0.04195360709008342,0.04180076289498866
-0.035832077055089506,-0.006468448774604507,-0.007127561491415609,-0.0287045155636739,-0.02885735975876865
-0.009290979313895442,-0.002827986549257977,-0.003202169835008834,-0.006088809478886608,-0.00624165367398136
-0.016781843472202906,-0.011725787945559007,-0.012796378811612054,-0.003985464660590852,-0.004138308855685604
0.029116461921919967,0.009184457300265958,0.009750456491305445,0.019366005430614522,0.01921316123551977
0.01756100538300287,0.012944354874931063,0.013804631388596016,0.003756373994406854,0.003603529799312102
-0.00047939734368318554,0.008282747245164312,0.0087781719549765,-0.009257569298659686,-0.009410413493754438
0.0019184176233524308,0.01011922818616795,0.010758389442957586,-0.008839971819605155,-0.008992816014699907
0.013882284538076384,0.014409702179091433,0.015384667583297018,-0.001502383045220634,-0.001655227240315386
-0.19074602725761458,-0.0013361790618444669,-0.0015936024879047916,-0.18915242476970978,-0.18930526896480454
-0.018669761156320686,0.0010015590452223666,0.0009271042499520516,-0.019596865406272736,-0.01974970960136749
0.0029727196977635817,0.010453846497412655,0.011119197451868009,-0.008146477754104427,-0.00829932194919918
-0.005334922828135413,-0.006961116506509657,-0.007658789034648045,0.0023238662065126316,0.0021710220114178787
-0.0035757670343106174,-0.01809053260189253,-0.019659275340294755,0.016083508305984137,0.015930664110889385
0.0,-0.004433512667192274,-0.004933356271611,0.004933356271611,0.004780512076516247
-0.06100475753456924,0.003105840267646931,0.0031960820450595297,-0.06420083957962877,-0.06435368377472353
-0.008917158684665694,-0.0067161276923011215,-0.007394625588448399,-0.001522533096217295,-0.0016753772913120479
0.0,0.005554424471774233,0.0058363105132936185,-0.0058363105132936185,-0.005989154708388371
-0.0019280646424459924,-0.008129889770918997,-0.00891903911728886,0.006990974474842867,0.006838130279748115
0.03283974187542227,0.01630870818887753,0.017432303813218645,0.015407438062203623,0.015254593867108871
0.0018702479790904114,-0.0006708332980633891,-0.0008761818560993818,0.002746429835189793,0.0025935856400950406
-0.03546980122269716,0.013546192203295337,0.014453572946299006,-0.04992337416899617,-0.050076218364090916
-0.0012903521137852536,0.0009078513609139804,0.0008260623109465382,-0.002116414424731792,-0.0022692586198265444
-0.0032299249702255617,-0.0056430132712504966,-0.00623752131596527,0.003007596345739708,0.002854752150644955
0.012313647221352975,-0.004104971538103408,-0.004579101089965999,0.016892748311318973,0.01673990411622422
-0.02112675583379131,-0.020308668519432915,-0.02205101893891441,0.0009242631051230993,0.0007714189100283472
-0.0019620492508853893,-0.0032339665839667964,-0.003639924862328761,0.0016778756114433717,0.0015250314163486193
-0.0006553229837381602,-0.006450532698506817,-0.007108243171027673,0.006452920187289513,0.00630007599219476
-0.039344287309490356,-0.004132299323336697,-0.004608567749280839,-0.034735719560209516,-0.03488856375530427
-0.027303728938281036,-0.025556664705103427,-0.027709762022871193,0.0004060330845901579,0.00025318888949540583
0.008421044600637417,0.005015682586245518,0.005255402713265569,0.003165641887371848,0.0030127976922770952
-0.044537254587309505,-0.047820446201610634,-0.051716071309086634,0.007178816721777129,0.007025972526682377
-0.011653303186202946,-0.0005749176607442452,-0.0007727591533914402,-0.010880544032811506,-0.011033388227906258
-0.0980103134573641,-0.06663446415643826,-0.0720026131084148,-0.02600770034894931,-0.026160544544044068
0.04411764476721847,0.0474068481332115,0.05096441361436867,-0.0068467688471502,-0.006999613042244952
-0.046165897098240594,-0.04415240397919251,-0.04776094104156757,0.0015950439433269764,0.0014421997482322244
0.06070555785607423,0.04629002144148742,0.04976017582642436,0.01094538202964987,0.010792537834555117
-0.008507394257951106,0.00526166928318772,0.005520642143863442,-0.014028036401814548,-0.014180880596909301
0.04446183011444682,0.021784622088531824,0.02333680313290566,0.021125026981541162,0.02097218278644641
-0.037341298519782073,-0.00973854541245922,-0.010653600017102235,-0.026687698502679838,-0.02684054269777459
0.010085346080557667,0.0009473866272851073,0.0008686918989330661,0.0092166541816246,0.009063809986529848
-0.05683569115016629,-0.0445937143129993,-0.04823679157784016,-0.008598899572326131,-0.008751743767420883
-0.01221495291465946,-0.015008981502439234,-0.016336539317828913,0.004121586403169453,0.003968742208074701
0.007419633284318383,0.00025804116011829414,0.00012539316989849592,0.007294240114419887,0.007141395919325134
0.0229132346033305,0.034284877594586316,0.03681542085479354,-0.013902186251463042,-0.014055030446557794
-0.033600006103515434,0.013119972745138542,0.01399399440893686,-0.04759400051245229,-0.047746844707547045
-0.004966843238520258,-0.01556552007023193,-0.016936636699768942,0.011969793461248684,0.011816949266153932
0.049084790053605776,0.015121610152536658,0.016152294726804965,0.032932495326800815,0.032779651131706056
0.08643934831597821,0.028280001568408375,0.030340558930172908,0.05609878938580531,0.055945945190710555
0.007299298019120881,0.002347024984931334,0.0023778762802016845,0.004921421738919197,0.004768577543824444
0.0,0.004921982065451136,0.005154368498443514,-0.005154368498443514,-0.005307212693538267
-0.0420289793978017,-0.01187143263889856,-0.012953422733137866,-0.029075556664663837,-0.02922840085975859
-0.05521940099587541,-0.025281938303220453,-0.02741353350599833,-0.02780586748987708,-0.027958711684971833
0.0008006588522893043,-0.007436289416773878,-0.008171152482430874,0.008971811334720178,0.008818967139625426
0.039199981689453045,0.028646463529026667,0.030735702907381618,0.008464278782071427,0.008311434586976675
-0.02617399219235128,-0.010612179635699603,-0.01159561129984059,-0.01457838089251069,-0.014731225087605443
-0.030039460254999595,-0.026705492278710663,-0.028948505317799526,-0.0010909549372000692,-0.0012437991322948212
-0.004890009566277942,0.006965716710316983,0.00735806089415357,-0.012248070460431512,-0.012400914655526264
-0.001638039123766255,0.00912006281484623,0.009681022018390087,-0.011319061142156342,-0.011471905337251094
0.020508614323688112,0.013479804803234297,0.01438198957853989,0.006126624745148223,0.005973780550053471
0.025723525666604186,0.017187073659429952,0.018379416645588193,0.0073441090210159925,0.00719126482592124
0.014106531996295857,0.0057066970727697175,0.0060005010914255304,0.008106030904870326,0.007953186709775573
-0.03786706236536441,-0.0098025870260805,-0.010722653999868907,-0.027144408365495504,-0.027297252560590256
-0.02489955587884307,-0.0016610054537223862,-0.001943852189599452,-0.022955703689243618,-0.023108547884338373
-0.032125233302588985,-0.02939044252863232,-0.031843599582349,-0.0002816337202399821,-0.0004344779153347342
-0.01787234367208279,-0.031883121516435575,-0.0345313740173363,0.01665903034525351,0.01650618615015876
0.006065831460625004,0.006082009597382809,0.006405188343061813,-0.00033935688243680925,-0.0004922010775315622
0.029285113061338075,0.023336145831710953,0.025009760570504844,0.004275352490833231,0.004122508295738479
0.03347285176477244,0.010688382331855317,0.011372089790989037,0.0221007619737834,0.02194791777868865
-0.051821888546904726,-0.020691134941917988,-0.022463420005247613,-0.029358468541657114,-0.029511312736751866
0.00512386160727929,0.008114229792425487,0.008596465083158335,-0.0034726034758790457,-0.0036254476709737977
-0.02973664977547752,-0.024974129488995245,-0.027081633303129703,-0.0026550164723478167,-0.002807860667442569
-0.054290707654730985,-0.0284510281118181,-0.030830659662798052,-0.023460047991932933,-0.023612892187027685
0.051851801486336724,0.022488442948566112,0.024095710205844906,0.027756091280491817,0.027603247085397065
0.0677817324854475,0.017865633700204997,0.0191110858011927,0.048670646684254804,0.048517802489160045
0.05111293319947818,0.018303664125949304,0.019583399719600502,0.03152953347987768,0.03137668928478293
-0.037647022920496376,-0.008163308930517088,-0.008955073906865061,-0.028691949013631313,-0.028844793208726065
0.018744868268590675,0.034124984892549115,0.036643013770295524,-0.01789814550170485,-0.0180509896967996
0.028000030517578267,0.0005440035535435594,0.00043373708990464234,0.027566293427673624,0.027413449232578872
0.014785959123961412,0.009794704112697561,0.010408465721339365,0.0043774934026220465,0.004224649207527294
-0.009202445238506884,-0.002973672247100878,-0.0033592579703529348,-0.00584318726815395,-0.005996031463248702
0.049535629995625996,0.01738025794738407,0.01858772096112378,0.030947909034502216,0.030795064839407464
-0.03244841596177872,-0.019369883187983272,-0.021038757341589713,-0.011409658620189007,-0.01156250281528376
0.035060978823123756,0.020418716445174567,0.02186399163700746,0.013196987186116296,0.013044142991021544
-0.0250368302281333,-0.01264913736003248,-0.013791996363220418,-0.011244833864912882,-0.011397678060007634
0.19864049546118734,0.0045541787147385104,0.004757778144055655,0.1938827173171317,0.19372987312203693
-0.005040953010897686,0.01880876515031682,0.020128033676489323,-0.02516898668738701,-0.02532183088248176
0.0709309618913796,0.012872958939026846,0.013727647480028447,0.05720331441135115,0.057050470216256394
-0.010644607143703078,-0.02004472508361621,-0.021766417342582885,0.011121810198879808,0.010968966003785056
-0.00298859763470527,0.010536553156824224,0.01120837734460884,-0.01419697497931411,-0.014349819174408862
0.0581534349884576,0.034291437858544604,0.03682249457340718,0.021330940415050417,0.021178096219955665
-0.01813029471616867,0.0003892292585989665,0.0002668490167990589,-0.01839714373296773,-0.01854998792806248
-0.05424123128654901,-0.02473750308360323,-0.026826486769553758,-0.02741474451699525,-0.027567588712090002
-0.043929184878995775,-0.027942247001422227,-0.03028205758919867,-0.013647127289797105,-0.013799971484891857
0.050414741820827835,0.016104667765514558,0.01721229368102658,0.033202448139801256,0.033049603944706504
0.026731504163489683,0.01878180753005876,0.02009896615399154,0.006632538009498142,0.00647969381440339
-0.020710082211242375,-0.006280017279460592,-0.00692438195731901,-0.013785700253923366,-0.013938544449018118
-0.01873108641891652,0.006295743615618132,0.0066356507623748905,-0.025366737181291413,-0.025519581376386165
0.020320192632818923,0.011735638864999398,0.012501312346492948,0.007818880286325975,0.007666036091231223
-0.03620998423933741,-0.036695142913972245,-0.03972001970986049,0.0035100354705230805,0.0033571912754283284
0.021916056477344403,0.008624176874533207,0.009146324386017627,0.012769732091326777,0.012616887896232025
0.036151970810085476,0.019480539941325148,0.020852386518622573,0.015299584291462904,0.015146740096368152
-0.027202784661352508,-0.009550141648312915,-0.010450450384435702,-0.016752334276916806,-0.016905178472011558
0.043768953189144755,0.004817163683512371,0.0050413462566425244,0.03872760693250223,0.03857476273740748
-0.020384413506960963,-0.016616200730203312,-0.018069551379526958,-0.002314862127434005,-0.0024677063225287572
0.0023781757582108654,-0.016799952076269054,-0.01826768446155099,0.020645860219761857,0.020493016024667104
-0.017793661539074135,-0.00039467858438069214,-0.0005784132372080611,-0.017215248301866073,-0.017368092496960825
-0.0006038785751414366,-0.018648495446902502,-0.020260908473894612,0.019657029898753176,0.019504185703658423
-0.015709869094796547,-0.004140841830647446,-0.004617778856235593,-0.011092090238560955,-0.011244934433655707
-0.01289140454382176,-0.02209521492281885,-0.0239773936439746,0.011085989100152838,0.010933144905058086
-0.01368160871098456,-0.002685506857766806,-0.003048538631725681,-0.01063307007925888,-0.010785914274353632
0.06746536391304736,0.029240425313361795,0.03137615252287836,0.036089211390169,0.035936367195074245
-0.021854744983098584,0.002213653490450218,0.002234066148621802,-0.024088811131720386,-0.02424165532681514
0.06702902452590109,0.0433153072475978,0.04655263855393486,0.020476385971966236,0.020323541776871484
-0.06395015030490048,-0.0019086457924624156,-0.0022108746882019,-0.06173927561669858,-0.06189211981179333
0.028415918218799296,-0.00024098633145541726,-0.00041269189471293153,0.02882861011351223,0.028675765918417476
0.048794821430794055,0.010287014543699957,0.010939307998664433,0.037855513432129624,0.03770266923703487
-0.0022422037659871608,0.0011057487964409862,0.00103944865975505,-0.003281652425742211,-0.0034344966208369634
-0.016853890444890163,0.002018354924337773,0.0020234820759212468,-0.01887737252081141,-0.019030216715906163
-0.0634286063058036,-0.02114181011508598,-0.022949368342298385,-0.04047923796350522,-0.040632082158599966
0.08114703924553246,0.01688335256005491,0.018051924092290787,0.06309511515324168,0.06294227095814692
-0.00846499008706103,-0.014914054108935981,-0.016234182206188608,0.007769192119127577,0.007616347924032825
-0.01650535078063431,-0.00868600976072853,-0.009518685160244728,-0.006986665620389581,-0.007139509815484333
-0.024884275931082445,-0.01134836742295231,-0.01238941857450755,-0.012494857356574894,-0.012647701551669647
0.009495539690792087,0.0032431003656709922,0.0033440851309835813,0.006151454559808506,0.005998610364713754
0.02821866759421443,0.0032161498496299235,0.003315025268731227,0.024903642325483203,0.02475079813038845
-0.010291612780522819,-0.011732825699560245,-0.012803967392162061,0.0025123546116392424,0.0023595104165444903
0.06643556637843417,0.029825423296426123,0.03200693676388691,0.03442862961454726,0.03427578541945251
-0.006500484173138532,0.0019495059855065833,0.0019492445112079674,-0.0084497286843465,-0.008602572879441252
0.0021809709839650804,0.008265549753183832,0.0087596284604001,-0.00657865747643502,-0.006731501671529772
-0.026659401169293995,0.009035052675189448,0.009589358358046257,-0.03624875952734025,-0.036401603722435005
0.013415303482739782,7.9107947907886e-05,-6.754467556917408e-05,0.013482848158308957,0.013330003963214203
-0.029784833600393745,-0.0124780022540123,-0.01360746696126351,-0.016177366639130233,-0.016330210834224985
0.013075585005182022,0.01070708742195392,0.011392258879434503,0.001683326125747519,0.0015304819306527669
-0.012345640691474924,-0.0042913365279230176,-0.0047800523787860875,-0.0075655883126888365,-0.007718432507783589
0.02386364018128906,0.015473984880403524,0.016532248900499362,0.007331391280789697,0.007178547085694945
-0.06492786052010713,0.00018792399994027598,4.9788123479553776e-05,-0.06497764864358668,-0.06513049283868143
-0.002373941520579015,0.002943716919978634,0.0030212697281468636,-0.005395211248725879,-0.005548055443820631
-0.00475906759355571,-0.002536961462655807,-0.002888366978108025,-0.0018707006154476853,-0.002023544810542438
-0.014345473860430391,0.0022615979258335805,0.002285763069225633,-0.016631236929656023,-0.01678408112475078
0.01637358772051467,0.00888576974833133,0.009428391448005854,0.0069451962725088166,0.0067923520774140645
-0.01849638793012498,0.0003095972599744812,0.0001809844304816454,-0.018677372360606626,-0.018830216555701378
0.003039467157545106,0.002336608362904613,0.002366644376487111,0.0006728227810579952,0.0005199785859632427
-0.006060629179983401,-0.004947922948427275,-0.005488028096488272,-0.000572601083495129,-0.000725445278589882
0.004878044241882984,0.003552954600872571,0.00367819084456417,0.001199853397318814,0.0010470092022240615
0.0345873610835592,0.011107929092462498,0.011824473376263887,0.02276288770729531,0.02261004351220056
0.168328502501927,0.004938656879440728,0.005172348406393431,0.16315615409553355,0.16300330990043882
0.04417666452792113,0.0006694597815233294,0.0005690124478323511,0.04360765208008878,0.04345480788499403
-0.013942260519990923,0.00047134296924533636,0.0003553895522298801,-0.014297650072220804,-0.014450494267315556
0.0,-0.00102581731454221,-0.001258949540582384,0.001258949540582384,0.0011061053454876314
-0.0014627345836525363,0.008679141952454561,0.009205591436438867,-0.010668326020091403,-0.010821170215186155
-0.0053710305401167835,-0.005753890884025226,-0.00635707702870908,0.0009860464885922968,0.0008332022934975439
0.005400034289201772,-0.0015928775670267514,-0.0018703921118813774,0.007270426401083149,0.007117582205988396
-0.0053710305401167835,-0.0025221231757218687,-0.0028723673373700124,-0.002498663202746771,-0.0026515073978415236
0.014236573207211833,-0.0004569466961219515,-0.0006455549107536717,0.014882128117965505,0.014729283922870753
0.0,0.008899605562620927,0.009443310155194696,-0.009443310155194696,-0.009596154350289448
0.0,0.0010951470667548424,0.001028017160490006,-0.001028017160490006,-0.0011808613555847587
0.01306875410250763,0.014605356896842503,0.015595635682690928,-0.002526881580183299,-0.002679725775278051
0.017677922909216104,-0.0004238741534883239,-0.0006098938669427196,0.018287816776158823,0.01813497258106407
-0.00046940478363055593,0.00202338180532724,0.0020289023977024807,-0.0024983071813330367,-0.002651151376427789
0.011272886838775475,0.0021602108339675574,0.0021764406755726265,0.009096446163202848,0.008943601968108096
-0.00046447879994904184,0.0014741105602813498,0.0014366411328016855,-0.0019011199327507273,-0.00205396412784548
-0.019981426395400126,-0.006886302644093845,-0.007578119687424523,-0.012403306707975603,-0.012556150903070357
0.04220006558602263,0.006800039312997219,0.007179416361443913,0.03502064922457872,0.03486780502948396
-0.039126420423729935,-0.0009395233752043097,-0.0011659016009232322,-0.0379605188228067,-0.038113363017901455
-0.009943228384308722,-0.0053832058728249255,-0.005957379473824493,-0.003985848910484229,-0.004138693105578982
0.039693922992007025,0.01102570580548079,0.01173581468824533,0.027958108303761695,0.027805264108666943
-0.002299872934082181,0.0023489303072772305,0.0023799307271307785,-0.004679803661212959,-0.004832647856307712
-0.008298769052271115,0.000719922777789872,0.0006234250504746205,-0.008922194102745737,-0.009075038297840489
0.007438393570878388,-0.0033401068031253534,-0.0037543723980821434,0.01119276596896053,0.011039921773865778
0.0216889391647328,0.004272002277298181,0.004453516496880503,0.017235422667852298,0.017082578472757546
-0.008581690693172384,0.0016722378083675604,0.0016502752809957146,-0.010231965974168098,-0.010384810169262852
-0.0022779563859333107,0.0013545591394890089,0.0013077327358342757,-0.0035856891217675864,-0.003738533316862339
-0.0054794033778535756,0.0033563334079245166,0.0034661806264942455,-0.00894558400434782,-0.009098428199442574
-0.025252577000441256,-0.0047369876733168725,-0.005260583470584641,-0.019991993529856616,-0.02014483772495137
0.008007540271290914,0.006158039788692005,0.006487169218051312,0.0015203710532396015,0.0013675268581448486
-0.019626172139286746,-0.003245756135652589,-0.0036526371513062356,-0.01597353498798051,-0.016126379183075263
-0.0028598411464020312,-0.003869693865664492,-0.004325408851134263,0.0014655677047322319,0.001312723509637479
-0.023422551115256485,-0.015370160722531612,-0.016725987088265032,-0.006696564026991453,-0.006849408222086205
0.018600056538928822,0.0069006220464606915,0.007287871441671677,0.011312185097257146,0.011159340902162392
0.00720805489571319,0.009817931917032618,0.0104335115050035,-0.0032254566092903107,-0.0033783008043850628
0.021946613163836615,0.0036312500921620305,0.003762614318622511,0.018183998845214103,0.01803115465011935
-0.004201687780921004,0.00016046065922270536,2.0175299108179782e-05,-0.004221863080029184,-0.004374707275123936
0.02109708225733864,0.018131549330308916,0.019397813950286107,0.001699268307052533,0.001546424111957781
-0.035353555256580016,-0.0011962619960680376,-0.0014427344803304423,-0.03391082077624957,-0.034063664971344325
-0.01332701968563521,0.005967198922915307,0.006281391738201212,-0.019608411423836423,-0.019761255618931176
-0.0236372301948109,0.0011193985360786751,0.0010541667287169683,-0.024691396923527866,-0.024844241118622618
0.020750992146416625,0.00397384638616094,0.0041320247260745995,0.016618967420342023,0.01646612322524727
0.00048403818759412687,-0.003000518154814724,-0.0033882050368586355,0.0038722432244527624,0.00371939902935801
0.015481359150608887,-0.0018711970276237277,-0.002170494906750787,0.017651854057359674,0.017499009862264922
-0.00714624202791414,-0.0072065416718331,-0.007923422984020007,0.0007771809561058669,0.0006243367610111149
0.0076775358080907186,0.003108858515779689,0.0031993365235581128,0.004478199284532606,0.004325355089437853
0.026190439860026116,0.013885824750712539,0.014819787642497029,0.011370652217529087,0.011217808022434335
-0.020417570407719632,-0.0028167751776319028,-0.003190080978728042,-0.01722748942899159,-0.017380333624086343
-0.01042165866140421,-0.00494150905632218,-0.005481112205868905,-0.0049405464555353044,-0.005093390650630057
-0.0067017421607878935,-0.001607929836799582,-0.0018866224833339006,-0.004815119677453993,-0.004967963872548746
-0.019759028790945043,0.0036984360198231148,0.003835058712642741,-0.023594087503587786,-0.023746931698682538
-0.008849572459461386,0.007504645877610239,0.007939170633998715,-0.016788743093460103,-0.016941587288554855
-0.004464293316918999,-0.003988635996082901,-0.004453660270168072,-1.0633046750927258e-05,-0.00016347724184568018
-0.017438982899436017,-0.010202524371008104,-0.011153893391925738,-0.006285089507510279,-0.006437933702605031
0.005578124451407485,-0.0006290422223540482,-0.0008311199024937252,0.00640924435390121,0.006256400158806457
-0.01613715058272247,-0.011358438273891824,-0.012400277644538724,-0.0037368729381837464,-0.0038897171332784985
-0.02511531344796125,-0.017081454337735447,-0.01857121916676679,-0.00654409428119446,-0.006696938476289212
0.0026287716013244644,0.007448895819775148,0.007879057165344545,-0.005250285564020081,-0.005403129759114833
0.011012113014259084,0.013779387810288313,0.014705020161882682,-0.003692907147623598,-0.00384575134271835
-0.020746966371011144,-0.012475001040294531,-0.013604230850418906,-0.0071427355205922385,-0.0072955797156869905
0.011122934383264171,-0.000503600390907244,-0.0006958600678778617,0.011818794451142034,0.01166595025604728
0.02933470201499544,0.015486673802446171,0.016545930951192875,0.012788771063802565,0.012635926868707813
-0.03562335212112222,-0.004055288780130728,-0.004525529792822635,-0.031097822328299586,-0.03125066652339434
-0.032717721069749794,-0.005934396967956612,-0.006551710850442385,-0.02616601021930741,-0.02631885441440216
0.001091132452095911,0.0011692656800530443,0.0011079368432708122,-1.680439117490132e-05,-0.00016964858626965403
-0.014713921098133853,-0.008407570124922548,-0.00921845278436787,-0.0054954683137659836,-0.005648312508860736
0.007743329106150831,0.003679773444691614,0.0038149354666993543,0.003928393639451477,0.0037755494443567246
0.02140512138829842,0.013644592157896263,0.01455967440728711,0.00684544698101131,0.006692602785916558
0.10048355027160016,0.006680165568110796,0.007050160412920891,0.09343338985867927,0.09328054566358451
-0.0019530766148807555,0.002414323726029899,0.0024504423172712875,-0.004403518932152043,-0.0045563631272467955
0.012230919445596067,-0.0038835019016946193,-0.004340297605932115,0.016571217051528184,0.016418372856433428
-0.015466393744044127,0.005658384242170911,0.00594840694227888,-0.021414800686323007,-0.02156764488141776
-0.005891057157065616,-0.002496683664631072,-0.0028449367424626926,-0.003046120414602923,-0.0031989646096976755
-0.018765390655140823,-0.0076588713308223255,-0.008411155299158262,-0.010354235355982561,-0.010507079551077313
-0.018621078188523765,-0.016147208958519288,-0.017563852851830614,-0.001057225336693151,-0.001210069531787903
-0.01025644938151038,0.00035058102206497743,0.00022517588414873584,-0.010481625265659116,-0.010634469460753868
-0.0015543409576550538,-0.004278673417828949,-0.004766398160274676,0.0032120572026196224,0.0030592130075248695
0.003113620369334713,-0.006702266480503982,-0.007379679495955707,0.01049329986529042,0.010340455670195668
-0.0046559830803473146,0.002517410777005402,0.0025615977213750345,-0.0072175808017223494,-0.0073704249968171015
0.009875287750410244,-0.0033873413051768164,-0.0038053038207340275,0.013680591571144271,0.01352774737604952
-0.016984041097423352,-0.01111286391927968,-0.012135482829223693,-0.00484855826819966,-0.005001402463294412
0.0,-0.005745837446504476,-0.0063483932697541755,0.0063483932697541755,0.006195549074659423
0.007853383012274673,-0.004403818556987793,-0.004901338081275294,0.012754721093549966,0.012601876898455214
-0.004155840192522353,-0.015051375861739213,-0.016382251772449702,0.012226411579927349,0.012073567384832597
0.0005216603464808234,-0.007387777046316768,-0.008118843175964514,0.008640503522445338,0.008487659327350586
0.030239828700604265,0.016035901237667627,0.01713814497738917,0.013101683723215095,0.012948839528120343
-0.015688231900386262,0.0004863370186602989,0.000371557146569811,-0.016059789046956072,-0.016212633242050824
-0.006169708716004307,0.0016937032123527374,0.001673420725856578,-0.007843129441860885,-0.007995973636955638
-0.006725254075514608,0.001380031526917458,0.0013351987802239758,-0.008060452855738583,-0.008213297050833337
0.007812479821345031,-0.002165632329979128,-0.0024879748880483484,0.01030045470939338,0.010147610514298626
0.023772562036389777,0.011078977592776207,0.01179325591862409,0.011979306117765686,0.011826461922670934
-0.008076721439956747,-0.014334892170861036,-0.0156096907821054,0.007532969342148654,0.007380125147053902
0.02035621507865404,-0.0022766655169013106,-0.0026076983513201313,0.02296391342997417,0.022811069234879418
-0.03690772066217063,-0.024642584749729912,-0.02672413942661686,-0.010183581235553768,-0.01033642543064852
0.01760746566500737,0.00010955419561042845,-3.47154799059564e-05,0.017642181144913328,0.017489336949818576
0.02239188511956458,0.005726850663809513,0.006022232051182081,0.0163696530683825,0.016216808873287747
0.0507715505234716,0.023049400920118535,0.024700572886686797,0.0260709776367848,0.02591813344169005
0.013263797783102937,-0.00010646449242102118,-0.00026764138412842763,0.013531439167231365,0.013378594972136613
-0.009817629287744989,0.008114163624478143,0.008596393736419284,-0.018414023024164273,-0.018566867219259025
-0.02880078383202367,-0.012620113782869202,-0.01376070118678854,-0.015040082645235129,-0.015192926840329881
0.016042777277682108,0.011650737147309576,0.012409765594019089,0.003633011683663019,0.0034801674885682667
-0.030143501065331813,-0.007023250955987548,-0.0077257865845354705,-0.022417714480796342,-0.022570558675891094
-0.01381355107657456,0.010814652782245693,0.011508243098380085,-0.025321794174954643,-0.025474638370049395
0.04102049545838238,0.010337815429059649,0.010994084936093038,0.03002641052228934,0.029873566327194588
0.01970205948746484,0.0014447466011910937,0.0014049789336420748,0.018297080553822766,0.018144236358728014
0.018378949557817714,0.009815695418065262,0.010431099961127314,0.0079478495966904,0.007795005401595648
0.0023137082669308917,-0.0016863570122068738,-0.0019711879480806276,0.004284896215011519,0.004132052019916767
-0.025392393394973345,-0.022261677039013494,-0.024156884313447504,-0.0012355090815258409,-0.001388353276620593
0.026527685919051303,0.007174604262178752,0.007583297526880167,0.018944388392171135,0.018791544197076383
-0.019843115074382633,-0.015954853497705423,-0.0173564422335619,-0.0024866728408207348,-0.002639517035915487
-0.0037664747913432883,0.004772721486371312,0.004993425685283404,-0.008759900476626692,-0.008912744671721446
0.004725915982554119,0.008984905521485453,0.009535286318135591,-0.004809370335581473,-0.004962214530676225
-0.013640682615486344,-0.002109799583246086,-0.00242777225865304,-0.011212910356833304,-0.011365754551928056
0.029566087722213696,0.02492023877666627,0.02671783631588867,0.0028482514063250253,0.002695407211230273
-0.022232493693558286,0.0024593113157624913,0.002498950967669757,-0.024731444661228043,-0.024884288856322795
0.028896195422363657,0.0062321108631679945,0.006567037641270965,0.022329157781092693,0.02217631358599794
0.0023020785446543623,-0.0046870230309741245,-0.00520670822672082,0.007508786771375182,0.0073559425762804295
-0.029857584054320485,-0.00943264946713962,-0.01032376239837185,-0.019533821655948636,-0.019686665851043388
-0.014678094743024062,-0.0016388318166757898,-0.001919943080132833,-0.012758151662891229,-0.01291099585798598
0.018260503501556613,-0.008125926498228409,-0.008914765649638685,0.027175269151195298,0.027022424956100546
0.012269949142471814,-1.4923577632885987e-05,-0.00016893580201104007,0.012438884944482854,0.012286040749388102
-0.05128206724217321,-0.004987097282612596,-0.005530268503073376,-0.04575179873909983,-0.04590464293419459
-0.02211305918938533,0.01649736234989274,0.017635723440660334,-0.039748782630045665,-0.03990162682514042
-0.02763815314591289,-0.002314313728559836,-0.0026482931897706097,-0.024989859956142283,-0.025142704151237035
-0.008268725801438781,0.007409672577889825,0.007836764023182024,-0.016105489824620803,-0.016258334019715555
0.024491886413466002,0.006680490923747229,0.007050511233289723,0.01744137518017628,0.017288530985081527
0.11546289294923251,0.002717099891568653,0.002776915979239179,0.11268597696999333,0.11253313277489858
0.05791155677567117,-0.010061659913606968,-0.011002003842868804,0.06891356061853997,0.06876071642344522
-0.024137989434275364,-0.00890905606969361,-0.009759188718860973,-0.014378800715414392,-0.014531644910509144
-0.03224379690443391,-0.009040932945028057,-0.0099013872513733,-0.022342409653060606,-0.022495253848155358
0.056138728927541015,-0.000313861457302278,-0.000491270765540696,0.05662999969308171,0.05647715549798696
0.01037164120347911,0.016540974699349675,0.017682749214333417,-0.007311108010854307,-0.007463952205949059
0.013686980909299429,0.01908056557933535,0.02042110721227517,-0.006734126302975742,-0.006886970498070494
-0.01434599753766952,-0.0004833595887074882,-0.0006740350711725771,-0.013671962466496943,-0.013824806661591695
0.0,-0.0043168283608459035,-0.004807539390618077,0.004807539390618077,0.0046546951955233245
-0.01926373078689214,-0.0028999798130677767,-0.0032797978227706295,-0.01598393296412151,-0.016136777159216263
0.001746002435345284,-0.0075036694675360005,-0.00824380619305816,0.009989808628403445,0.009836964433308693
0.0226578881537447,0.01904028588598905,0.020377674932966425,0.002280213220778274,0.0021273690256835218
-0.0008520899446153862,0.0023292692665812798,0.0023587308683417447,-0.003210820812957131,-0.0033636650080518834
0.01321959300028297,0.005106758007594747,0.00535360636899337,0.007865986631289599,0.007713142436194847
-0.011784540570212165,0.0006208264404641284,0.0005165727027121278,-0.012301113272924293,-0.012453957468019045
-0.001703535304877657,0.0004136855394443195,0.0002932194266082011,-0.001996754731485858,-0.002149598926580611
-0.0021331545763629833,0.002188441817939202,0.0022068812246223827,-0.004340035800985366,-0.0044928799960801185
0.00470289068926788,-0.0012519007957618733,-0.0015027279829604224,0.006205618672228302,0.00605277447713355
0.002127627108959418,-0.00012814640056846294,-0.00029102027836454194,0.0024186473873239597,0.002265803192229207
0.012314264327914382,0.0011396405267545262,0.0010759930069172555,0.011238271320997126,0.011085427125902374
0.01971473617224251,0.007100510313353237,0.007503404438995641,0.012211331733246868,0.012058487538152115
0.007404373061708824,0.0018721339981915275,0.001865816821358165,0.0055385562403506595,0.005385712045255907
-0.01184152759857171,-2.1174829462955458e-05,-0.0001756763229275884,-0.011665851275644122,-0.011818695470738876
-0.0016529303415808716,-0.003497536135912971,-0.003924123311879739,0.0022711929702988673,0.0021183487752041144
-0.00786426056529832,0.0002264032488046297,9.127904223851883e-05,-0.00795553960753684,-0.008108383802631592
-0.006257806542643629,-0.008072242646582573,-0.00885688010371346,0.0025990735610698316,0.0024462293659750795
0.006297213285139769,0.006454730908207917,0.006807081573402531,-0.0005098682882627619,-0.0006627124833575148
-0.005840608830157135,-0.0004890148137838279,-0.000680132915884495,-0.00516047591427264,-0.005313320109367392
0.002517812259105412,-0.0008081822874276279,-0.001024280790655684,0.003542093049761096,0.0033892488546663434
0.012139008913202298,0.0008443492265819419,0.0007575900310982619,0.011381418882104036,0.011228574687009284
-0.00785775565176261,-0.00780580496271055,-0.008569589041072636,0.0007118333893100254,0.0005589891942152734
-0.010004158958229814,0.0050732955705157234,0.005317524914721301,-0.015321683872951115,-0.015474528068045869
0.04252632542660373,-0.0011659590635981765,-0.0014100598168073155,0.04393638524341104,0.04378354104831629
0.006865915780390308,-0.0010676612969652277,-0.001304068541771446,0.008169984322161754,0.008017140127067002
0.012033663593588706,0.020435540463669577,0.021882132427308135,-0.00984846883371943,-0.010001313028814181
-0.011494213770921302,0.0040499740579702515,0.00421411071110731,-0.015708324482028614,-0.015861168677123366
0.021250953005117923,-0.006147829935223559,-0.006781848656317314,0.028032801661435236,0.027879957466340484
0.012563863792688368,0.0031349558295050706,0.003227476405587102,0.009336387387101266,0.009183543192006514
-0.00814272913402081,0.002092692232889659,0.0021036375706597024,-0.010246366704680512,-0.010399210899775264
0.024237718572423406,0.01630974737217783,0.017433424330670542,0.006804294241752863,0.006651450046658111
0.003816735542334193,0.003958951318527193,0.004115963860560315,-0.000299228318226122,-0.00045207251332087493
-0.0087452299965175,-0.003124690820504483,-0.003522096371442109,-0.005223133625075392,-0.005375977820170144
0.00767168259611295,-0.0012797755200721905,-0.0015327843888394705,0.00920446698495242,0.009051622789857668
-0.005329322213837084,0.001185553958514829,0.0011254999625708712,-0.006454822176407956,-0.006607666371502709
-0.01148102742808299,-0.0005407337436069692,-0.0007358997507090814,-0.010745127677373909,-0.010897971872468661
0.005420030586990032,-7.531901909729743e-05,-0.00023405823628841748,0.00565408882327845,0.0055012446281836975
-0.015402373088419075,-0.002232653981520283,-0.002560242148487566,-0.012842130939931508,-0.012994975135026262
-0.011341377068432745,-0.0105018557847808,-0.011476652690440898,0.00013527562200815225,-1.75685730865998e-05
-0.0150316874127292,-0.0057367349435899495,-0.006338578337808357,-0.008693109074920843,-0.008845953270015597
0.03052209801305583,0.009648981834660786,0.01025133814276555,0.020270759870290284,0.02011791567519553
-0.005845659369534295,-0.004477753072888002,-0.004981059257837572,-0.0008646001116967231,-0.001017444306791476
-0.003136022069316957,0.002651506710448004,0.002706188991854036,-0.0058422110611709935,-0.005995055256265746
-0.0035391329731747634,0.0008722869484341089,0.0007877143651715459,-0.004326847338346309,-0.004479691533441062
-0.028808190127882827,0.0036244096381636837,0.0037552384802291903,-0.03256342860811202,-0.03271627280320677
0.006095067647710062,0.007174435557619541,0.007583115618257544,-0.001488047970547482,-0.0016408921656422349
0.01009693043978177,-0.00032158936312698394,-0.0004996035142874326,0.010596533954069204,0.01044368975897445
-0.017992833219561022,-0.0034567355331607263,-0.003880129352951959,-0.014112703866609063,-0.014265548061703815
-0.019136780275840204,-0.00989094181235195,-0.01081792408354641,-0.008318856192293793,-0.008471700387388545
-0.022000858583995142,-0.006188030354815854,-0.006825195457323229,-0.015175663126671913,-0.015328507321766667
0.017402370827927838,0.00019538952303133073,5.783795348418978e-05,0.01734453287444365,0.017191688679348897
0.004171897552538217,-0.0029661372528556607,-0.0033511332318690917,0.007523030784407309,0.007370186589312556
0.0029081718201797724,0.008077922524027725,0.008557316140080942,-0.00564914431990117,-0.005801988514995922
0.019469810794803033,0.010269933278491461,0.010920889827624649,0.008548920967178384,0.008396076772083632
-0.04022753947847291,0.004117058019306619,0.004286445158166001,-0.04451398463663891,-0.04466682883173366
0.02497875631990909,-0.0024437290975140025,-0.0027878375602537107,0.0277665938801628,0.027613749685068047
0.03965307840250998,-0.016571304555192734,-0.018021141298641057,0.05767421970115104,0.05752137550605628
0.002781076464522858,0.00043958226653084687,0.0003211430226081627,0.0024599334419146955,0.002307089246819943
0.011885940852997434,-0.01444390628760639,-0.01572723714787274,0.027613178000870174,0.027460333805775422
-0.007047779903028517,-0.0030853828766044256,-0.0034797118978602947,-0.0035680680051682224,-0.003720912200262975
-0.005126224960032788,0.002995542646406335,0.0030771517182661685,-0.008203376678298957,-0.008356220873393709
-0.005152562945907935,-0.0007289817322603254,-0.0009388814157433621,-0.004213681530164572,-0.004366525725259325
-0.01474106906813255,0.00015587969925845435,1.5235799421352872e-05,-0.014756304867553903,-0.014909149062648655
0.0008087528562026325,0.010926475234507071,0.01162881760071927,-0.010820064744516638,-0.01097290893961139
-0.027474759805082072,-0.009379454163327194,-0.010266403637637712,-0.017208356167444358,-0.01736120036253911
0.019526432349901146,0.002163809008205897,0.0021803204694721854,0.01734611188042896,0.017193267685334208
0.01018744868268584,0.007853184882181896,0.008314988872394988,0.0018724598102908517,0.0017196156151960997
-0.018959306306791546,-0.023705000038029778,-0.025713172418400775,0.0067538661116092295,0.0066010219165144775
0.027549345588048446,-0.01220484261628385,-0.013312927835066622,0.04086227342311507,0.040709429228020316
-0.017607064349241863,0.001698692425988746,0.0016788004321593828,-0.019285864781401246,-0.019438708976495998
-0.01710794661288284,0.00013048788935265954,-1.214336085431409e-05,-0.017095803252028526,-0.01724864744712328
-0.0020720778615624935,-0.0039854205221913075,-0.004450193129567745,0.0023781152680052518,0.002225271072910499
-0.017857155587133522,-0.013852035718884714,-0.015089042421951188,-0.002768113165182334,-0.002920957360277086
-0.01226211470851335,-0.0015935449138314572,-0.001871111690170333,-0.010391003018343017,-0.01054384721343777
0.04580478025972612,0.00483994963594836,0.005065915605818231,0.040738864653907886,0.040586020458813134
0.003274659136582425,0.019862053761098286,0.021263760424527833,-0.017989101287945407,-0.01814194548304016
-0.013463889050363775,0.0006633863793055195,0.0005624636963507932,-0.01402635274671457,-0.014179196941809321
0.014888362523076681,0.002320181125065268,0.002348931421823439,0.012539431101253242,0.01238658690615849
0.012224907329597023,0.013026314842639719,0.013893006148032587,-0.001668098818435564,-0.001820943013530316
-0.009661826475196755,-0.0020295818770267315,-0.0023412761229433584,-0.007320550352253397,-0.007473394547348149
0.0004065133628763373,-0.0052265872985560735,-0.005788502774488668,0.006195016137365005,0.006042171942270252
0.013409179826157747,0.007856028682432292,0.008318055249432956,0.00509112457672479,0.004938280381630038
0.01162786695945317,0.004269642628790704,0.004450972164872656,0.007176894794580514,0.007024050599485761
-0.004359837693171054,0.00016250753698754394,2.2382380627619826e-05,-0.004382220073798674,-0.004535064268893426
0.0035827325729502757,-0.004745224843287543,-0.0052694653422464734,0.008852197915196749,0.008699353720101995
-0.004363296588561938,-0.0017098123935156417,-0.0019964791205713717,-0.0023668174679905662,-0.0025196616630853187
-0.005976080328708333,0.0015848622233496368,0.0015560610380858408,-0.007532141366794174,-0.007684985561888926
-0.011623282832043391,0.0033065906083264984,0.0034125445884249897,-0.01503582742046838,-0.015188671615563133
0.0012165728641988505,0.0029209195962771606,0.0029966881177065437,-0.0017801152535076932,-0.0019329594486024457
-0.0028351435119517987,0.0003385605486661003,0.00021221459982129846,-0.0030473581117730973,-0.00320020230686785
-0.005280303155313915,0.0065488820784729285,0.006908601708847427,-0.012188904864161342,-0.012341749059256096
-0.004491654200882822,0.0004482397633895907,0.00033047811904126636,-0.004822132319924089,-0.004974976515018841
-0.006972931999420173,-0.0063214251654488685,-0.00696903072994907,-3.901269471103148e-06,-0.00015674546456585607
0.008261080979045765,-0.004135401260425775,-0.004611912466850875,0.01287299344589664,0.012720149250801886
0.007783717134179469,0.011870590853387819,0.012646826673093324,-0.004863109538913855,-0.0050159537340086074
0.002845516005639759,0.011486656421599406,0.012232842700218547,-0.009387326694578788,-0.00954017088967354
0.04458858443728775,-0.007589201039747917,-0.00833603209711573,0.05292461653440348,0.05277177233930873
0.0038804959135962935,0.00548810949285139,0.005764805234885259,-0.0018843093212889657,-0.0020371535163837187
-0.0065713208650588495,-0.009378687628036508,-0.010265577107640105,0.0036942562425812554,0.0035414120474865033
0.00350195135860365,-0.002440296594621194,-0.0027841364043614146,0.0062860877629650645,0.0061332435678703116
0.0,-0.00478746019469678,-0.0053150063438459185,0.0053150063438459185,0.0051621621487511656
0.0011631941927854328,-0.001218442012279497,-0.0014666504682424282,0.002629844661027861,0.002477000465933108
-0.007745889153937924,-0.011049941573072375,-0.012067635715996144,0.004321746562058221,0.004168902366963469
0.01444180014694485,0.016941941334216226,0.018115098456153344,-0.003673298309208494,-0.003826142504303246
0.02847248086321663,0.025403420320955883,0.027238835212478964,0.001233645650737667,0.001080801455642915
-0.014216205285232486,-0.0020856174946130013,-0.002401697501361536,-0.01181450778387095,-0.011967351978965703
0.022770412629354864,0.004865096315322948,0.005093030449838882,0.01767738217951598,0.01752453798442123
-0.03562155712965487,-0.0031231161538831653,-0.0035203984597939925,-0.03210115866986087,-0.032254002864955625
0.02885725304366682,-0.003242371304872038,-0.0036489873986974013,0.03250624044236422,0.03235339624726947
0.008975309393135733,0.002655865938542279,0.0027108894052989283,0.006264419987836805,0.006111575792742052
0.0033358100116718248,0.007597415119266371,0.008039200680906702,-0.004703390669234878,-0.00485623486432963
0.008127123132003256,-4.7513986152325494e-05,-0.0002040769763351106,0.008331200108338366,0.008178355913243613
-0.012092408207539651,-0.0009306715612543703,-0.0011563569787098125,-0.01093605122882984,-0.011088895423924591
-0.00593471264263723,0.0011286697641588184,0.0010641635915046256,-0.0069988762341418554,-0.007151720429236608
0.013432858977612705,0.00019699191031485874,5.956575541804846e-05,0.013373293222194656,0.013220449027099904
-0.055596474129793294,0.005642922184040833,0.005931734709409081,-0.061528208839202375,-0.06168105303429713
-0.015594527270140879,0.0034032703971196288,0.003516791250738756,-0.019111318520879633,-0.01926416271597439
0.007920822294631868,0.004428106846314561,0.004621838961120753,0.0032989833335111155,0.0031461391384163626
0.01925342854337786,0.001507477027169024,0.0014726191055472156,0.017780809437830645,0.017627965242735893
0.017347681045727148,6.614683421224399e-06,-0.00014571179774952955,0.017493392843476677,0.017340548648381925
0.009094345459223607,0.005445481690718124,0.005718841066472839,0.003375504392750768,0.0032226601976560153
-0.016522667689649273,-0.0018496216125600817,-0.002147230840532853,-0.01437543684911642,-0.014528281044211173
-0.013363893636221369,0.005105995170664235,0.005352783826816889,-0.018716677463038258,-0.01886952165813301
-0.009674922543487785,-0.0038996213232838084,-0.004357678652374997,-0.005317243891112788,-0.005470088086207541
0.0171942372580689,-0.0025633010773032927,-0.002916768125316844,0.020111005383385745,0.019958161188290992
0.011525133659118891,0.010052705569688847,0.010686660275745979,0.0008384733833729126,0.0006856291882781605
-0.009494872796217302,-0.011538744820964397,-0.012594696312186572,0.0030998235159692706,0.0029469793208745185
0.0038343704663446054,0.010416510240551347,0.011078938984098606,-0.007244568517754001,-0.007397412712848753
0.004201703936948187,0.0005491705981217621,0.0004393085455111148,0.003762395391437072,0.0036095511963423195
-0.012171989008332607,-0.0018053993582290984,-0.0020995474263307413,-0.010072441582001865,-0.010225285777096619
0.0030804746176837927,0.005657940611518475,0.005947928589818724,-0.0028674539721349314,-0.0030202981672296843
-0.00729361352297786,-0.000606117484177382,-0.000806400905181391,-0.0064872126177964685,-0.006640056812891221
0.008507320501238924,0.001595272232703504,0.0015672858115709982,0.006940034689667926,0.0067871904945731735
-0.0015337043058175626,0.000592263093356804,0.00048577377733570297,-0.0020194780831532654,-0.0021723222782480183
0.004992287104301996,0.0006906716689645265,0.0005918845340741988,0.004400402570227797,0.004247558375133045
0.012609855664654113,-0.0010450813177572682,-0.0012797212868081492,0.013889576951462262,0.013736732756367508
0.016226426610406852,0.007336475471722448,0.007757837971478466,0.008468588638928385,0.008315744443833633
-0.022279999059428568,-0.012404137955230099,-0.01352782149752892,-0.008752177561899648,-0.0089050217569944
-0.031143171181171825,-0.006303057332801343,-0.006949225295210901,-0.024193945885960924,-0.024346790081055676
0.030968208588422197,0.008772467921830174,0.009306221784684886,0.02166198680373731,0.02150914260864256
-0.03346004510625822,-0.018309580659152336,-0.019895467714530397,-0.013564577391727822,-0.013717421586822574
-0.0003934000335099608,0.006109463971145868,0.006434791498658662,-0.0068281915321686225,-0.006981035727263375
0.0027548089431157496,0.012725994077109837,0.013569180063792837,-0.010814371120677088,-0.01096721531577184
-0.001962293483469879,-0.0008640799292052304,-0.0010845533942604993,-0.0008777400892093798,-0.0010305842843041325
0.012976795900347948,0.002323855425648391,0.002352893300277142,0.010623902600070807,0.010471058404976055
-0.0027173794333175127,0.00461072337316093,0.004818748404601239,-0.007536127837918752,-0.007688972033013505
0.009342147377536802,0.00956601649469957,0.010161879323226855,-0.0008197319456900529,-0.000972576140784805
0.0065561154760191975,0.001084512714484509,0.0010165504853566628,0.005539564990662535,0.005386720795567782
-0.013409976105525967,0.0018164914425815581,0.0018058192688463458,-0.015215795374372313,-0.015368639569467065
0.00233007634727711,0.004481139122655131,0.004679021934650362,-0.0023489455873732515,-0.0025017897824680044
-0.004261863823285972,0.0032490857396794137,0.003350538964518661,-0.007612402787804633,-0.007765246982899385
-0.009727626170366155,-0.0024032529493148713,-0.0027441934500860164,-0.006983432720280139,-0.007136276915374891
0.015717076877764136,0.00131405176760091,0.001264054958181364,0.014453021919582771,0.014300177724488019
-0.0077369733070805635,0.005602990523162488,0.0058886777021568215,-0.013625651009237384,-0.013778495204332138
-0.0003898724768248707,-0.0016184626244926115,-0.0018979796446968334,0.0015081071678719627,0.00135526297277721
-0.01131041400475985,-0.005510332450180511,-0.0060944559149930765,-0.005215958089766774,-0.0053688022848615265
-0.03510853189760266,-0.0024225306518709244,-0.0027649799678642686,-0.03234355192973839,-0.03249639612483314
0.012264969568196893,0.006697492376419811,0.00706884334507572,0.005196126223121173,0.00504328202802642
-0.002827128197784301,-0.008282433828555424,-0.009083522398261091,0.00625639420047679,0.006103550005382038
-0.004860301200393602,0.007174256352702191,0.007582922387441288,-0.01244322358783489,-0.012596067782929644
-0.02360602079405949,-0.0033400389194234714,-0.0037542992013009442,-0.019851721592758546,-0.0200045657878533
0.010837858747912765,0.0077851108025177584,0.008241586813043654,0.0025962719348691116,0.0024434277397743596
0.01154642006785589,-0.0005883499068413123,-0.0007872427061637013,0.01233366277401959,0.012180818578924838
0.0016306158605403631,0.00405666949441863,0.004221330181807344,-0.002590714321266981,-0.002743558516361734
-0.02238499161139207,-0.0044735804606589324,-0.004976560066192244,-0.017408431545199825,-0.017561275740294577
-0.012073310158227324,0.005172264111710456,0.005424239464084761,-0.017497549622312085,-0.017650393817406837
-0.013485027433509211,-0.010546128701639845,-0.011524390732394278,-0.0019606367011149334,-0.0021134808962096855
0.0,0.004048451943253761,0.004212469464463793,-0.004212469464463793,-0.004365313659558546
-0.06450235962085071,-0.00429489561132812,-0.00478389002231541,-0.0597184695985353,-0.05987131379363006
0.015981752856907727,0.006302737952936344,0.006643192528131954,0.009338560328775773,0.009185716133681021
-0.010337058078037198,0.0035443321494683655,0.0036688935365014226,-0.01400595161453862,-0.014158795809633373
0.021798343880919058,0.01218913260513399,0.012990299852354947,0.00880804402856411,0.008655199833469358
-0.008444468180338505,0.0035522505198095633,0.0036774316569228526,-0.012121899837261358,-0.01227474403235611
0.0,-0.002836767069231527,-0.003211637583253305,0.003211637583253305,0.0030587933881585524
-0.012998611166325391,-0.022966290584432447,-0.02491664611317761,0.011918034946852219,0.011765190751757467
0.03088103047409474,0.014307223290395576,0.015274167940739606,0.015606862533355133,0.015454018338260381
-0.018061666679830446,-0.014327681394279534,-0.015601915636951534,-0.002459751042878912,-0.002612595237973664
-0.008524025403931712,-0.006701003439812281,-0.007378317600381462,-0.00114570780355025,-0.0012985519986450028
-0.0022624951830817475,0.008847902373522176,0.009387560293079716,-0.011650055476161464,-0.011802899671256216
-0.01541950858739416,0.004661629963028435,0.00487363931975227,-0.02029314790714643,-0.020445992102241184
-0.011054803373520938,0.01041921875000007,0.011081859481478664,-0.0221366628549996,-0.022289507050094352
0.0377271261851968,6.340190171760796e-06,-0.00014600777486575462,0.037873133960062554,0.0377202897649678
0.05969478827275099,0.0040347322693841114,0.004197675987700984,0.055497112285050006,0.055344268089955254
-0.02668365319054733,-0.0018421130247733286,-0.002139134575271726,-0.024544518615275603,-0.024697362810370355
-0.010443854477762415,0.007186011722218666,0.007595597818900698,-0.018039452296663115,-0.018192296491757867
0.003078262776111673,0.002484899676771457,0.0025265420625879735,0.0005517207135236997,0.00039887651842894717
-0.02498902710082418,-0.009307883608932754,-0.010189231443648637,-0.014799795657175542,-0.014952639852270294
0.021582713452168223,0.009407983261396247,0.009991477243203954,0.011591236208964269,0.011438392013869517
-0.000440150932397132,0.010534666895180678,0.01120634345021328,-0.011646494382610412,-0.011799338577705164
0.004403363518323378,0.0019077786269059427,0.001904251261682007,0.002499112256641371,0.002346268061546618
-0.005260803800716252,0.005230269513137653,0.005486784796159226,-0.010747588596875478,-0.01090043279197023
0.0008813816634787308,0.004139081299929126,0.004310192143205536,-0.003428810479726805,-0.003581654674821558
-0.0022016397655749698,-0.0036871039064235722,-0.004128528054636029,0.0019268882890610588,0.0017740440939663059
0.0070608935785312354,0.004321655306021466,0.004507055737944089,0.0025538378405871465,0.0024009936454923936
-0.007449609052032624,4.2889368592202715e-05,-0.00010659798810262771,-0.007343011063929997,-0.007495855259024749
0.019426072470996703,0.010142153479971716,0.010783109039384496,0.008642963431612206,0.008490119236517454
-0.0021654065279398393,0.0051141362697153525,0.005361562108340247,-0.007526968636280086,-0.007679812831374839
0.006510399851120896,-0.005009741163373271,-0.005554684660996334,0.01206508451211723,0.011912240317022477
0.006899518918817016,0.010300096519028301,0.010953413865893507,-0.004053894947076491,-0.004206739142171243
0.006852241747245635,-0.000707617924973758,-0.0009158455192882654,0.007768087266533901,0.007615243071439148
0.005529526137856067,0.001722386289245481,0.001704348751954729,0.0038251773859013377,0.003672333190806585
-0.01311334492157934,-0.008273657594813577,-0.009074059271720437,-0.004039285649858903,-0.004192129844953655
-0.006000831123286088,-0.002923832356719225,-0.0033055172424590346,-0.002695313880827053,-0.0028481580759218057
0.011642886770033112,-0.0005513654411685165,-0.0007473635633565442,0.012390250333389656,0.012237406138294903
0.026001732061247118,0.006340981548631053,0.0066844293497657,0.019317302711481417,0.019164458516386665
0.00166185774966765,-0.007047981897774669,-0.007752453152277979,0.009414310901945628,0.009261466706850876
0.026959751226683926,0.00367034439193481,0.003804768426711498,0.023154982799972426,0.023002138604877674
-0.016558959758564806,-0.014307241527974024,-0.015579875995914995,-0.0009790837626498117,-0.0011319279577445638
-0.003696104771167885,0.005935988427895333,0.00624773847958731,-0.009943843250755195,-0.010096687445849947
-0.01690024087155606,-0.005510807488524838,-0.0060949681333427996,-0.01080527273821326,-0.010958116933308015
-0.00251570083784991,-0.013779732742503992,-0.015011080481227781,0.012495379643377871,0.012342535448283119
0.0075661366498589455,0.008490293972530871,0.009001962820391033,-0.0014358261705320879,-0.00158867036562684
0.01585319478517988,0.012831541229424204,0.013682988114915487,0.0021702066702643935,0.0020173624751696415
0.015195027765434244,-0.00034681344994402785,-0.0005268018242280553,0.015721829589662298,0.015568985394567546
-0.003640782972808121,-0.010153367167240024,-0.011100888782736271,0.0074601058099281504,0.007307261614833398
-0.02273647929450251,-0.008369555515669425,-0.009177462871343963,-0.013559016423158547,-0.013711860618253299
0.007478201390026973,0.014784291377196501,0.01578857489555646,-0.008310373505529486,-0.008463217700624238
-0.0045361076433632075,-0.005885016114436148,-0.006498465087020949,0.0019623574436577413,0.0018095132485629883
0.007870776257727918,0.007567364431436019,0.008006798004549493,-0.00013602174682157513,-0.0002888659419163272
0.018495715756291276,0.007791157767295331,0.008248107057895861,0.010247608698395414,0.010094764503300662
-0.018966957533476547,-0.013851474486292426,-0.015088437263155764,-0.003878520270320783,-0.004031364465415535
-0.010283834039167439,-0.02501035094286319,-0.027120689715199087,0.01683685567603165,0.016684011480936897
-0.003740654804057164,0.002669776576555538,0.0027258887924680518,-0.006466543596525216,-0.006619387791619968
-0.04046722324326779,-0.012145015629135836,-0.013248418346534181,-0.02721880489673361,-0.027371649091828362
0.003478257552437247,0.009497272121224087,0.010087754507925447,-0.0066094969554882,-0.006762341150582952
-0.004332772175055899,0.009590486444071455,0.010188264471362255,-0.014521036646418154,-0.014673880841512906
0.02741519062945641,0.0061998311850259835,0.006532231517376056,0.02088295911208035,0.0207301149169856
-0.011435851367377348,-0.004289562412875814,-0.004778139408406856,-0.006657711958970492,-0.006810556154065245
0.017566402944802384,0.005403747467634501,0.005673840415198817,0.011892562529603568,0.011739718334508814
-0.0021052310341282965,-0.0005449081736377259,-0.0007404009024306671,-0.0013648301316976294,-0.0015176743267923819
0.013502096393372964,0.0008240472350893313,0.0007356990559746431,0.012766397337398322,0.012613553142303568
0.006661109257406039,0.010201732142340214,0.010847350767408172,-0.004186241510002133,-0.004339085705096885
0.006617032481089691,0.0052515464964768555,0.005509727073184298,0.0011073054079053929,0.00095446121281064
-0.0069843909296718465,0.007229670722828763,0.0076426738949903535,-0.0146270648246622,-0.014779909019756954
0.007861006762841072,0.00018159245054127915,4.296102031394307e-05,0.00781804574252713,0.007665201547432376
0.01724138201028924,0.013554249906357896,0.01446226130464849,0.002779120705640752,0.002626276510546
0.03833732160075343,0.003086483632862347,0.0031752104172342232,0.0351621111835192,0.03500926698842445
0.019043909049194507,0.001374879432867404,0.0013296434452842818,0.017714265603910227,0.01756142140881547
0.0022883819550847395,-0.003708760911961373,-0.004151880097200554,0.006440262052285294,0.006287417857190541
0.014840159035711897,0.0027740472164057284,0.0028383204218436794,0.012001838613868217,0.011848994418773465
0.029621260064446542,0.0050329647425946256,0.005274037498668691,0.02434722256577785,0.024194378370683098
-0.026584106575921473,0.0016100503211176065,0.0015832205422089017,-0.028167327118130376,-0.028320171313225128
0.011223387562545373,0.0020330263437824403,0.002039301788889223,0.00918408577365615,0.009031241578561397
-0.011468788953607922,-0.0018519369130487462,-0.002149727353518759,-0.009319061600089162,-0.009471905795183916
0.002994009197675007,-0.0038112215188927934,-0.004262360027127773,0.00725636922480278,0.007103525029708027
0.001492571517391239,0.0025564722015867236,0.0026037163812175457,-0.0011111448638263066,-0.001263989058921059
-0.011549905520864656,0.0008282942843145236,0.000740278510604565,-0.01229018403146922,-0.012443028226563974
-0.0007538807857528917,-0.003736037754951127,-0.0041812918271560565,0.0034274110414031648,0.003274566846308412
0.004903778183486196,0.00037381693747806644,0.0002502304137237079,0.004653547769762488,0.004500703574667735
-0.004129080537654817,-0.00013640921141577778,-0.0002999297977471884,-0.003829150739907628,-0.003981994935002381
0.018092707493895688,0.01254056989753427,0.013369243219967266,0.004723464273928422,0.00457062007883367
-0.006293967969395409,0.0016404581697111453,0.0016160083333655578,-0.007909976302760966,-0.008062820497855719
-0.0037257966058574787,-0.0014798348405500317,-0.0017485018276642544,-0.0019772947781932244,-0.0021301389732879773
0.005235579313641159,-0.005723033522392118,-0.006323804542306122,0.011559383855947281,0.011406539660852527
-0.008556530856296707,-0.0038058649299111957,-0.004256584191974543,-0.004299946664322164,-0.004452790859416917
-0.003752359583532372,0.003885449938943575,0.0040367097207582026,-0.0077890693042905745,-0.007941913499385327
-0.011299406616998464,-0.003569960525698801,-0.004002216168717056,-0.007297190448281408,-0.007450034643376161
0.024761890229724637,-0.0011529207361400395,-0.0013960010136527797,0.026157891243377418,0.026005047048282662
-0.0033457306269214504,0.002776056134700333,0.0028404865729047012,-0.006186217199826151,-0.006339061394920904
-0.01081682260184702,-0.005176618120080079,-0.005734622639460347,-0.005082199962386674,-0.005235044157481427
-0.02752637743724562,-0.014281601380197961,-0.015552229061015234,-0.011974148376230386,-0.012126992571325138
-0.009693679376703068,-0.0033045953891290836,-0.0037160815988430728,-0.0059775977778599955,-0.006130441972954748
0.008222360099642056,-0.005900302398330837,-0.006514947788266933,0.01473730788790899,0.014584463692814235
0.005048511097732078,0.0038211953199089876,0.003967426061203143,0.0010810850365289351,0.0009282408414341822
-0.012751156661794827,-0.005779602928505545,-0.006384801487479586,-0.006366355174315241,-0.006519199369409994
0.016829758043673815,0.008619376484360286,0.009141148281895165,0.00768860976177865,0.0075357655666838975
-0.006158577761019357,0.003947010921615535,0.004103088920096746,-0.010261666681116104,-0.010414510876210856
0.0,-0.00403965777164117,-0.004508675386291801,0.004508675386291801,0.004355831191197048
-0.026336185639540766,-0.015874194741040237,-0.01726947052754467,-0.009066715111996096,-0.009219559307090848
0.00039778158809133934,0.002747645185721348,0.002809851973458448,-0.0024120703853671085,-0.002564914580461861
0.009940358003655891,0.0019634016027962886,0.0019642277020208974,0.007976130301634994,0.00782328610654024
-0.022047223399713878,-0.0031743183568806455,-0.0035756081249394187,-0.01847161527477446,-0.018624459469869212
-0.011272169280415079,0.004164221602432239,0.004337300111253705,-0.015609469391668783,-0.015762313586763537
0.015065181078138146,0.008116953209842404,0.008599401655314158,0.006465779422823987,0.006312935227729235
-0.011231475460005358,0.0012098628337211537,0.001151711429688198,-0.012383186889693556,-0.012536031084788308
-0.004056810670072131,5.443114110303959e-05,-9.415287132631737e-05,-0.003962657798745813,-0.004115501993840566
0.020773940722244255,0.009992880823750605,0.010622153203836924,0.010151787518407332,0.00999894332331258
0.013168393086142816,0.007345789391592916,0.007767880867430916,0.0054005122187119,0.005247668023617147
0.011027991074299193,0.0030522833735622257,0.0031383333933307916,0.007889657680968401,0.007736813485873649
-0.00740165693388839,-0.0033804153149811222,-0.0037978357514495166,-0.003603821182438873,-0.0037566653775336256
0.002354842008201574,0.002714679741101511,0.002774306409941955,-0.000419464401740381,-0.0005723085968351335
0.01722782345091778,0.0056931530442476674,0.0059858970073110385,0.011241926443606741,0.011089082248511987
0.011162468076871379,0.004217739327674108,0.004395006528497001,0.006767461548374378,0.006614617353279625
-0.009516558646504247,0.012177672896303449,0.012977943222167974,-0.02249450186867222,-0.022647346063766973
-0.004996197764341015,-0.0018429538196846895,-0.002140041176995767,-0.002856156587345248,-0.0030090007824400003
-0.005793728160157885,-0.007216886263627376,-0.007934577219884746,0.002140849059726861,0.001988004864632108
0.019036510313724664,-0.004719586526811925,-0.00524182038197824,0.024278330695702906,0.02412548650060815
0.005337449463986399,-0.0025971430708935372,-0.0029532588429928585,0.008290708306979257,0.008137864111884505
0.0011376101001954186,-0.00273946595048713,-0.0031067209611224584,0.004244331061317877,0.0040914868662231246
-0.002651503630139662,0.0034854258676535466,0.003605376814494006,-0.006256880444633668,-0.006409724639728421
-0.017090800009243345,-0.004073801130465626,-0.004545491056268562,-0.012545308952974784,-0.012698153148069536
-0.013523898202117524,-0.0060292307798877065,-0.006653967056126302,-0.006869931145991222,-0.007022775341085975
-0.0035252702768225896,0.007998543475556064,0.008471724301661437,-0.011996994578484027,-0.012149838773578779
-0.009433953069178047,-0.0006666695473820372,-0.0008716922195718716,-0.008562260849606176,-0.008715105044700928
-0.019047675994156243,-0.008979414583967338,-0.00983505400952773,-0.009212621984628513,-0.009365466179723265
0.013754051862137961,0.0070532243451535415,0.007452417522075076,0.006301634340062885,0.0061487901449681324
-0.013966495966825199,-0.008506361953748875,-0.009324976790549288,-0.004641519176275911,-0.004794363371370663
-0.020639350078069274,-0.012332078852067663,-0.013450122517341024,-0.00718922756072825,-0.007342071755823002
0.007437950088943879,0.0005739063518743759,0.0004659803018390356,0.006971969787104843,0.006819125592010091
0.022559522696549816,0.02183049604365883,0.02338626752219342,-0.0008267448256436029,-0.000979589020738355
0.012434795914463947,0.006286271807078414,0.006625437620221121,0.005809358294242827,0.005656514099148074
0.00594293264225465,0.004074720335558668,0.004240793814944063,0.001702138827310587,0.001549294632215834
-0.022055907026555466,-0.007063723409320266,-0.007769426710649248,-0.014286480315906219,-0.01443932451100097
0.028191734397515544,0.013827532394934838,0.0147569328969076,0.013434801500607944,0.013281957305513192
0.11555028500778453,0.0067439531397044394,0.007118940470456662,0.10843134453732786,0.10827850034223312
0.02949438785426084,0.006548755402622897,0.006908465118410828,0.02258592273585001,0.02243307854075526
0.008185531160170179,9.173641713244862e-05,-5.392780917727815e-05,0.008239458969347456,0.008086614774252704
0.012178640624345594,0.005737513079636436,0.0060337289863329905,0.006144911638012603,0.00599206744291785
-0.031751362316745246,-0.004724557241463034,-0.005247180141429112,-0.026504182175316134,-0.026657026370410886
0.008629617049550786,0.003258134764679621,0.0033602962329740554,0.005269320816576731,0.005116476621481979
-0.020876068355146882,0.004394843515520774,0.004585972196660699,-0.02546204055180758,-0.025614884746902333
0.012932503460027833,0.001329699787098182,0.0012809277071268732,0.01165157575290096,0.011498731557806207
0.0013802938633260542,0.00558419502875096,0.0058684111336899485,-0.004488117270363894,-0.004640961465458647
-0.016195768893497275,-0.004875923596155185,-0.00541039354373621,-0.010785375349761065,-0.01093821954485582
-0.007705755489790467,-0.0038393812241105385,-0.004292723718622495,-0.003413031771167972,-0.003565875966262725
-0.010942444997431133,0.002903421198789946,0.00297782016653854,-0.013920265163969672,-0.014073109359064426
0.025695906552171355,0.003570558689741876,0.003697172759301559,0.021998733792869797,0.021845889597775045
-0.004175328212958296,-0.0028055878101066467,-0.0031780180052860866,-0.0009973102076722092,-0.0011501544027669617
-0.004891729311382487,0.004265540341705787,0.0044465488025360825,-0.00933827811391857,-0.009491122309013323
-0.01544939023107983,-0.013182771972194418,-0.014367397156989386,-0.0010819930740904437,-0.0012348372691851957
0.027817359266380848,0.013427559516743681,0.014325655190491867,0.013491704075888981,0.013338859880794229
0.009021520875606814,0.000722931253898329,0.0006266689921181881,0.008394851883488626,0.008242007688393874
0.01960108996972698,-0.0023703916199453445,-0.0027087601506474274,0.022309850120374407,0.022157005925279655
0.00708266423349424,0.008095344244797742,0.008576101413246181,-0.001493437179751941,-0.001646281374846693
-0.008707308223955601,0.00483725876385388,0.00506301412622188,-0.013770322350177482,-0.013923166545272234
-0.026351374209231615,0.004222034052096646,0.004399637389736933,-0.03075101159896855,-0.030903855794063302
0.0076336302232034026,-0.00369819718572606,-0.004140489575816772,0.011774119799020174,0.01162127560392542
-0.002066162926976145,-0.0020429655768170463,-0.0023557073298167528,0.00028954440284060775,0.00013670020774585526
0.00034507346583145804,-0.0036356111002209257,-0.004073005041534692,0.00441807850736615,0.004265234312271397
0.015177666006606083,0.00812856425584818,0.008611921467440185,0.006565744539165898,0.006412900344071146
0.011552842305886601,0.004961457973002625,0.005196934081751263,0.006355908224135338,0.006203064029040585
-0.009741380956267864,-0.0012633420978621634,-0.0015150647657706418,-0.008226316190497223,-0.008379160385591975
0.03052915985432203,0.00014980445507073448,8.685061803730891e-06,0.0305204747925183,0.030367630597423548
-0.011191515952322262,0.0024850813860768373,0.002526737993804143,-0.013718253946126404,-0.013871098141221158
0.01298266903337053,-0.0007856896412440362,-0.0010000277040435365,0.013982696737414067,0.013829852542319315
-0.018731504735715387,-0.002719020284730922,-0.003084675066727424,-0.015646829668987963,-0.015799673864082715
-0.012391186593115,-0.0031928479771501372,-0.0035955880099924286,-0.008795598583122571,-0.008948442778217325
0.0016955288164548499,-0.0013034931835718133,-0.0015583583716602977,0.0032538871881151476,0.003101042993020395
-0.007109038094541997,-0.004339572538419101,-0.00483206369532204,-0.0022769743992199576,-0.0024298185943147105
0.012955989149507907,0.011237870620775636,0.011964585087219103,0.0009914040622888039,0.0008385598671940518
-0.014809782573804942,0.0018171001772671058,0.00180647564759929,-0.01661625822140423,-0.016769102416498986
-0.011615994098753357,-0.003179659038540561,-0.003581366807746617,-0.00803462729100674,-0.008187471486101492
-0.02454203195062754,-0.01131687458772268,-0.012355460877656235,-0.012186571072971306,-0.012339415268066058
-0.00779586529792653,-0.0037705618911193506,-0.004218518076920671,-0.0035773472210058584,-0.0037301914161006113
-0.003928593226841359,-0.00010141014414954963,-0.0002621914452730616,-0.0036664017815682976,-0.00381924597666305
-0.006453937221762462,0.006320039831068547,0.006661848578890413,-0.013115785800652875,-0.013268629995747627
-0.007939347550457665,-0.003100987910356179,-0.0034965382966787163,-0.004442809253778948,-0.004595653448873701
0.03892323403903375,0.01664796429762072,0.017798112607874877,0.021125121431158873,0.02097227723606412
0.00525208758176432,-0.0005799292044108562,-0.0007781629374377807,0.006030250519202101,0.005877406324107348
0.015674008265044836,0.0048187283492318045,0.005043033384644393,0.010630974880400443,0.01047813068530569
0.015089181631002813,0.00531812014989308,0.005581511271860247,0.009507670359142566,0.009354826164047814
-0.002027008958416898,0.0029157468493599126,0.0029911105134539035,-0.005018119471870802,-0.005170963666965555
-0.002031190637488356,0.004745529147706984,0.004964105073585262,-0.006995295711073618,-0.007148139906168371
0.0030529224554072254,-0.00033658435338035364,-0.0005157721231027253,0.0035686945785099507,0.0034158503834151983
-0.002705442155282012,-0.00017925389411521664,-0.0003461278213989141,-0.0023593143338830978,-0.0025121585289778503
0.003390992955098815,0.003959675229718407,0.004116744430381967,-0.0007257514752831524,-0.0008785956703779053
-0.025346400680380077,-0.008861912729460575,-0.009708355593023969,-0.015638045087356108,-0.01579088928245086
0.01040219263083575,-0.00033296507498215,-0.0005118695732760562,0.010914062204111806,0.010761218009017052
0.013383709854695836,-0.0025117674736410134,-0.0028612011216457016,0.016244910976341537,0.016092066781246785
0.027768360167869988,0.006081764662643874,0.006404924237923216,0.021363435929946772,0.02121059173485202
-0.008896225844152617,-0.0002122089839386998,-0.0003816622196762985,-0.008514563624476317,-0.008667407819571071
-0.005651598295383198,0.0003483091890779111,0.00022272624075178206,-0.0058743245361349795,-0.006027168731229732
0.0016716562124914347,0.002306686808393188,0.0023343809403750418,-0.0006627247278836071,-0.0008155689229783596
-0.005674171366494396,-0.012576216507389826,-0.013713368186680475,0.008039196820186079,0.007886352625091327
0.01644846445314352,0.010817971767347556,0.011511821851741646,0.0049366426014018725,0.0047837984063071205
0.019815008603540463,0.005166188100786506,0.005417687899720475,0.014397320703819987,0.014244476508725235
0.007124392055769091,-0.0013471203041567348,-0.0016054000725588154,0.008729792128327906,0.008576947933233154
-0.006430892620137074,-0.0038951743709020326,-0.004352883648692683,-0.002078008971444391,-0.002230853166539144
-0.0022653623200125095,0.0027737519941737343,0.002838002093341824,-0.005103364413354333,-0.005256208608449086
0.03470644493908881,0.0005748652214816463,0.0004670142196557775,0.034239430719433035,0.034086586524338276
0.14357366703683572,-0.00888957673985069,-0.00973818479295689,0.1533118518297926,0.15315900763469786
-0.02192980392267585,-0.02087544856898549,-0.022662159376532796,0.0007323554538569456,0.0005795112587621935
-0.03251120620769277,-0.004876293940238585,-0.005410792873679769,-0.027100413334012998,-0.02725325752910775
0.028968713404958768,0.00614065260021901,0.006468421179935419,0.02250029222502335,0.022347448029928597
-0.024493212856775415,-0.010209232261157553,-0.011161126291045364,-0.013332086565730051,-0.013484930760824803
0.01558433122800218,0.011267044743841437,0.011996042592386479,0.003588288635615701,0.003435444440520949
0.00369426181268917,-0.0064652996420466735,-0.007124165884511252,0.010818427697200421,0.010665583502105669
-0.018686292557041684,-0.02283191982018462,-0.024771758501607018,0.006085465944565334,0.005932621749470582
0.004904846635631843,0.007641088938743268,0.008086292735697,-0.0031814461000651568,-0.003334290295159909
-0.004019615187641934,-0.0020282227794392593,-0.0023398106523520247,-0.0016798045352899092,-0.0018326487303846617
-0.0040357277368309186,0.012439792925644788,0.01326057869878129,-0.01729630643561221,-0.017449150630706962
0.0026049248791690793,0.013301886798946505,0.0141901463986565,-0.01158522151948742,-0.011738065714582172
0.027713599924586996,0.0015692347655638095,0.0015392104601630067,0.026174389464423988,0.026021545269329236
-0.0028089460226743412,0.011062113608869106,0.01177507203492333,-0.014584018057597672,-0.014736862252692424
-0.006197217484595119,-0.00026926239009483766,-0.00044318104630649993,-0.005754036438288619,-0.0059068806333833716
0.027777765763739692,0.005810025082904069,0.00611191631392956,0.021665849449810134,0.02151300525471538
-0.005791480810630523,0.004809216724759979,0.005032777310269931,-0.010824258120900453,-0.010977102315995206
0.0058252174456849826,0.0011584739056558213,0.001096300424993556,0.004728917020691427,0.004576072825596674
0.016271378375589007,-0.006524484290135191,-0.0071879827597905776,0.023459361135379584,0.023306516940284832
0.009498027226898298,0.006031458262132583,0.006350680487375281,0.003147346739523017,0.002994502544428264
-0.0040322990000674075,-0.0019187235651341172,-0.002221741221711088,-0.0018105577783563195,-0.001963401973451072
0.005937954797123446,0.00618651346579302,0.006517871455185198,-0.0005799166580617524,-0.0007327608531565053
-0.007244444712836806,-0.0013476817370097205,-0.001606005447288815,-0.005638439265547991,-0.005791283460642744
0.017837833713840734,2.1699977565736717e-05,-0.00012944581719436145,0.017967279531035097,0.01781443533594034
0.014073254950724534,0.004948082937896281,0.005182512217723929,0.008890742733000605,0.008737898537905853
-0.005498797905841957,0.0027826887923012578,0.0028476383512215315,-0.008346436257063487,-0.008499280452158241
0.0,-0.007378510346287226,-0.008108851195626104,0.008108851195626104,0.007956007000531352
0.010795151457444474,0.01526770113133269,0.016309819863379527,-0.005514668405935053,-0.005667512601029805
0.005991131698177332,-5.335132643191631e-05,-0.00021037118992963067,0.006201502888106963,0.00604865869301221
0.005696562060790056,0.0017184082710823834,0.001700059384742583,0.003996502676047473,0.00384365848095272
-0.004376982053931555,0.0005380892952486782,0.00042735993812349684,-0.004804341992055052,-0.004957186187149805
-0.006206306571854614,-0.0004632463094992323,-0.0006523475783489007,-0.005553958993505713,-0.005706803188600466
-0.0075462116373776755,-0.005082138985368356,-0.0056327488706516,-0.0019134627667260753,-0.0020663069618208282
-0.0018353354993292381,0.00030517087837123036,0.00017621160759874365,-0.002011547106927982,-0.0021643913020227344
-0.0018387101493393398,-0.011701095130556172,-0.012769753354737247,0.010931043205397907,0.010778199010303155
-0.024473692241467893,-0.0028217776974703845,-0.0031954750326748907,-0.021278217208793002,-0.021431061403887754
0.008092776895879839,0.009613634629240364,0.010213224404276914,-0.0021204475083970754,-0.0022732917034918275
0.003746304352419738,0.0072196189337276895,0.007631835378717724,-0.0038855310262979857,-0.004038375221392739
-0.001066305055180905,-0.006131649335692324,-0.006764401643695304,0.005698096588514399,0.005545252393419646
-0.005070788236357648,0.006040504799839086,0.006360435073863017,-0.011431223310220666,-0.011584067505315418
-0.007510697115483023,-0.0029326714097337447,-0.003315048104972086,-0.004195649010510937,-0.004348493205605689
0.003783767287795614,-0.004864709743258144,-0.00539830201198188,0.009182069299777494,0.00902922510468274
0.005385050248417622,0.004403939814465518,0.00459578043906829,0.0007892698093493319,0.000636425614254579
-0.009908916185666472,-0.007000319763734719,-0.0077010606280033585,-0.0022078555576631135,-0.0023606997527578664
0.0027048544987631207,-0.0019000838946738874,-0.0022016426731275235,0.004906497171890644,0.004753652976795891
-0.001618596541272499,0.0046402218845611465,0.00485055568712724,-0.006469152228399739,-0.006621996423494492
0.015401338432102563,0.007924102207026662,0.008391456710270667,0.007009881721831895,0.006857037526737143
0.009047267730829756,0.0070393485966973035,0.007437455755177101,0.0016098119756526542,0.0014569677805579013
-0.0021096524319702548,0.002853326841976367,0.0029238050557924395,-0.005033457487762695,-0.005186301682857447
-0.015591970142937228,-0.0011264502910314222,-0.001367458796225747,-0.014224511346711481,-0.014377355541806233
-0.021745003309825872,-0.012537288005457836,-0.01367139285299446,-0.008073610456831411,-0.008226454651926163
-0.0128978436805256,-0.010750112394172895,-0.011744339693583144,-0.0011535039869424567,-0.0013063481820372088
-0.025298855060598258,0.0037505537703756975,0.003891255582849333,-0.029190110643447592,-0.029342954838542344
0.019680507692011462,0.010918212704340347,0.011619908383985349,0.008060599308026113,0.007907755112931361
-0.03048951475770323,-0.020884795550912827,-0.0226722379222226,-0.007817276835480627,-0.00797012103057538
-0.017888024657076174,-0.009486773662544357,-0.010382122752607158,-0.007505901904469016,-0.007658746099563768
0.0008812802141608955,0.008217286225508769,0.008707587472987735,-0.00782630725882684,-0.007979151453921592
0.0038157049979363755,0.006757307791485534,0.007133340355809335,-0.0033176353578729598,-0.0034704795529677127
0.005555515276914003,0.010488490558689278,0.011156553012964749,-0.005601037736050746,-0.005753881931145498
-0.0008723111319944854,0.001363852909705754,0.0013177539050724485,-0.002190065037066934,-0.0023429092321616864
0.014260705909938443,0.003775123551313042,0.003917748376105006,0.010342957533833436,0.010190113338738684
0.012051707375380971,0.004092139025126507,0.00425957581966288,0.007792131555718091,0.007639287360623338
0.013609286532647813,-0.002213313863220212,-0.0025393883298487,0.016148674862496513,0.01599583066740176
0.08251750385844625,0.0017169605671216726,0.0016984983727895526,0.0808190054856567,0.08066616129056195
-0.006718401320535805,-0.008096390978489132,-0.008882918462227983,0.0021645171416921783,0.0020116729465974263
0.0039022250582152473,0.0032360358580392212,0.0033364677028665415,0.0005657573553487058,0.00041291316025395333
-0.008292295764677715,0.004760757069291355,0.004980524844655958,-0.013272820609333673,-0.013425664804428427
0.018029752246031316,0.002992016977140688,0.003073350104113366,0.01495640214191795,0.014803557946823198
-0.017710437446698535,-0.0001432614814260713,-0.00030731837696072284,-0.01740311906973781,-0.017555963264832563
0.002612972901096633,-0.0013484450597095465,-0.0016068285132544995,0.004219801414351132,0.00406695721925638
0.001042504994549276,0.001871216126306141,0.0018648271100474804,-0.0008223221154982044,-0.0009751663105929571
-0.013017443425834552,-0.008988392160571124,-0.009844734237508094,-0.003172709188326458,-0.00332555338342121
-0.0010551547266776096,0.005616468420812426,0.005903210479509273,-0.006958365206186883,-0.007111209401281636
-0.004488993233168093,-0.0013736249452109828,-0.0016339791623584624,-0.00285501407080963,-0.003007858265904383
0.012466774442823958,0.001519476431128819,0.0014855576713858295,0.010981216771438129,0.010828372576343375
0.02908044704216528,0.009672737603931392,0.010276953213796122,0.01880349382836916,0.018650649633274407
-0.030549821423993095,0.0004217577030636299,0.0003019233773042902,-0.030851744801297386,-0.03100458899639214
-0.013392912597355866,-0.004701005088166399,-0.0052217846228608,-0.008171127974495065,-0.008323972169589819
0.005323416677243342,-0.00936180703333589,-0.01024737531306258,0.015570791990305923,0.01541794779521117
0.019327496250699072,0.00374696520677964,0.0038873861517918222,0.01544011009890725,0.015287265903812498
0.017922042252181303,0.0038447864907102947,0.003992863651073891,0.01392917860110741,0.013776334406012659
-0.00918593539855217,-0.00649839809746755,-0.007159854869235353,-0.0020260805293168165,-0.0021789247244115694
0.027298416394768488,0.008116098951240547,0.008598480536131877,0.01869993585863661,0.01854709166354186
-0.012283727031008329,0.0023622298736216685,0.0023942712156541325,-0.014677998246662462,-0.014830842441757214
0.011421241898851742,0.004248391856225497,0.004428058150070122,0.00699318374878162,0.006840339553686867
0.0025094678205144216,0.005987805879090757,0.00630361154679361,-0.0037941437262791885,-0.0039469879213739414
-0.007509367492649632,-0.0011140717108722997,-0.001354111377061095,-0.0061552561155885374,-0.00630810031068329
-0.0032787153370066324,0.0053671102654548886,0.005634335715287736,-0.008913051052294368,-0.00906589524738912
-0.01644740684083712,0.0018436779311643559,0.0018351335725924182,-0.018282540413429537,-0.018435384608524293
-0.00154354412766744,0.0007278261010281728,0.0006319469460958719,-0.0021754910737633117,-0.0023283352688580642
-0.0030920572619360653,-0.00037921654875650024,-0.0005617410286056246,-0.002530316233330441,-0.0026831604284251933
0.012664815090702275,0.001891663548679423,0.0018868748985454,0.010777940192156875,0.010625095997062121
0.03318017424539965,0.006525279593556643,0.0068831519193355934,0.026297022326064057,0.026144178130969305
-0.0007410765720383683,0.004627758701298612,0.004837117043196149,-0.005578193615234517,-0.00573103781032927
0.016316435969435217,0.0009387712266117898,0.0008594021934434224,0.015457033775991794,0.015304189580897042
0.005351525600506335,-0.00024598362294592224,-0.00041808031110271947,0.0057696059116090544,0.0056167617165143015
0.002419512937111845,-0.0035370410325543666,-0.003966720153177436,0.006386233090289281,0.006233388895194528
-0.010620290211632355,-0.00708889350376507,-0.0077965668023762535,-0.0028237234092561014,-0.0029765676043508544
-0.0039033871885924,0.003134561695468774,0.003227051423713423,-0.0071304386123058235,-0.0072832828074005755
0.00024487683283913597,0.0008367051734305964,0.0007493476979537213,-0.0005044708651145854,-0.000657315060209338
0.026199796543252774,0.0021725690603942027,0.0021897661479715388,0.024010030395281233,0.02385718620018648
-0.0011930144892051686,0.007718881307192449,0.008170173708809821,-0.00936318819801499,-0.009516032393109742
0.015527895406215242,0.0012774785766593855,0.0012246192795001035,0.014303276126715139,0.014150431931620387
-0.010350473866899801,0.0017300583227324307,0.0017126212553823614,-0.012063095122282163,-0.012215939317376915
0.017352021571945375,-0.00013246407875799893,-0.0002956758899026182,0.017647697461847994,0.017494853266753242
0.011915937974803947,-0.006435310620591883,-0.007091829700995096,0.019007767675799044,0.01885492348070429
0.0023089002759246746,0.0048975112174378665,0.005127982381332426,-0.0028190821054077516,-0.0029719263005025046
-0.00967514790190327,-0.00117888399729138,-0.0014239963511643182,-0.008251151550738951,-0.008403995745833705
0.01814372525804231,0.001910868625069062,0.0019075831058976594,0.01623614215214465,0.016083297957049898
0.013022611123210792,-0.0003722566922789161,-0.0005542364424141564,0.01357684756562495,0.013424003370530195
0.011276499735664025,0.006677770440579822,0.007047577825039424,0.004228921910624601,0.004076077715529848
-0.004460320300153087,0.0006588129971369927,0.0005575323675538887,-0.005017852667706975,-0.005170696862801728
0.004256327150629513,0.005479508115899812,0.005755530650717278,-0.0014992035000877648,-0.0016520476951825177
-0.022083462815765564,-0.003923521850109468,-0.004383449810754821,-0.017700013005010742,-0.017852857200105494
-0.025775571719484303,-0.00704880201475111,-0.007753337457659363,-0.018022234261824942,-0.018175078456919694
-0.00889714965028221,0.004644267890169251,0.004854918362983414,-0.013752068013265624,-0.013904912208360376
0.015591774601056319,-0.004131071874054704,-0.004607244230762599,0.02019901883181892,0.020046174636724166
0.013956698085490604,0.0014709227452411877,0.0014332038158385548,0.01252349426965205,0.012370650074557296
-0.0029823598912631644,0.004843552990250188,0.005069800985211264,-0.008052160876474429,-0.008205005071569182
-0.013575705591735376,-0.0019320956634630848,-0.0022361599191071816,-0.011339545672628196,-0.011492389867722948
0.0076977335963785976,0.004201084929208676,0.004377048633940779,0.0033206849624378186,0.0031678407673430657
0.0,-0.01183402645755216,-0.012913088868077304,0.012913088868077304,0.012760244672982552
-0.001851894204671356,0.010264935568841116,0.010915500960346746,-0.012767395165018102,-0.012920239360112854
0.0055659017720737225,-0.0023202504717819705,-0.0026546945863152966,0.00822059635838902,0.008067752163294266
0.012223218907666311,0.005016150134305564,0.005255906855086103,0.006967312052580208,0.006814467857485455
0.0011391942983789427,0.0017544380056517817,0.0017389090721467158,-0.000599714773767773,-0.0007525589688625258
-0.0031861491584876944,0.00048815592189166424,0.00037351841058691894,-0.0035596675690746133,-0.0037125117641693657
0.0022831573187276355,-0.004849150767687549,-0.005381525276197665,0.007664682594925301,0.007511838399830548
0.0034168042361732986,0.0002881549022029084,0.00015786383560108494,0.0032589404005722135,0.003106096205477461
0.00612940890896807,-0.004527786939807377,-0.005035009144304086,0.011164418053272156,0.011011573858177404
0.007671483640095733,6.091277451791832e-05,-8.71639374625055e-05,0.007758647577558239,0.007605803382463486
-0.04769370970427045,-0.019999240340662028,-0.021717372628083986,-0.025976337076186462,-0.026129181271281214
-0.0030566013907634693,-0.002859121137017251,-0.003235741245299813,0.00017913985453634363,2.629565944159114e-05
0.037971621172504744,0.007189032358413172,0.007598854872368359,0.030372766300136383,0.03021992210504163
-0.001590540729240808,-0.009685469956760784,-0.01059637048467966,0.009005829755438852,0.0088529855603441
-0.0015930745792438472,1.563854864095049e-05,-0.00013598165826465128,-0.001457092920979196,-0.0016099371160739485
0.0006838977598500051,-0.0055566200056119674,-0.006144366275996427,0.006828264035846432,0.006675419840751679
-0.0020501172997644534,0.011531402436471216,0.012281090868325425,-0.014331208168089879,-0.01448405236318463
0.00593467960244598,0.0027594252503462258,0.0028225540328476306,0.0031121255695983497,0.002959281374503597
-0.007034294881727021,-0.00163664161317445,-0.0019175814551473755,-0.005116713426579646,-0.005269557621674399
0.015767880892872732,0.006707160027472625,0.007079267657822477,0.008688613235050255,0.008535769039955503
0.00202475030468241,0.004345814053963171,0.004533105327729511,-0.002508355023047101,-0.002661199218141854
-0.011674909004826484,-6.137292417629503e-05,-0.00021902061709236915,-0.011455888387734115,-0.011608732582828867
0.02271694660611101,0.008531672245722488,0.009046579662508502,0.013670366943602508,0.013517522748507756
0.0213238355111367,0.005000651911710952,0.005239195627253974,0.01608463988388273,0.015931795688787977
-0.012179238339848353,0.002477812999687634,0.0025189007298740103,-0.014698139069722362,-0.014850983264817116
0.007265562403309778,0.0029498896671826813,0.0030279256000861937,0.004237636803223584,0.004084792608128831
-0.00743169732432547,-0.0019925870761225983,-0.0023013858359934116,-0.005130311488332059,-0.005283155683426811
-0.00044044170515034065,0.004787778824361766,0.005009661521629652,-0.005450103226779993,-0.005602947421874746
0.010134370801017534,0.0010510808940034089,0.0009805020439633428,0.009153868757054191,0.009001024561959439
-0.0030534219042004374,4.9987292607633904e-05,-9.894452818921501e-05,-0.002954477376011222,-0.003107321571105975
-0.0043754269732066975,-0.0016899010514689339,-0.0019750093700012863,-0.002400417603205411,-0.002553261798300164
0.012305018544156887,0.00332041473363498,0.0034274506917668173,0.00887756785239007,0.008724723657295317
0.015194286250844069,-0.0005440661600049079,-0.0007394929865990367,0.015933779237443105,0.015780935042348353
-0.015394509592817518,-0.0007791410646480479,-0.0009929665875313919,-0.014401543005286127,-0.014554387200380879
-0.004343121959891283,-0.0015344207755288997,-0.0018073600606192234,-0.0025357618992720597,-0.002688606094366812
0.0117775558014932,0.005035885365550108,0.0052771867111234,0.0065003690903698,0.006347524895275047
0.013149398973427928,-0.003073114142502442,-0.003466482922115597,0.016615881895543524,0.01646303770044877
-0.010425567626953125,-0.006545009043329442,-0.007210113931590019,-0.0032154536953631057,-0.0033682978904578586
0.01720066825690303,0.0036460744169486414,0.0037785989044325416,0.013422069352470487,0.013269225157375735
0.0004227532695646463,0.0008819054148185845,0.0007980856436949636,-0.00037533237413031725,-0.0005281765692250699
-0.02450884464889791,-0.005962558462297207,-0.006582076471089909,-0.017926768177808,-0.018079612372902752
-0.028806542540692592,-0.0007101514711097545,-0.0009185773594359586,-0.027887965181256635,-0.028040809376351387
0.024308656308623666,0.007484376300642026,0.007917314610399311,0.016391341698224357,0.016238497503129605
0.0021771929775020737,0.0012956437010964716,0.0012442061405878164,0.0009329868369142573,0.0007801426418195046
0.0015207407490895886,0.0048911800862372345,0.0051211557290964695,-0.003600414980006881,-0.003753259175101634
-0.007592158041340724,-0.00047726958102545236,-0.0006674684145606571,-0.006924689626780067,-0.0070775338218748195
0.0017486739028347298,-0.00801332329681892,-0.008793349290963126,0.010542023193797856,0.010389178998703104
-0.019419663294506617,-0.0057765015647701645,-0.006381457388138139,-0.013038205906368477,-0.013191050101463231
0.005340491450842144,0.00783249148610099,0.008292675858472428,-0.0029521844076302838,-0.003105028602725036
-0.012616195019346188,-0.016168772358634453,-0.01758710396272156,0.0049709089433753705,0.004818064748280618
0.041022147305973755,0.008575824615237426,0.009094187722193293,0.03192795958378046,0.03177511538868571
0.0006460507080394695,-0.002546802239196233,-0.0028989779664202785,0.003545028674459748,0.0033921844793649955
-0.014417946331881759,-0.002785928622506484,-0.003156820144629788,-0.01126112618725197,-0.011413970382346723
-0.030786023382095684,-0.013248560995234304,-0.014438335314327179,-0.016347688067768505,-0.016500532262863257
0.008560510775853958,5.143341477165109e-06,-0.0001472982977688731,0.00870780907362283,0.008554964878528078
0.013178470997437186,0.0111655096821337,0.011886560647680308,0.0012919103497568783,0.0011390661546621262
0.01146385473471545,-0.0015651598591330806,-0.0018405050116821222,0.013304359746397572,0.01315151555130282
-0.056015685156778794,-0.015126053030587783,-0.016462773727458958,-0.03955291142931984,-0.039705755624414585
0.020780366720021926,0.017461650296527242,0.01867548367597836,0.0021048830440435658,0.0019520388489488137
-0.01063102048719411,-0.02066141501469354,-0.02243137397726149,0.011800353490067382,0.01164750929497263
-0.041838174687487406,-0.011451012338901223,-0.0125000972388357,-0.029338077448651707,-0.02949092164374646
-0.06561679813916321,-0.016467929557809624,-0.017909675411319534,-0.04770712272784368,-0.04785996692293843
-0.14402449978612952,0.0015788647774723774,0.0015495941878484085,-0.14557409397397794,-0.14572693816907267
0.013126450498215148,-0.008100314924121665,-0.008887149524794406,0.022013600023009554,0.021860755827914802
-0.06065958543810046,0.0001449777086941495,3.4805386466653712e-06,-0.06066306597674712,-0.06081591017184188
0.060815064490806314,0.012884107385910504,0.013739668486612257,0.04707539600419405,0.04692255180909931
0.010933774533581575,0.00914265720638352,0.009705384813697935,0.0012283897198836404,0.0010755455247888884
0.0038000897864460814,0.019574487182363987,0.02095368676383558,-0.0171535969773895,-0.01730644117248425
-0.006406558524332029,-0.0072993302004167315,-0.008023473827392727,0.001616915303060698,0.001464071107965946
0.028136076471937166,0.012303377138681793,0.013113486005930802,0.015022590466006364,0.014869746270911612
0.004275875238092253,0.007053449392805167,0.007452660183616194,-0.0031767849455239415,-0.0033296291406186944
0.001419223324161667,-0.0015015683952100956,-0.001771936410650088,0.0031911597348117547,0.003038315539717002
0.03401362824433085,0.011939073060167393,0.012720668802599084,0.02129295944173177,0.021140115246637017
-0.030153467322485028,-0.0013853554985293615,-0.0016466278353210325,-0.028506839487163996,-0.028659683682258748
0.01865460224666049,0.0062301242403934864,0.006564895530741926,0.012089706715918563,0.01193686252082381
0.022752488179625274,0.011731393541549506,0.012496734752710233,0.010255753426915041,0.010102909231820289
0.012208376437548907,-0.00011892184463624389,-0.00028107374063142664,0.012489450178180334,0.01233660598308558
0.0008040412273571107,-0.0028298416808328897,-0.003204170162866928,0.004008211390224038,0.003855367195129286
0.007766494760103715,0.005700497411807115,0.005993816199258346,0.001772678560845369,0.0016198343657506161
0.008503844957244988,0.0037755130048497954,0.003918168311148717,0.0045856766460962714,0.0044328324510015185
0.007641657699531512,0.00034958621780534216,0.00022410321916862926,0.007417554480362883,0.00726471028526813
-0.016474922606240172,0.003120184693883088,0.0032115491719181236,-0.019686471778158295,-0.019839315973253047
0.005583596944022773,0.0006966942090356198,0.0005983784425622054,0.004985218501460567,0.004832374306365815
0.010576455026615195,-0.0007011166816754955,-0.0009088354407269252,0.01148529046734212,0.011332446272247367
-0.0185767366952706,0.0005298447465655887,0.0004184701102367761,-0.018995206805507377,-0.01914805100060213
0.027192762020949557,0.00024027020881067784,0.00010623133283735518,0.0270865306881122,0.026933686493017448
-0.026732385464032782,0.0007353590216279127,0.0006400694486354441,-0.027372454912668227,-0.02752529910776298
0.03573333740234386,0.005133983312177293,0.005382962526765693,0.030350374875578165,0.03019753068048341
-0.03810503440839241,-0.0015011590075549863,-0.0017714949812968554,-0.03633353942709556,-0.03648638362219031
0.01365091844757349,0.0019670962134916703,0.0019682114802060816,0.01168270696736741,0.011529862772272656
0.005809380166575506,0.0052368773596394025,0.005493909821477217,0.00031547034509828934,0.00016262615000353642
0.024415865094518763,0.0028640233144536786,0.002935338713118448,0.021480526381400314,0.021327682186305562
-0.013326510806337288,-0.0011500296768531815,-0.0013928836787375054,-0.011933627127599784,-0.012086471322694536
0.005714317420860482,0.0028059818899186517,0.0028727545385019756,0.0028415628823585063,0.002688718687263754
-0.014721066034456776,-0.002542427180532325,-0.002894260483388585,-0.01182680555106819,-0.011979649746162942
-0.008650113181013386,-0.006829362527492333,-0.0075167230172252806,-0.0011333901637881052,-0.0012862343588828581
0.008989956513257846,0.006384461097458161,0.006731311928851935,0.0022586445844059114,0.0021058003893111585
0.008385736271063537,0.0037647427417917267,0.003906555087846716,0.0044791811832168215,0.004326336988122069
-0.03222447709253451,-0.0011618962070774064,-0.0014056789711617353,-0.030818798121372774,-0.030971642316467526
0.0018796909685612206,0.0016652165347093018,0.0016427044706619105,0.00023698649789931012,8.414230280455741e-05
-0.0024122259253606115,-0.007256565211683386,-0.007977361735144819,0.005565135809784207,0.005412291614689455
0.018269755047658043,-0.00023782354133117245,-0.00040928156130025774,0.0186790366089583,0.018526192413863548
-0.03667554481222335,-0.01635096881921505,-0.0177835604624513,-0.01889198434977205,-0.0190448285448668
0.00684743937258836,0.0045356892119050585,0.004737841516325193,0.0021095978562631667,0.0019567536611684137
-0.02638730822350599,-0.016213587335965784,-0.017635426490798807,-0.008751881732707183,-0.008904725927801935
-0.017043883619654143,-0.006342586611898127,-0.006991848427314824,-0.010052035192339319,-0.010204879387434071
-0.014496933820533187,-0.008489022887163578,-0.009306280640695039,-0.005190653179838148,-0.0053434973749329
0.04470733007266747,0.020352415732846962,0.021792501741803333,0.02291482833086414,0.022761984135769388
0.010491365008589826,0.02401520473971619,0.02574196763836934,-0.015250602629779515,-0.015403446824874267
0.017486427077264333,0.004570048934014581,0.004774890483773918,0.012711536593490416,0.012558692398395662
-0.0002685858157802645,0.003810463907886641,0.003955854729705541,-0.004224440545485805,-0.004377284740580558
-0.008595210818124976,0.0017463617463617798,0.001730200705222531,-0.010325411523347507,-0.01047825571844226
0.0024383677312369567,-0.00013929653841071588,-0.0003030431082538423,0.002741410839490799,0.0025885666443960465
-0.0008107778188344295,0.003309574570383944,0.0034157620973670625,-0.004226539916201492,-0.004379384111296245
-0.003245949218817712,0.0008617745425745227,0.0007763791808747075,-0.004022328399692419,-0.004175172594787172
-0.004070494366152588,-0.0048886047197381766,-0.00542406718560508,0.001353572819452492,0.001200728624357739
-0.004359668776183767,-0.010310858415930158,-0.011270706458431694,0.006911037682247927,0.006758193487153175
-0.009031248571054529,-0.0003399636723855348,-0.0005194159325439872,-0.008511832638510542,-0.008664676833605294
-0.015465274033488852,-0.018278105145113743,-0.019861528694554317,0.004396254661065465,0.004243410465970713
-0.039831750991981774,-0.008893471722946522,-0.00974238462616482,-0.030089366365816952,-0.030242210560911705
0.02658486297346463,0.01162984267174294,0.012387235762646795,0.014197627210817835,0.014044783015723082
-0.0002845282215955258,0.017888280629516196,0.019135505246268236,-0.01942003346786376,-0.019572877662958513
-0.009678341652442524,-0.008403811034715436,-0.009214399480028675,-0.000463942172413849,-0.000616786367508601
-0.010060427697837437,-0.008093685160912578,-0.008880000867405872,-0.0011804268304315656,-0.0013332710255263176
0.006678268043192048,-0.0025785552362955766,-0.002933216187328561,0.00961148423052061,0.009458640035425857
-0.007787616305911627,-0.005813067327385291,-0.006420885057097375,-0.0013667312488142517,-0.0015195754439090046
-0.016860517596731905,-0.009247875921837956,-0.010124527112258473,-0.006735990484473433,-0.006888834679568185
0.02661151785925764,0.013424199395820402,0.014322032081716028,0.01228948577754161,0.012136641582446858
-0.006336440465674276,0.0015499523698385698,0.0015184188818935234,-0.0078548593475678,-0.008007703542662552
-0.027246337006057497,0.004731623968765364,0.004949111572754998,-0.03219544857881249,-0.032348292773907245
0.039928489206032536,0.015269721916580492,0.016311998810189052,0.023616490395843483,0.02346364620074873
0.0005729696903187254,-0.005491522439307173,-0.006074173693898998,0.006647143384217723,0.00649429918912297
0.01231386963697445,0.002568460857030219,0.0026166433572816783,0.009697226279692772,0.00954438208459802
-0.0053747845802052385,-0.013387862410411011,-0.014588539485943944,0.009213754905738706,0.009060910710643954
-0.0002843663702103427,-0.013495609366348305,-0.014704719513549977,0.014420353143339634,0.014267508948244882
0.008819275821809525,0.009534685287099887,0.010128095904176206,-0.0013088200823666817,-0.0014616642774614337
0.012408416603679973,-0.012991965252009852,-0.014161656495217365,0.026570073098897338,0.026417228903802586
-0.002506967932104809,0.01296246371066978,0.01382415755541656,-0.01633112548752137,-0.01648396968261612
0.020664558374506425,0.014439495293299576,0.01541679252642011,0.005247765848086316,0.005094921652991564
0.007387153581384975,-0.0041560462088314765,-0.004634173241225748,0.012021326822610723,0.01186848262751597
0.021727301566843993,0.010291406686777416,0.01094404390326192,0.010783257663582072,0.01063041346848732
-0.0071770458646885915,-0.0034181723141418763,-0.0038385478919147216,-0.00333849797277387,-0.0034913421678686224
-0.006157953189628307,-0.004247194360987749,-0.00473245532021012,-0.0014254978694181871,-0.00157834206451294
0.005118600400687123,0.010675561019232394,0.011358264987851733,-0.006239664587164609,-0.006392508782259361
0.0010720208887129434,-2.903358867545336e-05,-0.00018415016661360895,0.0012561710553265523,0.0011033268602317998
0.028380225343930476,0.009644506431775834,0.010246512461833791,0.018133712882096684,0.01798086868700193
0.014839877560234527,0.004074738491730789,0.004240813392152161,0.010599064168082366,0.010446219972987614
0.005900450101009147,0.0015975744623728527,0.0015697682307188397,0.004330681870290307,0.004177837675195554
0.0015302569419026746,-0.0003143092177338991,-0.0004917535710070231,0.0020220105129096977,0.001869166317814945
-0.004583659360263503,-0.0010620573331896477,-0.0012980259704478627,-0.0032856333898156407,-0.0034384775849103932
0.0010233030281709965,0.006126533626735764,0.006453197151425444,-0.005429894123254448,-0.005582738318349201
-0.005366800241184744,-0.0003033391953459752,-0.0004799249537362992,-0.004886875287448444,-0.005039719482543197
0.0339158163315314,0.002758770892866691,0.002821848460524262,0.031093967871007138,0.030941123675912386
0.0009939636968623322,-0.0007657236475081541,-0.0009784990243398924,0.0019724627212022246,0.0018196185261074719
-0.0014895124233367252,-0.001476028227480719,-0.0017443972809730642,0.00025488485763633904,0.00010204066254158634
0.0024862871975652734,-0.0029563045487578377,-0.0033405309478083535,0.005826818145373627,0.005673973950278874
0.016369043958520457,0.006124919257840311,0.0064514564301103175,0.00991758752841014,0.009764743333315387
-0.009516822694116467,-0.0045385421527393,-0.005046606139546038,-0.004470216554570429,-0.0046230607496651815
-0.0061591524774621265,-0.00438850348301556,-0.0048848243366279,-0.0012743281408342261,-0.001427172335928979
0.04040657069781073,0.0011960799848387271,0.0011368498333700428,0.03926972086444069,0.039116876669345935
-0.003574017667764884,-0.014173946589881803,-0.015436148412591793,0.011862130744826909,0.011709286549732157
-0.009803917991487943,0.0039444211911976446,0.004100296498270761,-0.013904214489758704,-0.014057058684853456
-0.013281797611378598,-0.01696133008584244,-0.018441693104710753,0.005159895493332154,0.005007051298237402
0.007342125124309096,-0.0019176795748703235,-0.0022206155210672705,0.009562740645376367,0.009409896450281613
0.018221574411574126,0.012601439566208406,0.013434876997974386,0.004786697413599741,0.004633853218504989
-0.0031019104888702076,-0.006074710968194674,-0.006703006859497695,0.0036010963706274877,0.003448252175532735
0.011728140085767613,0.013533671171787054,0.01444007192649168,-0.0027119318407240675,-0.0028647760358188196
-0.0044948811131154676,-0.003320173700583018,-0.003732879183879506,-0.0007620019292359616,-0.0009148461243307141
0.006178667067959331,0.012158421402569175,0.012957184964507247,-0.006778517896547915,-0.006931362091642667
0.016296613703880913,-0.004872579408787825,-0.005406787615593927,0.02170340131947484,0.021550557124380088
0.02207763862165213,0.00901275466979845,0.009565315146251084,0.012512323475401045,0.012359479280306293
-0.007048689779846518,-0.0017457310425351702,-0.0020352090280509744,-0.005013480751795543,-0.005166324946890295
0.012365489768015436,-0.006139421956948832,-0.006772782607633422,0.019138272375648857,0.018985428180554105
-0.02578600799041464,-0.014558905652342857,-0.01585123721129481,-0.00993477077911983,-0.010087614974214582
0.012305520850991902,-0.002377499996742527,-0.002716424881454406,0.015021945732446309,0.014869101537351555
0.005963351957106067,0.0023685613495147972,0.0024010982395607635,0.003562253717545303,0.0034094095224505507
0.010031888294254498,0.012236645187396533,0.013041531119826753,-0.0030096428255722545,-0.0031624870206670066
-0.010158030941070373,-0.008795775050879251,-0.009637041491789879,-0.0005209894492804942,-0.0006738336443752463
-0.012770754346188684,-0.003965371271123064,-0.004428574676198682,-0.008342179669990003,-0.008495023865084755
0.008546983692764298,0.0035296669586522,0.0036530805396603663,0.004893903153103932,0.00474105895800918
0.005955069226795118,0.0066088151237357895,0.006973225556385219,-0.001018156329590101,-0.0011710005246848539
-0.01684876809245328,-0.0020619040578628844,-0.0023761280761068135,-0.014472640016346468,-0.01462548421144122
0.012968998826613953,0.002682533127767339,0.002739643765488425,0.010229355061125527,0.010076510866030775
-0.0011431881536124733,0.004457481018385057,0.004653512172603782,-0.0057967003262162555,-0.0059495445213110084
0.006179914539951703,0.005202865037342352,0.005457235443913211,0.0007226790960384918,0.0005698349009437388
-0.0018197911288327928,-0.00458128059365126,-0.005092689606144204,0.0032728984773114115,0.0031200542822166586
0.011394712575869104,0.0016297588743277025,0.0016044716321919588,0.009790240943677146,0.009637396748582392
0.015547512620605053,0.005148195696902835,0.005398287277570924,0.01014922534303413,0.009996381147939376
-0.007100059840048467,-0.0007784436134247175,-0.0009922145486299166,-0.0061078452914185505,-0.0062606894865133034
-0.028379898497512213,-0.011311245518606405,-0.01234939123606278,-0.01603050726144943,-0.016183351456544183
0.021389151678173013,0.009235131672624686,0.009805097013892289,0.011584054664280724,0.011431210469185972
0.0006754960459343096,-0.0014806053255762563,-0.0017493326165328412,0.002424828662467151,0.002271984467372398
0.009901045342107784,0.005087480356207541,0.005332819906388816,0.004568225435718967,0.0044153812406242145
-0.006016052837295782,0.002357715893671175,0.0023894039383310813,-0.008405456775626863,-0.008558300970721616
-0.010311568665747006,0.002252800575326619,0.00227627717316604,-0.012587845838913047,-0.012740690034007799
-0.011098565380107117,-0.004141314249916261,-0.004618288250521633,-0.006480277129585484,-0.006633121324680237
0.012139229985093314,0.0027692316953564777,0.0028331280025908796,0.009306101982502434,0.009153257787407682
-0.028060599735345138,-0.0037403355807980043,-0.004185926032560678,-0.02387467370278446,-0.024027517897879214
-0.04307339361946372,-0.010128906614839228,-0.011074513767048244,-0.03199887985241547,-0.032151724047510225
0.04744527579890989,0.010923001659165044,0.01162507215774487,0.03582020364116502,0.035667359446070274
-0.031126601076320592,0.002940748690645867,0.0030180691832885696,-0.03414467025960916,-0.034297514454703915
-0.017981299843259912,-0.011837383677612334,-0.012916708848947089,-0.005064590994312824,-0.005217435189407576
0.0007324852213073108,-0.004455724813014705,-0.004957306903834347,0.005689792125141657,0.0055369479300469045
-0.0012198841110094838,0.0037738134388320965,0.00391633572455602,-0.005136219835565504,-0.005289064030660257
0.019052335616964955,0.013457901176364917,0.014358371612238942,0.004693964004726013,0.004541119809631261
-0.0009587946873667041,-0.005089560528435566,-0.005640751278431265,0.004681956591064561,0.004529112395969808
-0.013195758949940517,-0.0029496376848567873,-0.003333342285953995,-0.009862416663986523,-0.010015260859081275
-0.0070508365668913164,-0.00030495478248648844,-0.0004816669886453319,-0.006569169578245985,-0.006722013773340738
0.0024485424521909493,0.010779286625573148,0.011470108925374521,-0.009021566473183572,-0.009174410668278324
-0.019296461341713145,0.0007684139066803652,0.0006757114528526506,-0.019972172794565795,-0.020125016989660547
0.016189232539945975,0.003047948049283322,0.003133658754590211,0.013055573785355764,0.012902729590261012
-0.011029430670447038,-0.0006433745436266181,-0.0008465739769649778,-0.01018285669348206,-0.010335700888576813
0.0074350201512454195,-0.0009305162517933008,-0.001156189513584533,0.008591209664829952,0.0084383654697352
0.0014759546455502814,0.0023378744854138933,0.002368009595084715,-0.0008920549495344335,-0.001044899144629186
-0.007369178182442426,-0.002233886303356414,-0.002561570920921977,-0.00480760726152045,-0.004960451456615202
-0.009403639434548805,-0.010281980197837881,-0.01123956801794409,0.0018359285833952858,0.0016830843883005337
0.01024231476180204,0.009162641262365545,0.009726932969332358,0.0005153817924696824,0.00036253759737493035
-0.0014836192045299956,-0.0012667608976734135,-0.0015187511460771229,3.513194154712725e-05,-0.00011771225354762545
-0.007429401414687731,-0.0063184691730722164,-0.006965843379801355,-0.0004635580348863761,-0.000616402229981129
0.002993985189686077,0.002059461282371222,0.0020678057207942305,0.0009261794688918464,0.0007733352737970939
-0.02164176406401519,-0.0010085961899480855,-0.0012403805637296486,-0.02040138350028554,-0.020554227695380293
0.016526765342492533,0.0021188711112078984,0.0021318654011283247,0.014394899941364208,0.014242055746269456
-0.014007038011578987,-0.008623167576889856,-0.009450924483484176,-0.0045561135280948115,-0.0047089577231895635
0.03247089430365602,-0.0014361829335245435,-0.0017014334003554708,0.03417232770401149,0.03401948350891674
-0.027272741757840557,-0.006474509789282434,-0.007134096885817024,-0.020138644872023534,-0.020291489067118286
-0.024501167389859635,0.00041835300422188304,0.00029825220161321467,-0.02479941959147285,-0.0249522637865676
0.009839489348134167,0.012042424827124476,0.012832109641310057,-0.0029926202931758895,-0.0031454644882706415
-0.013333345070863367,0.0017386264178671507,0.001721859952852963,-0.01505520502371633,-0.015208049218811083
-0.0161122385462672,-0.0069942998817651425,-0.007694569585659504,-0.008417668960607695,-0.00857051315570245
-0.0021130964016100595,-0.004622572493653387,-0.00513721331486916,0.0030241169132591006,0.0028712727181643477
0.0058232193703426915,0.0056898566086796,0.005982342568376147,-0.00015912319803345568,-0.0003119673931282086
-0.008157930876079411,0.0019796413026920145,0.0019817384406379326,-0.010139669316717344,-0.010292513511812096
0.017511272790134758,0.009902710578908236,0.010524925570407299,0.006986347219727459,0.006833503024632707
0.0,-0.0053035017498218595,-0.005871437118142538,0.005871437118142538,0.005718592923047785
0.010691000357895275,0.006094866554531064,0.006419051580527966,0.004271948777367309,0.004119104582272556
-0.0074818656704886966,0.0006358685039113965,0.0005327920690167534,-0.00801465773950545,-0.008167501934600203
-0.007018467616225821,-0.00735329696164333,-0.008081664425489654,0.0010631968092638337,0.0009103526141690816
0.005759094283037225,-0.0029735743006855664,-0.003359152357928567,0.00911824664096579,0.008965402445871039
-0.04476828443464431,-0.0003900796440671206,-0.0005734543498971268,-0.044194830084747186,-0.04434767427984194
-0.007084526725487872,-0.02086619391956246,-0.02265218038997027,0.015567653664482397,0.015414809469387645
0.006311733010542664,0.0026584898861461426,0.0027137187224002953,0.0035980142881423685,0.003445170093047616
-0.0019089091442469064,0.006936040108400654,0.007326061582433814,-0.009234970726680721,-0.009387814921775473
0.003825224321927001,-0.0003080227407983305,-0.000484975068008348,0.004310199389935349,0.0041573551948405965
-0.015514520508461582,-0.003861756863082544,-0.0043168506401754635,-0.011197669868286119,-0.011350514063380873
0.008570677052374798,0.00608097510857486,0.006404072887527871,0.002166604164846927,0.002013759969752174
-0.013157882353605488,-0.016652749054007043,-0.018108960244784766,0.004951077891179278,0.004798233696084526
0.0,0.0022622025726091177,0.002286415040118571,-0.002286415040118571,-0.0024392592352133237
0.007222175598144531,0.012338485100151564,0.0131513417754722,-0.0059291661773276695,-0.006082010372422422
0.01737454763590285,0.011066049239604414,0.011779315697154878,0.005595231938747971,0.005442387743653219
0.03849287089012643,0.004453159211633695,0.004648852109372173,0.033844018780754256,0.033691174585659504
0.034455746476284244,-0.000734986066058041,-0.0009453556930007207,0.035401102169284965,0.03524825797419021
0.010850373292615068,0.008014680412562258,0.00848912423440708,0.002361249058207988,0.002208404863113236
-0.004742946452641172,0.001106182994042637,0.0010399168408642744,-0.005782863293505447,-0.0059357074886001995
-0.0035113968748184954,0.00077123387202227,0.000678752129486348,-0.004190149004304844,-0.004342993199399596
-0.017115537704773587,-0.0042616893616069795,-0.00474808480651386,-0.012367452898259728,-0.01252029709335448
0.005889873155696446,-0.0023877098952062026,-0.0027274338818947985,0.008617307037591244,0.008464462842496492
-0.04429729933409832,-0.005676040278268291,-0.006273133260207156,-0.03802416607389116,-0.038177010268985914
0.013319125940489451,-0.01070332804283558,-0.011693893653761259,0.02501301959425071,0.024860175399155957
-0.004731869107350795,-0.005775015185050969,-0.006379854673376437,0.0016479855660256424,0.0014951413709308895
-0.013734824336518736,0.012386154626733425,0.013202742270883602,-0.02693756660740234,-0.027090410802497092
0.0013390261611201382,0.007318795346650031,0.007738774069383757,-0.006399747908263619,-0.006552592103358372
0.05616481206468671,2.836730636679441e-05,-0.000122256654053491,0.0562870687187402,0.05613422452364545
0.009875902078299914,-0.002271519985995063,-0.002602150093204297,0.01247805217150421,0.012325207976409458
0.01680035483953346,-0.002756886733696673,-0.003125505223346825,0.019925860062880284,0.019773015867785532
-0.01997527925607101,-0.002249704779339723,-0.002578627467535654,-0.017396651788535358,-0.01754949598363011
0.009058801722430676,0.0031146787487494887,0.003205612290898569,0.005853189431532107,0.005700345236437355
-0.023441363154056538,-0.00775298528243118,-0.008512635302940393,-0.014928727851116146,-0.015081572046210898
0.005618008722174883,-0.0028748824444340126,-0.0032527361489131665,0.008870744871088049,0.008717900675993297
0.012696800061918534,0.012808166466444781,0.0136577838705393,-0.0009609838086207662,-0.0011138280037155182
-0.011283870383324457,-0.00955710249815489,-0.010457956041739587,-0.0008259143415848703,-0.0009787585366796223
-0.0002536681753247949,0.0009500546545004873,0.000871568745641542,-0.001125236920966337,-0.0012780811160610895
0.029680416996170633,-0.0012752120935421996,-0.0015278637948828208,0.031208280791053453,0.0310554365959587
0.014042860130117019,0.003911964108786803,0.004065299085140153,0.009977561044976865,0.009824716849882113
-0.0004859197725417541,0.00521142418513576,0.005466464493757561,-0.005952384266299315,-0.006105228461394068
-0.004132186958371364,-0.002625530186397551,-0.0029838677435805594,-0.001148319214790805,-0.0013011634098855575
-0.014400784354620666,-0.008254876246131082,-0.00905380795613171,-0.005346976398488955,-0.005499820593583707
-0.029965400375518092,-0.021100170073477753,-0.022904469243836843,-0.007060931131681249,-0.007213775326776001
-0.01429659394362004,-0.031850965718637325,-0.03449670146957477,0.020200107525954733,0.02004726333085998
-0.03651903198970896,-0.03941369286646568,-0.04265134343758492,0.00613231144787596,0.005979467252781208
-0.0016129401091515838,-0.01352199497897244,-0.014733170258876445,0.013120230149724861,0.012967385954630109
0.02234792258198115,0.03903385877450183,0.041936092337189895,-0.019588169755208745,-0.019741013950303497
-0.01211490346013222,0.024297748621125326,0.026046625488389097,-0.03816152894852132,-0.03831437314361607
-0.014929287753987275,0.0006087363616984476,0.000503536365188371,-0.015432824119175646,-0.015585668314270398
-0.010825480855743419,-0.008391670369217175,-0.009201308596481444,-0.0016241722592619749,-0.001777016454356727
-0.034199727116069,-0.029576446640986798,-0.03204416174877118,-0.0021555653672978223,-0.0023084095623925743
0.010481556370582457,0.01829297500443139,0.019571873988574205,-0.009090317617991749,-0.0092431618130865
0.006167682422105081,0.0011647935451044589,0.0011031146860482272,0.005064567736056853,0.004911723540962101
-0.008358853222691143,-0.015329595723932221,-0.016682247173609267,0.008323393950918124,0.008170549755823372
0.03512222519361541,0.02508305358648033,0.02689339421387585,0.00822883097973956,0.008075986784644808
-0.00922910290932799,-0.01389756050907287,-0.015138130318076039,0.005909027408748048,0.005756183213653296
0.0041096308459973585,0.005277955033794246,0.005538202537459642,-0.0014285716914622833,-0.0015814158865570362
0.005729851998079072,0.004487043210972708,0.0046853881204767505,0.0010444638776023214,0.0008916196825075684
-0.007596277120468731,-0.004089655710746709,-0.004562586532968714,-0.003033690587500017,-0.00318653478259477
0.015582276279174856,0.01283131142251781,0.013682740321625211,0.0018995359575496445,0.0017466917624548925
0.021534298901798588,0.008705414349693852,0.009233920105309231,0.012300378796489356,0.012147534601394604
0.0007904816520101221,-0.002561059320011938,-0.0029143509115614297,0.0037048325635715518,0.0035519883684767993
-0.03027903436130286,-0.016164165744279924,-0.017582136800742606,-0.012696897560560253,-0.012849741755655005
0.011675168859642815,0.004565783605198437,0.0047702913188574,0.006904877540785415,0.006752033345690662
-0.013150775250742597,-0.012318429274285614,-0.013435404622902762,0.0002846293721601653,0.00013178517706541326
0.00353551989384826,-0.002048642890328245,-0.002361828991767398,0.005897348885615658,0.005744504690520905
-0.004336039045957696,-0.003362984329369434,-0.0037790404883077445,-0.0005569985576499513,-0.0007098427527447038
-0.015786657717945185,-0.00046579328582951884,-0.0006550938998369696,-0.015131563818108216,-0.015284408013202968
-0.015486763707248552,-0.02566609046896018,-0.027827752254289774,0.012340988547041222,0.01218814435194647
-0.018820174091646602,0.001232853252514099,0.0011765012482663963,-0.019996675339913,-0.02014951953500775
0.012596582389487798,0.019075555906861608,0.020415705445875055,-0.007819123056387257,-0.007971967251482009
0.0005654639063514821,0.001973884228037459,0.001975530774848418,-0.001410066868496936,-0.0015629110635916885
0.021475053668770894,0.014315289284541954,0.015282865239094296,0.006192188429676598,0.006039344234581846
0.026279305896075966,0.018289840800508328,0.01956849447872971,0.006710811417346255,0.006557967222251503
-0.01671156219365466,-0.0035882361830883447,-0.0040219222138815364,-0.012689639979773125,-0.012842484174867877
0.02357457843045907,0.008035633639867479,0.008511717415862458,0.015062861014596612,0.01491001681950186
0.005623971173393416,0.008818435459823082,0.009355787081324037,-0.0037318159079306207,-0.003884660103025373
0.016511290132673162,0.000725111326717931,0.0006290196935200162,0.015882270439153145,0.015729426244058393
-0.00392972801616942,0.0012754772073804155,0.0012224612682963725,-0.005152189284465793,-0.005305033479560546
0.01709620471740192,-0.006825423947869114,-0.007512476175304099,0.024608680892706018,0.024455836697611266
0.00103441731113052,-0.0047162741982138545,-0.005238248806107567,0.006272666117238087,0.006119821922143334
0.004908355616119353,0.01485277361914017,0.015862417062978515,-0.010954061446859162,-0.011106905641953914
-0.006940885531432461,0.004570474275370051,0.004775349115481799,-0.01171623464691426,-0.011869078842009013
-0.011907918365283265,0.00027054553471672627,0.0001388762291033193,-0.012046794594386585,-0.012199638789481337
0.003143902340547289,-0.0014210903493528937,-0.0016851595592018598,0.004829061899749148,0.0046762177046543955
-0.025333016388353502,-0.005825414995899281,-0.006434199145243498,-0.018898817243110003,-0.019051661438204758
0.02143620695611892,0.01662757156411132,0.01777612378859479,0.003660083167524128,0.003507238972429376
0.009181592303918018,0.011030344539323389,0.011740816483620449,-0.0025592241797024306,-0.0027120683747971826
-0.007278465950332547,-0.0019131006866738298,-0.00221567825530003,-0.005062787695032517,-0.005215631890127269
-0.0117831098304223,-0.002554118539720318,-0.0029068668945989727,-0.008876242935823328,-0.00902908713091808
0.04054050639244777,0.01184003327863703,0.012613877437105755,0.027926628955342016,0.027773784760247264
-0.033868138924142754,-0.0004497742019048401,-0.0006378210442244579,-0.03323031787991829,-0.03338316207501305
-0.05455982524382541,-0.004809877003672414,-0.005339177657670728,-0.04922064758615468,-0.04937349178124943
-0.01143016056930135,0.011873817006551102,0.012650305328803929,-0.02408046589810528,-0.024233310093200032
0.0002820681468898023,0.002728067346863705,0.0027887418284974043,-0.002506673681607602,-0.0026595178767023545
-0.0002819886068859967,-0.003545367230984642,-0.003975698021322923,0.0036937094144369265,0.003540865219342174
-0.00930620487528222,-0.0011321483923818487,-0.001373602873025279,-0.007932602002256942,-0.008085446197351694
0.02789637097750619,-0.0003476213457177524,-0.000527672951885237,0.028424043929391428,0.028271199734296676
-0.012461942822854843,-0.009822729385718598,-0.010744372849171404,-0.0017175699736834398,-0.0018704141687781919
-0.005888925557241631,0.0015105949543003927,0.0014759810646582166,-0.007364906621899848,-0.007517750816994601
-0.009308937205995238,-0.003228085812548187,-0.0036335838183538718,-0.005675353387641366,-0.005828197582736118
-0.023348511382776715,-0.013990375564759017,-0.015238209764758018,-0.008110301618018697,-0.00826314581311345
-0.03586004576079804,-0.011207364706699363,-0.012237379945441065,-0.023622665815356977,-0.02377551001045173
-0.001511921303959718,0.014903265264943455,0.01591686055748163,-0.01742878186144135,-0.0175816260565361
-0.020593588605353874,-0.0013393792481354305,-0.00159705314438408,-0.018996535460969795,-0.019149379656064548
0.014223842990175317,0.01616245179852549,0.01727460031875939,-0.0030507573285840743,-0.0032036015236788264
0.0030488503397696487,-0.00112310916925773,-0.0013638561736131084,0.004412706513382757,0.004259862318288004
0.013373817820734324,0.003810195689989637,0.003955565519097155,0.009418252301637169,0.009265408106542417
-0.019496146457829377,-0.0012348607728660532,-0.001484354282160968,-0.01801179217566841,-0.01816463637076316
-0.0052003112905124604,0.0012219959743400288,0.0011647941994034664,-0.006365105489915927,-0.00651794968501068
0.012300052446221565,-0.00012913227667687988,-0.000292083316410449,0.012592135762632014,0.012439291567537262
0.011239452222420399,0.0005936176807606053,0.0004872343847431178,0.010752217837677281,0.010599373642582528
-0.005707492826100502,-0.004640997274763192,-0.005157080155276402,-0.0005504126708241004,-0.0007032568659188533
0.013595189839397781,0.01068057336863748,0.011363669640699587,0.002231520198698194,0.002078676003603442
0.0017884165322048506,-0.010995693172566212,-0.012009141435451856,0.013797557967656707,0.013644713772561955
-0.02529015987451566,-0.014373526666262015,-0.015651349098140272,-0.009638810776375389,-0.009791654971470143
0.010989030183036874,0.0205256690573854,0.021979315149686773,-0.010990284966649898,-0.01114312916174465
-0.007548309422175881,-0.006989502964787397,-0.007689397226570096,0.0001410878043942151,-1.1756390700537814e-05
-0.015819911002773357,-0.0064899016523778386,-0.007150693429670877,-0.00866921757310248,-0.008822061768197234
-0.016692396712497226,-0.007738985017979982,-0.008497539274507084,-0.008194857437990142,-0.008347701633084894
0.006601728869757739,0.0022513871531610885,0.0022747531261543925,0.004326975743603347,0.004174131548508594
-0.029981292257868275,-0.019422767297482935,-0.021095780551648353,-0.008885511706219922,-0.009038355901314674
-0.015775910481114264,0.004755560017433602,0.004974921033178861,-0.020750831514293126,-0.02090367570938788
-0.02355248022708989,0.010618561082731848,0.01129680381580684,-0.03484928404289673,-0.03500212823799148
0.021775531330772813,0.014514969430300617,0.015498173826189038,0.006277357504583775,0.006124513309489023
-0.01377049430471955,-0.015040520909943678,-0.01637054723204485,0.002600052927325302,0.00244720873223055
-0.017287249304607233,-0.01779722000676387,-0.01934300593757421,0.0020557566329669763,0.0019029124378722242
0.008795677725955242,0.0077784025360287945,0.008234353508129406,0.0005613242178258357,0.00040848002273108364
0.0144198628295229,0.008816736053143037,0.009353954666539935,0.005065908162982965,0.004913063967888213
0.021818176773954034,0.01241806830075265,0.013237153744472898,0.008581023029481136,0.008428178834386384
0.013264310884376629,-0.001598636221499028,-0.0018766014811368028,0.015140912365513431,0.01498806817041868
-0.01085568824715144,-0.00217855994238203,-0.0025019143107706324,-0.008353773936380808,-0.00850661813147556
0.007101395221235762,0.010629762908764828,0.011308882379386001,-0.004207487158150239,-0.004360331353244991
-0.0012820805945253921,-0.007217228595965963,-0.007934946345677688,0.006652865751152296,0.006500021556057544
-0.014762486737010083,-0.00941191309542666,-0.010301403045227222,-0.004461083691782861,-0.004613927886877613
-0.015635225982287615,-0.015303731089594375,-0.01665435818217326,0.0010191321998856452,0.0008662880047908932
-0.01985435101767019,0.0020122259542274534,0.0020168734073939625,-0.021871224425064152,-0.022024068620158904
-0.01789333800232351,-0.013115396702646942,-0.014294748601789876,-0.003598589400533635,-0.003751433595628387
-0.05981436101722992,-0.023700443014411654,-0.025708258728495113,-0.03410610228873481,-0.03425894648382956
-0.015722131597011524,-0.010838374390218508,-0.011839509724587182,-0.003882621872424342,-0.004035466067519094
-0.0037147244125674828,0.0008532721255336551,0.0007672113019501197,-0.0044819357145176025,-0.004634779909612355
-0.006711420851004513,0.00780279851675636,0.008260658898288682,-0.014972079749293194,-0.015124923944387947
-0.03040538605481835,-0.02496545230421965,-0.027072276977858127,-0.0033331090769602237,-0.0034859532720549757
0.02129304059949977,0.016695905386662213,0.017849805920227436,0.0034432346792723327,0.0032903904841775806
-0.006065195318507355,-0.021599098001850003,-0.023442446952696143,0.017377251634188788,0.017224407439094036
-0.023646031583570037,0.0005318215543925753,0.0004206016376280908,-0.02406663322119813,-0.024219477416292882
0.0,-0.011693855152413501,-0.0127619467224926,0.0127619467224926,0.012609102527397848
0.050781219440978465,0.005195438361131455,0.005449227501232164,0.0453319919397463,0.045179147744651545
0.017472164586179506,0.020283701024494727,0.021718408913436568,-0.0042462443272570614,-0.0043990885223518135
-0.009499460025925277,-0.015637982053378963,-0.017014770092301252,0.007515310066375975,0.007362465871281223
0.02582068756293343,0.014144335590226431,0.015098531447460409,0.010722156115473022,0.01056931192037827
0.006832094128239818,-0.010863483795639506,-0.011866584377319649,0.018698678505559466,0.018545834310464714
-0.211071423121861,0.005528577205787588,0.005808440249584113,-0.2168798633714451,-0.21703270756653986
-0.02444549170653043,0.0247602174153414,0.026545290502277955,-0.050990782208808386,-0.05114362640390314
-0.02830620531781214,-0.00044323658717015935,-0.0006307717475297573,-0.027675433570282383,-0.027828277765377135
-0.006208264794635321,-0.018743090830274922,-0.02036290758984186,0.014154642795206538,0.014001798600111786
0.01922151027369856,0.004992038934619414,0.0052299085350335,0.01399160173866506,0.013838757543570307
-0.00990094736149194,0.0015267325638141926,0.00149338172254687,-0.01139432908403881,-0.011547173279133564
-0.04809524899437312,-0.018481246310869337,-0.02008056918660443,-0.02801467980776869,-0.02816752400286344
-0.045522754268706445,-0.014153935656373462,-0.015414571275797557,-0.030108182992908888,-0.03026102718800364
0.020440219664984438,-0.0006636203533073592,-0.0008684043730736522,0.02130862403805809,0.021155779842963338
0.015408379814549233,-0.00018895027740828407,-0.0003565831151830176,0.01576496292973225,0.015612118734637498
-0.01871526710501914,-0.012301161792504733,-0.013416785660607838,-0.005298481444411302,-0.005451325639506054
0.02319591607154603,0.019518049565855122,0.0208928319230934,0.002303084148452629,0.002150239953357877
0.023173756958819514,0.01651665412216241,0.01765652512935179,0.005517231829467725,0.0053643876343729725
0.0014771387215355425,0.01648043921048603,0.017617475771514148,-0.016140337049978606,-0.016293181245073358
0.004916439563399155,-0.004665713707027619,-0.0051837310778739265,0.010100170641273082,0.00994732644617833
-0.004403138465575385,-2.6032942938902792e-05,-0.00018091466820462136,-0.004222223797370763,-0.004375067992465516
0.018673177083211367,0.014454197186153817,0.015432645097871508,0.0032405319853398597,0.0030876877902451076
-0.034732239713152424,-0.012454371867771763,-0.013581987086663949,-0.021150252626488474,-0.021303096821583226
0.013993037653311058,0.004439786812972857,0.0046344330881380215,0.009358604565173036,0.009205760370078284
-0.0004928648807591696,0.011348275359951865,0.012083630915787996,-0.012576495796547165,-0.012729339991641917
0.011341199923518008,-0.0018701144822791393,-0.002169327633421114,0.013510527556939123,0.013357683361844369
0.007801065120750295,-0.008120976341902342,-0.008909428057559041,0.016710493178309336,0.016557648983214584
-0.010159699615199136,0.023868791801894718,0.025584095343880776,-0.03574379495907991,-0.03589663915417467
0.0024438488097062727,0.004094308735004493,0.004261915347042829,-0.0018180665373365565,-0.0019709107324313094
0.016089708436051398,0.0034987406745825567,0.003619733736442517,0.01246997469960888,0.012317130504514127
-0.011516303712136078,0.0033058923144386743,0.0034117916409058804,-0.014928095353041959,-0.015080939548136711
-0.003398043375144044,0.0008850141950174084,0.0008014377399669978,-0.004199481115111042,-0.004352325310205795
-0.034583583442505006,-0.011240108649505087,-0.012272686670777355,-0.02231089677172765,-0.022463740966822403
-0.01109986461866308,0.0050523932937867055,0.005294986671610103,-0.016394851290273182,-0.016547695485367934
-0.01632651472429325,0.00015580493345068724,1.5155181889889394e-05,-0.01634166990618314,-0.016494514101277894
0.051867218069793,0.01639550053418848,0.01752588916777926,0.03434132890201374,0.03418848470691899
0.005917106894566704,-0.001260972921287129,-0.0015125101599583787,0.007429617054525083,0.00727677285943033
-0.03529408464794692,-0.0018369416879204792,-0.002133558491445527,-0.0331605261565014,-0.03331337035159615
0.03252029368516429,0.005600351545632654,0.005885832178776595,0.026634461506387697,0.026481617311292945
0.045767732241288606,0.006595236486620859,0.0069585841549540456,0.03880914808633456,0.03865630389123981
0.03294121237362124,0.004405643688967897,0.004597617671359464,0.02834359470226178,0.028190750507167024
-0.014578660184520142,0.0009855772666846896,0.0009098716195213467,-0.01548853180404149,-0.01564137599913624
-0.003236231971344039,-0.000877387766836879,-0.0010989028014430219,-0.002137329169901017,-0.0022901733649957697
-0.007421143384760076,-0.006386031602501285,-0.007038693743395553,-0.0003824496413645231,-0.000535293836459276
0.025233688091272466,-0.0003780702927851376,-0.0005605050581855045,0.02579419314945797,0.025641348954363218
-0.007292609093775604,0.0005452554858313974,0.00043508700764938624,-0.00772769610142499,-0.007880540296519743
0.035353467683183704,0.008816651779288476,0.009353863796791791,0.025999603886391914,0.025846759691297162
0.00842574458917733,0.004350315260639448,0.004537958832047672,0.003887785757129659,0.003734941562034906
0.010114315943329455,-0.00203975921756705,-0.0023522500172371173,0.012466565960566573,0.01231372176547182
-0.010013040884272462,0.006330915127309877,0.006673575056047474,-0.016686615940319935,-0.016839460135414687
-0.008355344589709879,-0.003208322345054082,-0.0036122735160898124,-0.004743071073620066,-0.0048959152687148184
-0.010643005731181043,-0.010144492387214377,-0.011091319396952628,0.00044831366577158423,0.00029546947067683217
0.011653977369149748,0.010507619269939372,0.011177178878278262,0.0004767984908714863,0.00032395429577673426
-0.005759821113174968,-0.011975786526205012,-0.013065944125529836,0.007306123012354868,0.007153278817260116
0.016488365556106332,0.0027865779152880243,0.0028518318656650275,0.013636533690441304,0.013483689495346552
0.003945644660021674,-0.0027397858070188352,-0.0031070658519860585,0.007052710512007733,0.00689986631691298
-0.032314401023804784,0.0096621337827838,0.010265519459376427,-0.04257992048318121,-0.04273276467827596
0.03925996593971082,0.01004013710204088,0.010673108107096723,0.028586857832614096,0.028434013637519344
-0.002605356990970864,0.0001729273803483533,3.361775780165251e-05,-0.0026389747487725167,-0.0027918189438672692
-0.016978641763462976,-0.0009842848497145784,-0.0012141664386539266,-0.015764475324809048,-0.015917319519903803
-0.0022143152005972278,0.006541025289023228,0.006900129989092373,-0.0091144451896896,-0.009267289384784353
-0.008433223624810582,0.0030844851678346608,0.0031730555375899076,-0.01160627916240049,-0.011759123357495242
0.0004476378161830663,0.0007615448773992117,0.0006683048026640781,-0.0002206669864810118,-0.0003735111815757644
0.009843369557026582,-0.005194027008290192,-0.005753394075694874,0.015596763632721456,0.015443919437626703
0.01019049824307583,4.785972478082989e-05,-0.00010123861517015629,0.010291736858245986,0.010138892663151234
-0.019298186027734032,-0.0018120458796383465,-0.0021067141535398137,-0.017191471874194217,-0.017344316069288972
0.010733442064713605,0.0018727515871905798,0.0018664827474285113,0.008866959317285095,0.008714115122190341
0.009291994731329245,0.001649352800310755,0.0016255991233755283,0.007666395607953716,0.007513551412858964
-0.017097737780781053,-0.009230768513682652,-0.010106080752131997,-0.006991657028649055,-0.0071445012237438075
-0.007136478450831318,-0.005063088369821722,-0.005612207213387446,-0.0015242712374438725,-0.0016771154325386254
0.008535513571607867,0.007809946463542827,0.008268366296124232,0.00026714727548363473,0.00011430308038888268
-0.01915368777562032,-0.008676638198860664,-0.009508580110806915,-0.009645107664813406,-0.009797951859908158
-0.0009082859831013312,-0.005936889314214544,-0.006554398266105606,0.0056461122830042745,0.005493268087909522
0.03727271340110083,-0.0002390081258001331,-0.00041055886008896424,0.037683272261189796,0.037530428066095044
-0.00920241399128019,0.0031746390805036384,0.0032702655605697625,-0.012472679551849952,-0.012625523746944704
0.016806685117585873,0.0007534970439868616,0.0006596270864364407,0.016147058031149433,0.01599421383605468
0.018268816027635637,0.012483643435067249,0.013307861272575812,0.0049609547550598255,0.004808110559965073
-0.005553146587524371,-0.009561518078546327,-0.010462717218028153,0.004909570630503781,0.004756726435409029
-0.012027520549263926,-0.0001694649071644072,-0.00033557267611163556,-0.011691947873152291,-0.011844792068247043
-0.005652137424634884,-0.00847828902508041,-0.009294706667376782,0.0036425692427418978,0.0034897250476471457
0.010056822640852836,0.009796652464963085,0.01041056656602705,-0.0003537439251742134,-0.0005065881202689654
-0.018181821184334646,-0.009411297455333645,-0.010300739220598676,-0.00788108196373597,-0.008033926158830721
0.03880066794204495,0.00020517873267866804,6.839333889786944e-05,0.038732274603147085,0.03857943040805233
-0.02758911855961177,-0.003706707658226005,-0.004149666140680092,-0.023439452418931677,-0.02359229661402643
0.03273679637692006,0.006019504059596059,0.006337790660756794,0.02639900571616327,0.026246161521068515
-0.010566356788347386,-0.0020854589704891735,-0.0024015265699702747,-0.008164830218377111,-0.008317674413471865
0.014950892086760037,0.013681382686285826,0.014599344433848489,0.0003515476529115484,0.00019870345781679635
-0.004629655273228894,0.006974740643369559,0.007367791106780398,-0.011997446380009293,-0.012150290575104045
0.0025369753450386057,-0.00021044390350322129,-0.00037975899102415814,0.002916734336062764,0.0027638901409680113
-0.002952328027294504,0.004286857336424754,0.004469534222526682,-0.007421862249821186,-0.007574706444915939
0.02622677052626665,-0.0010052630048559275,-0.0012367864989817933,0.027463557025248445,0.027310712830153693
-0.0028853954725392983,0.0011350423274503196,0.0010710349186125458,-0.003956430391151844,-0.004109274586246597
0.03513850197204382,0.0028246780734553223,0.002892914023292265,0.032245587948751556,0.032092743753656804
-0.008386620772488307,-0.002911814656949452,-0.0032925589488453774,-0.0050940618236429295,-0.005246906018737682
0.0036246537601460904,0.004897281193053882,0.005127734353543158,-0.001503080593397068,-0.001655924788491821
-0.003611563094396031,0.0012894462510633087,0.0012375236323937204,-0.0048490867267897515,-0.005001930921884504
-0.0024164102346653227,0.0033095665337075086,0.003415753431681039,-0.005832163666346361,-0.005985007861441114
-0.009689130669472412,-0.0017177585589538413,-0.002005047211539152,-0.00768408345793326,-0.007836927653028012
-0.02690582262280261,-0.009175181182794367,-0.010046142746635999,-0.016859679876166614,-0.017012524071261366
-0.023879412741200312,-0.008115191387155773,-0.00890319032957583,-0.014976222411624482,-0.015129066606719234
0.002575166319987554,-0.0017988851350955182,-0.0020925233520364137,0.004667689672023968,0.004514845476929215
-0.006421298029094746,-0.0018407128700851372,-0.0021376248341480747,-0.004283673194946672,-0.004436517390041424
-0.0025850697246482257,0.0031329906996742096,0.003225357470198043,-0.005810427194846269,-0.005963271389941021
0.044492470998619416,-0.0032579654199809127,-0.0036658020242994003,0.048158273022918814,0.04800542882782406
0.017783304373397257,0.00580818525653326,0.006109932489173756,0.011673371884223502,0.011520527689128748
-0.015034572533808244,0.002712061607464289,0.002771483361851151,-0.017806055895659395,-0.017958900090754147
-0.006600653833452097,-0.0016515636618127383,-0.001933671413398668,-0.004666982420053429,-0.004819826615148182
0.022840499950296467,0.01336407865930278,0.014257205852821198,0.00858329409747527,0.008430449902380517
-0.0560292004786106,-0.035919799994431734,-0.038883992733388106,-0.01714520774522249,-0.017298051940317243
-0.07698928668934812,-0.01809650217612302,-0.01966571213744472,-0.0573235745519034,-0.05747641874699816
-0.007921629832142618,0.01777016508725926,0.019008145110283522,-0.02692977494242614,-0.027082619137520893
0.03053074638696751,0.017032672570028273,0.018212930987844614,0.012317815399122897,0.012164971204028145
0.014129419252345343,0.013565044705922347,0.014473900984864878,-0.00034448173251953526,-0.0004973259276142873
-0.004044950678107395,0.00194860235588723,0.001948270156868127,-0.005993220834975522,-0.006146065030070275
-0.009025305248944293,-0.006847477437932237,-0.007536255734197941,-0.0014890495147463524,-0.0016418937098411053
-0.0004552969922604344,0.005352963242081676,0.00561908144149647,-0.006074378433756905,-0.0062272226288516575
0.005011330258751112,-0.0008715778419239317,-0.0010926381489439942,0.006103968407695106,0.0059511242126003535
0.04623755586841294,0.015253349296718177,0.016294344748308234,0.029943211120104705,0.029790366925009953
0.013864804847574463,0.003408615474199461,0.0035225546729838607,0.010342250174590603,0.010189405979495851
0.02094016150026512,0.007009293213798395,0.007405048016280634,0.013535113483984486,0.013382269288889734
0.0012557843203002683,0.00013476775533982632,-7.528520980521825e-06,0.0012633128412807902,0.0011104686461860375
0.016304322257713944,0.00525920411762093,0.005517984036252776,0.010786338221461168,0.010633494026366415
-0.0004113627766979544,-0.0009289473209127541,-0.0011544977865985755,0.0007431350099006211,0.0005902908148058684
0.008642016395663532,0.002382294987840705,0.002415906773741199,0.006226109621922334,0.006073265426827581
0.007343953630962297,-0.0014351736522938419,-0.0017003451253297392,0.009044298756292035,0.008891454561197283
0.010530588224296977,0.004270300173431885,0.0044516811738084545,0.006078907050488523,0.00592606285539377
0.0020039773760174295,-0.003612528916297486,-0.004048116275609894,0.006052093651627324,0.005899249456532571
0.004000015258789125,0.004553964713003289,0.004757547392965849,-0.0007575321341767244,-0.0009103763292714773
-0.005577740831447464,-0.0030114751244342264,-0.003400019579754985,-0.002177721251692479,-0.0023305654467872315
0.015224402325864972,0.0003227842443460638,0.00019520352553638106,0.01502919880032859,0.014876354605233838
0.007103405844194555,-0.0011985421207814095,-0.001445193064425374,0.008548598908619929,0.008395754713525177
0.07641061209297884,0.0016062090221755643,0.0015790785948726891,0.07483153349810615,0.0746786893030114
0.018565716841277835,0.0016313092573088106,0.0016061433595830315,0.016959573481694804,0.016806729286600052
-0.015010724916558638,-0.0012697872845152114,-0.0015220144002801581,-0.01348871051627848,-0.013641554711373231
-0.010885313602101987,-0.006361619481225378,-0.007012370949409546,-0.0038729426526924408,-0.004025786847787194
0.029347000379440713,0.0031339432802557354,0.003226384606763489,0.026120615772677224,0.025967771577582472
-0.013898766823634334,0.00021257188969192597,7.63651389215836e-05,-0.013975131962555919,-0.01412797615765067
0.00939646650397341,0.008603496447961101,0.009124025356693308,0.00027244114728010305,0.00011959695218535099
-0.004654531568019427,-0.0009071655678379864,-0.0011310112328345226,-0.0035235203351849037,-0.0036763645302796567
-0.003597067513145258,0.0003897939364765346,0.0002674578905332047,-0.003864525403678463,-0.004017369598773215
0.0007219693091775614,-0.0028646859974036376,-0.0032417416527144817,0.003963710961892043,0.0038108667667972906
0.009379517868767673,0.004734588012062169,0.004952307603947273,0.0044272102648204,0.004274366069725647
0.0032165887798545345,-0.0007960463737501922,-0.0010111950308418338,0.004227783810696368,0.004074939615601615
0.019593913444558853,0.0027929092187690685,0.002858658703665332,0.01673525474089352,0.016582410545798766
-0.0024458979776440515,-0.00547907701986905,-0.006060754204120267,0.003614856226476216,0.003462012031381463
0.0007005414465199866,0.001868589648029051,0.0018619950642037298,-0.0011614536176837431,-0.0013142978127784958
0.008750437615345552,0.0021996173129046337,0.0022189313962703927,0.006531506219075159,0.006378662023980406
0.011450379153380652,-0.0014402713809749113,-0.0017058418398655946,0.013156220993246247,0.013003376798151493
-0.0034305448637521607,-0.000563323157221185,-0.0007602571784848699,-0.0026702876852672907,-0.0028231318803620432
0.022375268259892556,0.0019517694055308787,0.0019516850831816175,0.02042358317671094,0.020270738981616184
-0.01010104837382797,-0.005240276852734871,-0.005803263774171411,-0.004297784599656559,-0.0044506287947513115
0.0064626032830918945,-0.0013652276243513173,-0.0016249246052175588,0.008087527888309453,0.0079346836932147
0.006083146476768109,-0.0015788165944199406,-0.0018552306238243258,0.007938377100592434,0.0077855329054976816
-0.0006718326320500623,0.005228047221710774,0.00548438857181045,-0.006156221203860513,-0.0063090653989552655
0.013781507476037236,-0.0019536804841114863,-0.002259434127060323,0.016040941603097558,0.015888097408002805
-0.01923076679842295,-0.0023758642617150993,-0.002714661121736189,-0.01651610567668676,-0.016668949871781514
0.005070981031682242,-4.1384533048027805e-05,-0.0001974677870111762,0.005268448818693419,0.005115604623598666
0.012781738108518237,0.004201041336424849,0.004377001629264086,0.00840473647925415,0.008251892284159398
-0.011956180772304426,0.0029816787577114923,0.003062202739362011,-0.015018383511666436,-0.015171227706761188
-0.0020167887711725063,-0.0001463852229309781,-0.00031068660552103025,-0.0017061021656514762,-0.0018589463607462287
-0.01987201555995588,-0.0022230136296667036,-0.0025498472715767737,-0.017322168288379108,-0.01747501248347386
-0.03161512248225884,-0.02452206896667508,-0.02659419118928177,-0.005020931292977069,-0.005173775488071821
0.01490418991290099,0.01467705274849096,0.015672942980621492,-0.0007687530677205033,-0.0009215972628152554
-0.0010489750435439538,-0.014830674258895948,-0.016144276433954302,0.015095301390410348,0.014942457195315596
0.001050076547636225,-0.0005876766502063147,-0.000786516755497536,0.001836593303133761,0.0016837491080390083
0.028671317618425896,0.010109273363029914,0.01074765548191962,0.017923662136506275,0.017770817941411523
-0.010537031445903233,-0.0037722947474507773,-0.004220386559372645,-0.006316644886530588,-0.006469489081625341
0.003435193130347791,-1.8603060785604697e-05,-0.00017290326866046987,0.003608096399008261,0.0034552522039135083
-0.02601843017301564,0.0002991382171499968,0.00016970678580471862,-0.026188136958820357,-0.02634098115391511
0.008435844101305046,0.010917162352442444,0.011618775823799004,-0.0031829317224939587,-0.0033357759175887108
0.025444389287123004,0.006499784427785649,0.006855661313802214,0.01858872797332079,0.018435883778226036
-0.010197118840332031,-0.00573677446354337,-0.006338620950884889,-0.0038584978894471425,-0.004011342084541895
-0.02197806588435247,-0.008587762798917709,-0.009412748666391175,-0.012565317217961296,-0.012718161413056048
0.022120824376451464,0.006444170055012188,0.006795694149923606,0.015325130226527858,0.015172286031433106
0.016145630487804263,0.005296554012835575,0.005558257209813663,0.0105873732779906,0.010434529082895848
-0.01994591460816919,-0.009321411497187015,-0.010203818124238907,-0.009742096483930283,-0.009894940679025035
0.008968617831479397,0.007967969231286176,0.008438757091475227,0.0005298607400041708,0.0003770165449094188
-0.015042753301115153,-0.0032606955294726125,-0.0036687458123011493,-0.011374007488814003,-0.011526851683908755
0.002082657910561503,-0.0049555622707156965,-0.005496265328497655,0.0075789232390591574,0.0074260790439644045
0.020436377834720076,0.0042966906501935576,0.004480137163975749,0.015956240670744328,0.015803396475649573
-0.007467729809619961,0.00048155976529717925,0.00036640599011457647,-0.007834135799734538,-0.00798697999482929
-0.017099863334946952,-0.0032534833570118105,-0.0036609691620161696,-0.013438894172930782,-0.013591738368025534
0.0017397753934371707,0.004605905039596125,0.00481355295270467,-0.0030737775592674993,-0.003226621754362252
-0.02014594694722205,-0.012446471596532338,-0.013573468481913521,-0.0065724784653085275,-0.0067253226604032795
0.004253840592977953,0.001146589037580359,0.0010834853594625642,0.003170355233515389,0.003017511038420636
-0.004941736322819024,-0.0030992637479612117,-0.0034946791886148083,-0.0014470571342042153,-0.0015999013292989678
0.012770439736884631,0.00020160447857309194,6.4539337297133e-05,0.012705900399587498,0.012553056204492746
0.01751313531914045,-0.003037994040303138,-0.003428614061621603,0.020941749380762053,0.0207889051856673
-0.001721144178095546,0.006160403318245855,0.006489717734864853,-0.008210861912960398,-0.008363706108055152
0.0103448012779499,0.0021919710189710617,0.0022106866469634775,0.008134114630986422,0.00798127043589167
-0.005119441038774597,-0.0013757239543792377,-0.0016362424554695466,-0.0034831985833050504,-0.003636042778399803
0.015437419170784228,-8.414160005176807e-05,-0.00024357133751647808,0.015680990508300706,0.015528146313205954
0.00506755461476871,0.004749839541692946,0.004968752830804254,9.880178396445578e-05,-5.4042411130297147e-05
-0.007394934902671957,-0.0037977277864983394,-0.00424781017568688,-0.0031471247269850766,-0.0032999689220798295
-0.011175073350245146,-0.0017404116452881535,-0.0020294732955318533,-0.009145600054713293,-0.009298444249808045
-0.06506854370669679,-0.0029867267366989747,-0.003373334200615739,-0.06169520950608105,-0.061848053701175805
0.009157509413429521,-0.0031082993435224138,-0.0035044219765442263,0.012661931389973747,0.012509087194878995
-0.003629708780048757,-0.00012227640782913607,-0.0002846908566878952,-0.0033450179233608618,-0.0034978621184556147
-0.0018215352648254246,-0.006786883476427641,-0.007470919242237464,0.005649383977412039,0.005496539782317286
-0.0036496490095604406,-0.00652550029741239,-0.0071890782872928265,0.003539429277732386,0.003386585082637633
0.01465207095448906,-0.004423400838946101,-0.004922453017086839,0.0195745239715759,0.019421679776481147
0.010830297068508576,-0.0016661307322337615,-0.0019493786102185806,0.012779675678727157,0.012626831483632405
0.048214299338204425,0.022223543967337278,0.023810078276067816,0.02440422106213661,0.024251376867041857
0.01362860692781509,0.0037719744542996647,0.003914352807527076,0.009714254120288014,0.009561409925193262
0.021848726673286523,0.011077020753253342,0.011791145922403693,0.01005758075088283,0.009904736555788078
0.016447368627440007,0.0019507459501284519,0.0019505815246089124,0.014496787102831095,0.014343942907736341
0.02265374665311226,-0.0013979503036608554,-0.0016602084028195813,0.02431395505593184,0.02416111086083709
0.03006325456084169,-0.00011550278622274313,-0.00027738708148257484,0.030340641642324265,0.030187797447229513
0.012288833648373076,0.007480797417763307,0.007913455617743497,0.00437537803062958,0.004222533835534828
-0.004552398252069878,-0.0015822634216101639,-0.001858947225139229,-0.002693451026930649,-0.002846295222025402
-0.010670685434822635,0.004676369608375142,0.004889532598484711,-0.015560218033307347,-0.0157130622284021
0.009244968567247991,-0.002386798421690206,-0.002726451069737096,0.011971419636985087,0.011818575441890335
0.006106893524868706,0.0074614006258433285,0.007892540689789123,-0.0017856471649204172,-0.0019384913600151692
-0.007587253238585334,0.002165432272904111,0.0021820707828412254,-0.00976932402142656,-0.009922168216521312
0.001529028620611328,0.0008080244329033981,0.0007184221910823199,0.000810606429529008,0.0006577622344342554
-0.01068697630904103,0.003914386891670674,0.00406791149288646,-0.014754887801927491,-0.014907731997022243
-0.009259353013245764,-0.005254535631502799,-0.005818638550159053,-0.0034407144630867106,-0.0035935586581814635
-0.0031152174104217556,0.0013352930642269722,0.001286958755387849,-0.004402176165809605,-0.0045550203609043575
-0.02499997615814209,-0.0026534040390964186,-0.0030139232096294158,-0.021986052948512674,-0.022138897143607426
-0.014423101023573692,-0.0035155289737457407,-0.003943524401942447,-0.010479576621631246,-0.010632420816725998
0.0,0.00039700650631591117,0.00027523496929853777,-0.00027523496929853777,-0.0004280791643932904
0.037398361578220296,0.005821305253253195,0.006124079353629029,0.03127428222459127,0.031121438029496514
0.006269556676566257,0.0034108883546988267,0.0035250054458791542,0.0027445512306871027,0.00259170703559235
0.02024926968152152,0.013163241364864575,0.014040649550054452,0.006208620131467068,0.006055775936372316
0.013740481311128372,0.0021593430473272335,0.0021755049695477836,0.011564976341580588,0.011412132146485836
-0.0015060010816734248,0.005938984786955759,0.006250969355813274,-0.007756970437486699,-0.007909814632581452
-0.003016660157324269,-0.0011374349205595102,-0.0013793031638991878,-0.0016373569934250813,-0.001790201188519834
-0.003025672509213262,0.006539774750587091,0.006898781574292447,-0.009924454083505709,-0.01007729827860046
-0.024279187209013564,-0.00811717185395111,-0.008905325802313352,-0.015373861406700213,-0.015526705601794965
0.017107284944227086,0.0038832279549072535,0.004034313827858637,0.013072971116368449,0.012920126921273697
0.001529028620611328,-0.0017506226204834219,-0.0020404834569767967,0.0035695120775881247,0.0034166678824933717
0.016793869833909847,0.001975120701520394,0.001976864023868141,0.014817005810041705,0.014664161614946953
-0.024024001663345507,0.0036375121488696482,0.003769366490086037,-0.027793368153431544,-0.027946212348526296
-0.01692305344801681,-0.0024573614565177593,-0.002802536888245061,-0.014120516559771751,-0.014273360754866503
-0.010954628266416577,-0.0018629737285675851,-0.002161627991643586,-0.008793000274772991,-0.008945844469867743
0.00949364662781682,0.0012517152775348706,0.0011968395545188188,0.008296807073298003,0.008143962878203249
0.0015674340127620479,0.0022483727122095676,0.002271502752815138,-0.00070406874005309,-0.0008569129351478424
-0.00782472594773731,-0.008356529175972627,-0.009163416994201408,0.0013386910464640977,0.0011858468513693456
0.00788643514142362,-0.000293304709629405,-0.00046910509513869807,0.008355540236562318,0.008202696041467566
-0.014084530585095734,-0.004637050227782158,-0.005152824183279515,-0.008931706401816219,-0.009084550596910972
0.01746029324001741,0.008486575281279274,0.008997953076927651,0.00846234016308976,0.008309495967995007
0.01872082068958547,0.005722273788525856,0.006017296955873086,0.012703523733712386,0.012550679538617632
-0.016845421931201754,-0.0007706704833204681,-0.00098383303601788,-0.015861588895183874,-0.016014433090278626
-0.006230494239806816,0.0035169592193697863,0.0036393781989510813,-0.009869872438757898,-0.01002271663385265
-0.01724135559992479,-0.0035485942758867184,-0.003979177638566378,-0.013262177961358413,-0.013415022156453165
0.020733639892217548,0.0,-0.00015284419509475262,0.0208864840873123,0.020733639892217548
-0.0015624761581420898,0.0028296382793233654,0.00289826245146518,-0.00446073860960727,-0.004613582804702022
0.00782472594773731,-0.0021448089967596173,-0.002465521767148113,0.010290247714885422,0.01013740351979067
0.012422288872800724,0.0018498402425362048,0.0018417781919143328,0.010580510680886392,0.010427666485791638
-0.007668712015384216,-0.0029675026899970147,-0.003352605538194564,-0.0043161064771896525,-0.0044689506722844045
-0.044822223307082076,0.0017637540575008437,0.001748954266942132,-0.04657117757402421,-0.04672402176911896
-0.009708713293337445,-0.003609308355419394,-0.004044643649877976,-0.00566406964345947,-0.0058169138385542225
0.008169934538673873,0.003366237154707852,0.0034768595135651775,0.004693075025108696,0.004540230830013943
0.012965951817963006,-0.002690124758069401,-0.0030535179629742554,0.01601946978093726,0.01586662558584251
0.027199951171875014,0.006564593637664151,0.0069255429705720965,0.02027440820130292,0.020121564006208164
0.018691660976310587,0.008026090549617448,0.008501427412965851,0.010190233563344735,0.010037389368249983
-0.00611623113985138,-0.0007353844075136395,-0.000945785211597376,-0.005170445928254004,-0.005323290123348757
-0.012307739257812478,-0.000866463892926328,-0.001087123944569968,-0.01122061531324251,-0.011373459508337262
-0.0202491508435948,-0.006009543517695892,-0.00663273892355369,-0.013616411920041108,-0.013769256115135861
0.05882347946716493,-0.0008899054071440649,-0.001112400164628833,0.05993587963179376,0.05978303543669901
-0.01801797260864013,0.00029836348965073256,0.0001688714224158536,-0.018186844031055985,-0.018339688226150737
-0.0030581738986287244,0.0005703094032936118,0.00046210182952605573,-0.00352027572815478,-0.0036731199232495327
0.05368098410768951,0.007264758098647794,0.007680507467696118,0.04600047663999339,0.04584763244489864
0.023289755088650832,-0.002115356985885164,-0.002433764624622077,0.02572351971327291,0.025570675518178158
0.015647203789041608,0.00022682918569594257,9.173831609327122e-05,0.015555465472948338,0.015402621277853584
0.0,0.0006933223855400961,0.0005947427152844844,-0.0005947427152844844,-0.000747586910379237
0.023249243658813867,0.005752546449780516,0.006049938978932385,0.017199304679881483,0.01704646048478673
0.001916224942878797,0.003566050102845164,0.0036923112971324647,-0.0017760863542536677,-0.0019289305493484202
0.004098402517283439,0.005245845097992419,0.005503579441192724,-0.0014051769239092843,-0.0015580211190040372
-0.0027210469148597483,0.004007335176634763,0.004168134596352566,-0.006889181511212314,-0.007042025706307067
0.025920788777358927,0.004992308919898214,0.0052301996513520205,0.02069058912600691,0.020537744930912153
0.0013298684517826231,-0.0008641180363413437,-0.001084594483942218,0.0024144629357248414,0.0022616187406300885
0.006640105972589794,0.0016785565287558146,0.0016570885510575567,0.004983017421532237,0.004830173226437484
0.005276964121113004,0.006048066160828425,0.006368588242746895,-0.0010916241216338916,-0.0012444683167286445
-0.009186312024627163,-0.001082200145408052,-0.0013197453077529399,-0.007866566716874223,-0.008019410911968977
-0.005298033455349738,0.00041898672168572126,0.0002989355184809877,-0.005596968973830725,-0.005749813168925478
0.011984041866379469,0.0014933641914423035,0.0014574016951798727,0.010526640171199596,0.010373795976104844
0.009210486161081333,0.0010179830611165563,0.0009448137304973709,0.008265672430583963,0.008112828235489209
-0.03650580878448717,-0.0025783763780462543,-0.00293302333031313,-0.03357278545417404,-0.03372562964926879
0.010825377616306753,0.013673854659866258,0.014591227208543734,-0.0037658495922369816,-0.003918693787331734
-0.013386881403661621,-0.005859880503598425,-0.006471362177842515,-0.006915519225819107,-0.00706836342091386
-0.004070494366152588,0.0005038772720600271,0.0003904702296028315,-0.00446096459575542,-0.004613808790850172
0.0068119889592062055,-0.0032772408480052917,-0.0036865860895243497,0.010498575048730556,0.010345730853635802
-0.0027064218336542156,-0.0029133737680216987,-0.003294240087452392,0.0005878182537981764,0.00043497405870342393
0.0,-0.002284215165048731,-0.0026158388906286716,0.0026158388906286716,0.002462994695533919
-0.009497923707293743,0.0007998953585612867,0.0007096568754104076,-0.01020758058270415,-0.010360424777798903
0.006849315068493178,0.003268670195698986,0.003371656244549544,0.003477658823943634,0.0033248146288488815
0.0027210469148597483,0.0003666328125562224,0.00024248400618500415,0.002478562908674744,0.0023257187135799916
0.006784260796525388,-0.0033790271755046453,-0.00379633896593669,0.010580599762462077,0.010427755567367325
0.017520257482821933,0.008374752796581397,0.00887737853961325,0.008642878943208683,0.00849003474811393
0.005298033455349849,-0.0016267102694209612,-0.0019068728111638108,0.00720490626651366,0.007052062071418907
-0.01581033667341314,-0.0013143147950017697,-0.0015700269622365903,-0.014240309711176548,-0.014393153906271302
0.008032210549236751,-0.0020098935338483948,-0.002320046824778244,0.010352257374014996,0.010199413178920242
-0.013280211945179365,-0.012407972940626899,-0.013531956637175262,0.0002517446919958963,9.890049690114422e-05
0.0013458744281804602,0.0018898864360001877,0.0018849586959173391,-0.0005390842677368789,-0.0006919284628316316
0.008064495454511489,-0.001060269661328106,-0.0012960983821979884,0.009360593836709476,0.009207749641614724
-0.00666666666666671,-0.0008439958489141475,-0.0010628973856766674,-0.005603769280990042,-0.005756613476084795
0.01744970539272228,-0.001019587452981141,-0.0012522320840950938,0.018701937476817376,0.018549093281722624
-0.002638582712195303,0.007251474353500598,0.007666184038653622,-0.010304766750848925,-0.010457610945943678
0.003968294415515272,0.001085324742930105,0.001017426069139105,0.002950868346376167,0.0027980241512814146
0.005270112224471157,0.002935109936855751,0.0030119890990272513,0.002258123125443906,0.0021052789303491535
-0.005242483746790483,-0.002255047489714501,-0.0025843883378399066,-0.002658095408950576,-0.0028109396040453287
-0.006587615150831283,-0.0016421255420062675,-0.0019234945967069466,-0.004664120554124337,-0.0048169647492190895
0.0,0.0005595225490382383,0.0004504707164772482,-0.0004504707164772482,-0.0006033149115720008
-0.017241419435669703,-0.0030548611983906016,-0.0034468013679374984,-0.013794618067732203,-0.013947462262826957
0.017543901194705613,0.001929509405943275,0.0019276828518043972,0.015616218342901216,0.015463374147806463
-0.005305059917560029,-0.0008271302020167459,-0.001044711708827717,-0.0042603482087323116,-0.0044131924038270645
-0.0053333536783853885,0.0006876864837839225,0.0005886657062783256,-0.005922019384663714,-0.006074863579758467
-0.005361950858721154,-0.001433879303282093,-0.0016989494710153439,-0.00366300138770581,-0.003815845582800563
-0.013477089503083683,-0.003759951034546627,-0.004207076736431571,-0.009270012766652113,-0.009422856961746866
-0.012294999098439008,-0.006814694227374907,-0.007500906667726108,-0.0047940924307129,-0.004946936625807653
0.012448047835351916,0.008613348940219367,0.009134648977681912,0.003313398857670005,0.003160554662575253
-0.00409829829057784,-0.0029033798625895946,-0.0032834639852516983,-0.0008148343053261415,-0.000967678500420894
-0.008230431571501384,-0.0017163507793208632,-0.002003529248686282,-0.006226902322815102,-0.006379746517909854
0.006915629030362025,0.007557263417987681,0.007995906411269032,-0.0010802773809070066,-0.0012331215760017587
0.002747210712340298,-0.0030350729326357184,-0.003425464326517824,0.006172675038858122,0.006019830843763369
0.013698630136986356,0.01084006896297951,0.01153564853692457,0.0021629816000617863,0.0020101374049670342
0.021621601001636348,0.006090687476747014,0.006414545417285626,0.015207055584350721,0.015054211389255969
0.00793648791311119,-0.00048570348354270987,-0.000676562416509555,0.008613050329620744,0.008460206134525992
0.0,0.0005529198041311911,0.00044335119204239753,-0.00044335119204239753,-0.0005961953871371501
-0.011810943996437229,-0.0019131470681601481,-0.0022157282669436444,-0.009595215729493584,-0.009748059924588336
-0.01195221101465671,0.0017322905115801923,0.001715028151797196,-0.013667239166453907,-0.01382008336154866
0.0026881309696293876,0.0011890499458222514,0.0011292695716364216,0.001558861397992966,0.0014060172028982133
-0.01206436386444587,-0.0012713605313821041,-0.0015237107810533938,-0.010540653083392477,-0.01069349727848723
-0.11723201828239027,0.0005821026438950216,0.00047481809614089896,-0.11770683637853117,-0.11785968057362592
0.05748548468351489,0.0040886954080285864,0.004255862679685786,0.0532296220038291,0.05307677780873435
-0.013081416947058,3.744597299082386e-05,-0.00011246742400211434,-0.012968949523055886,-0.013121793718150638
0.022091310254658936,-0.0010252486299153762,-0.0012583363465012156,0.02334964660116015,0.0231968024060654
0.018731922100585496,0.0011306013658478609,0.001066246374592135,0.01766567572599336,0.01751283153089861
-0.02121640827082516,-0.002162809124616749,-0.0024849307178062712,-0.018731477553018887,-0.018884321748113643
0.004335304407342644,-0.0014784413679722608,-0.0017469992916422819,0.006082303698984926,0.005929459503890173
0.01870507988140746,0.004776513648450997,0.0049975146499439075,0.013707565231463553,0.013554721036368799
0.0028248155313777,-0.0006868970151433507,-0.0008935028381871874,0.0037183183695648873,0.003565474174470135
-0.02535215565856075,-0.018178214414433458,-0.019753819778352763,-0.005598335880207986,-0.005751180075302738
-0.01445086768931425,0.003686818283279214,0.0038225316863277196,-0.01827339937564197,-0.018426243570736724
0.016129122474161317,0.006767499942466504,0.007144330219718094,0.008984792254443222,0.00883194805934847
0.04329004138368364,0.005160131149745784,0.005411156887006491,0.03787888449667715,0.0377260403015824
-0.016597572987343656,0.001837871992654172,0.0018288732185014437,-0.0184264462058451,-0.018579290400939853
-0.0028128966601170813,0.002489126548973042,0.0025310997609915655,-0.005343996421108646,-0.005496840616203399
0.028208744103764172,0.00444194837709877,0.004636763832219246,0.023571980271544925,0.023419136076450173
0.009602152724148993,0.00031054999597146526,0.0001820117346265095,0.009420140989522484,0.009267296794427731
-0.002717349896583343,-0.0012046245861250249,-0.0014517515883798256,-0.0012655983082035176,-0.0014184425032982703
-0.0027248579493039937,-0.000459968801852062,-0.0006488135487736352,-0.0020760444005303584,-0.002228888595625111
0.020491804133005775,0.007571112611303388,0.008010839544625267,0.012480964588380508,0.012328120393285756
0.008032210549236751,0.0037077313104922904,0.0038450815213351692,0.004187129027901582,0.0040342848328068295
-0.010624210084134056,-0.001217665183814387,-0.0014658128394506307,-0.009158397244683425,-0.009311241439778177
0.012080557394347657,-0.0027790399654609166,-0.003149392330463156,0.015229949724810813,0.015077105529716061
-0.010610119835120058,0.0015682572275503848,0.0015381564128129199,-0.012148276247932977,-0.01230112044302773
-0.009383337299732175,0.00026720472849017796,0.00013527394673487189,-0.009518611246467046,-0.0096714554415618
-0.033829498624902365,-0.0008299892344156845,-0.0010477945101945467,-0.03278170411470782,-0.032934548309802573
0.0042016164699176795,-0.000978763178264619,-0.0012082126004604736,0.005409829070378153,0.005256984875283401
0.01255232307092835,0.004511505177332342,0.004711764660790466,0.007840558410137885,0.007687714215043132
-0.028925599425042137,-0.0009958307964025304,-0.0012266160563092477,-0.027698983368732888,-0.02785182756382764
0.01134756101784129,-0.0022395981461527104,-0.0025677298146743097,0.0139152908325156,0.013762446637420846
0.009817628587393656,0.0002836393681004967,0.0001529948824867205,0.009664633704906936,0.009511789509812183
-0.001388867696126339,0.008347228657875183,0.008847700158754107,-0.010236567854880446,-0.010389412049975198
-0.005563303440750733,-0.0066966373620162,-0.007373609801126568,0.0018103063603758345,0.0016574621652810815
-0.006993006993006978,-0.0005826443900691647,-0.0007810906335568374,-0.006211916359450141,-0.006364760554544893
0.011267648616307246,-0.00045578207221763645,-0.0006442991347906579,0.011911947751097905,0.011759103556003151
0.0027854726983509437,0.0015609155178168965,0.0015302400867126397,0.001255232611638304,0.0011023884165435513
-0.002777735392252567,0.000315801794623205,0.00018767457778558257,-0.0029654099700381496,-0.003118254165132902
-0.016713154967022525,-0.00807282488613359,-0.00885750791362718,-0.007855647053395346,-0.008008491248490098
0.005665744115072924,0.008808066374833778,0.009344606435246133,-0.003678862320173209,-0.003831706515267961
-0.014084507042253502,-0.008600023246820632,-0.009425968707397744,-0.004658538334855758,-0.00481138252995051
-0.01714281354631697,0.0015332318107057485,0.0015003896484479863,-0.018643203194764958,-0.01879604738985971
0.011627839925551386,0.002310833849555216,0.0023388525595729724,0.009288987365978415,0.00913614317088366
-0.005747148486326958,0.001453279024245635,0.001414179167072334,-0.0071613276533992925,-0.007314171848494045
-0.033236929534600335,-0.009368823820586791,-0.010254941285849691,-0.022981988248750643,-0.023134832443845395
0.02242152415227916,0.006403125486305727,0.006751437130466188,0.01567008702181297,0.015517242826718219
0.005847975394087879,0.0009277662125786179,0.0008475358458231447,0.005000439548264734,0.004847595353169982
0.02034874759280414,-0.0007826806116978391,-0.0009967831656461084,0.02134553075845025,0.021192686563355496
0.0,0.007305607635895495,0.00772455419109398,-0.00772455419109398,-0.007877398386188733
-0.0028489595005202206,0.0018745843139260643,0.0018684589168791526,-0.004717418417399373,-0.004870262612494126
-0.02285712105887272,0.004673503078699293,0.004886441713048769,-0.02774356277192149,-0.027896406967016243
0.005847975394087879,-5.291283677333336e-05,-0.00020989838083543432,0.006057873774923313,0.00590502957982856
-0.004360509279805136,0.0005978573436131729,0.0004918058748884008,-0.004852315154693537,-0.005005159349788289
0.008759101811986802,0.005372639356088893,0.005640297553345312,0.0031188042586414904,0.0029659600635467374
-0.008683046126922833,-0.00015365928181010347,-0.00031852998591199485,-0.008364516141010839,-0.008517360336105591
-0.013138708406991384,-0.00036787164783502746,-0.0005495081920416711,-0.012589200214949713,-0.012742044410044465
-0.0014792674020455143,-0.0010637348279797232,-0.0012998347583558327,-0.00017943264368968162,-0.0003322768387844343
0.007407407407407307,0.002923171678338221,0.0029991164643243112,0.004408290943082996,0.004255446747988244
-0.010294072768267437,0.0002826639480466575,0.00015194311886336143,-0.010446015887130799,-0.010598860082225551
0.03120354203410769,-0.0009726882691745153,-0.0012016622241676797,0.032405204258275366,0.032252360063180614
0.0014409001717932135,-0.001341115577770502,-0.0015989253719860658,0.0030398255437792793,0.002886981348684527
-0.007194244604316502,-0.0007281456077897763,-0.0009379798500032867,-0.006256264754313215,-0.006409108949407968
0.007246376811594235,0.0024491149692504877,0.002487956579856753,0.004758420231737483,0.00460557603664273
-0.014388489208633115,0.0004926487188865458,0.0003783628470199762,-0.014766852055653092,-0.014919696250747844
-0.014598540145985384,-0.002183654185644257,-0.0025074072670930535,-0.01209113287889233,-0.012243977073987083
0.007407407407407307,0.0018891035295691694,0.0018841145134531813,0.005523292893954126,0.005370448698859373
0.0014705657958984375,0.001647199789928111,0.001623277602516626,-0.0001527118066181885,-0.0003055560017129412
-0.008810550478192791,-0.0024144327873969473,-0.00275624830477502,-0.006054302173417771,-0.006207146368512524
-0.0044444896556713465,-0.00036360867105078576,-0.000544911563244424,-0.0038995780924269224,-0.004052422287521675
-0.02529757478339667,-0.014474441722801767,-0.015760162511499958,-0.009537412271896712,-0.009690256466991464
0.009160282047650181,0.0012755699762128092,0.0012225612979019861,0.007937720749748195,0.007784876554653443
0.022692890085122652,0.010043754544535322,0.010677008677328256,0.012015881407794396,0.011863037212699644
-0.01479289974219189,-0.0004988078808476626,-0.0006906924606245449,-0.014102207281567344,-0.014255051476662096
0.007507507679512804,0.0014201029158569245,0.0013784064516862557,0.006129101227826548,0.005976257032731795
-0.02533527551267889,-0.015436952160958639,-0.016798006117413427,-0.008537269395265463,-0.008690113590360215
0.0,-0.0018353673110713675,-0.002131860892249327,0.002131860892249327,0.0019790166971545746
-0.004587202519240052,0.001162651069903653,0.0011008045249322163,-0.005688007044172268,-0.005840851239267021
0.006144416824186427,0.00994077978775465,0.010565974356391472,-0.004421557532205045,-0.004574401727299797
-0.003053388522781475,-0.0034535927149730306,-0.0038767405546269304,0.0008233520318454554,0.0006705078367507029
0.0015313701293679927,-0.0020744620703185834,-0.002389668971263324,0.003921039100631317,0.003768194905536564
-0.001529028620611328,0.0016728693563305974,0.0016509562585615483,-0.0031799848791728763,-0.003332829074267629
0.0,0.00048707205438569545,0.00037234971161376163,-0.00037234971161376163,-0.0005251939067085142
-0.001531486965419604,0.000842821736810162,0.000755942988707973,-0.002287429954127577,-0.0024402741492223295
0.004601274015334056,0.004615148933961866,0.004823520342439782,-0.00022224632710572591,-0.00037509052220047884
0.0,0.005720976220730423,0.006015897830849249,-0.006015897830849249,-0.006168742025944002
0.0,0.001982540682532896,0.0019848647473351727,-0.0019848647473351727,-0.002137708942429925
-0.01526717557251911,-0.007550806889900619,-0.008294632937850708,-0.006972542634668401,-0.007125386829763153
0.010852665864220068,0.0031287267736885838,0.003220759817907909,0.007631906046312159,0.007479061851217406
-0.012269869015459345,-0.00017843612323464875,-0.00034524604573617446,-0.01192462296972317,-0.012077467164817923
-0.00931680550624292,-0.001488850703918465,-0.0017582233390139245,-0.007558582167228996,-0.007711426362323748
0.015674041170150588,0.01083929931877714,0.011534818654688916,0.004139222515461671,0.003986378320366919
0.003086372512705715,0.0033639480109453057,0.003474391204523746,-0.00038801869181803077,-0.0005408628869127833
-0.004615431565504813,0.0007571207193879381,0.0006635343774078662,-0.0052789659429126785,-0.0054318101380074315
0.00309126100572632,-0.0011007176162897148,-0.0013397120925173979,0.004430973098243718,0.004278128903148965
0.010785777069097113,0.0018471814878802117,0.0018389113435041493,0.008946865725592964,0.00879402153049821
0.009146318415812038,0.0014559207541648966,0.0014170276582642905,0.007729290757547747,0.0075764465624529945
-0.0015105510382316112,0.0011101954279371107,0.0010442433174368342,-0.002554794355668445,-0.002707638550763198
-0.01815426589929503,0.0006343478158390425,0.0005311523606770666,-0.018685418259972098,-0.01883826245506685
-0.013867511628948614,-0.0030459176984141134,-0.003437157883672684,-0.010430353745275931,-0.010583197940370683
0.02031254768371582,0.0006477937229520947,0.0005456506436772071,0.019766897040038613,0.01961405284494386
0.0030627402587357633,-0.002222050282888466,-0.0025488085261726346,0.005611548784908398,0.005458704589813646
-0.01526717557251911,7.216672978804795e-05,-7.502916462751563e-05,-0.015192146407891594,-0.015344990602986346
0.02635654183321212,0.004085143947080816,0.00425203325520354,0.02210450857800858,0.02195166438291383
-0.015105740877629392,0.001204615596159142,0.0011460535046033842,-0.016251794382232777,-0.01640463857732753
-0.007668712015384216,0.0037051100814438076,0.0038422551355633823,-0.011510967150947599,-0.01166381134604235
0.02472961636761095,0.003874003457017716,0.004024367352711052,0.0207052490148999,0.020552404819805147
-0.02865763858857817,0.0021588381272976687,0.002174960530751686,-0.030832599119329857,-0.03098544331442461
0.010869517572307696,0.0012467201713795006,0.0011914534945046157,0.00967806407780308,0.009525219882708328
0.009216566638778234,0.005646787369921524,0.005935902413251986,0.003280664225526248,0.003127820030431495
0.007610350429603452,-0.0010736344069645076,-0.0013105091514255516,0.008920859581029004,0.00876801538593425
-0.010573972515277807,-0.0018044339160793177,-0.0020985064215558237,-0.008475466093721984,-0.008628310288816736
0.009160282047650181,0.002322412261707374,0.0023513371836792404,0.006808944863970941,0.006656100668876189
-0.009077132949647515,0.0018035072962026,0.001791818887381963,-0.010868951837029479,-0.01102179603212423
0.018320564095300584,-0.0016867529508860502,-0.0019716148758418517,0.020292178971142435,0.020139334776047683
-0.02248875665112804,0.0008781073155288421,0.0007939902771345427,-0.02328274692826258,-0.023435591123357333
-0.02300607753852313,0.0017507533144689447,0.0017349359898483087,-0.024741013528371436,-0.02489385772346619
-0.012558857574237026,0.0006725789853143649,0.0005723757835238229,-0.013131233357760848,-0.013284077552855602
0.0015898008218639958,0.0007423349056041584,0.0006475913167558611,0.0009422095051081347,0.0007893653100133821
-0.014285738506014334,0.00032799789456050554,0.00020082523448001525,-0.014486563740494349,-0.014639407935589101
0.003220624281058626,0.0051168427389869375,0.00536448040586385,-0.002143856124805224,-0.0022967003198999768
-0.003210285158727233,-0.003972484039719171,-0.0044362441425391695,0.0012259589838119365,0.0010731147887171836
0.004830967135737163,0.001617908278173541,0.0015916935209556683,0.003239273614781495,0.003086429419686742
-0.0320512812675261,-0.004663049754275228,-0.005180858624525973,-0.026870422643000127,-0.02702326683809488
-0.02483443645870298,0.001270946219078306,0.0012175756514226294,-0.02605201211012561,-0.02620485630522036
-0.04753825092054664,0.008073022498049642,0.008552032601920148,-0.05609028352246679,-0.05624312771756154
0.0017825720416817514,-0.003192470570786421,-0.003595181065022394,0.005377753106704145,0.0052249089116093925
0.010676129287826575,0.0009444586571358826,0.0008655347642390286,0.009810594523587545,0.009657750328492793
0.015845097499432415,0.0015921101716727115,0.001563876264316009,0.014281221235116406,0.014128377040021654
-0.0069324353655091375,0.00018996581088659426,5.198974161387595e-05,-0.006984425107123013,-0.007137269302217766
0.01570683312150556,0.0030970753849743904,0.0031866311580066088,0.01252020196349895,0.012367357768404197
0.008591065179476498,0.0012712512404724485,0.0012179045460413557,0.007373160633435142,0.007220316438340389
-0.017035774906349888,-0.00018910292286977715,-0.00035674770780446037,-0.016679027198545426,-0.01683187139364018
0.00866551115058467,0.001443655000098465,0.0014038018957947115,0.007261709254789959,0.007108865059695206
-0.015463943540908187,-0.003761887644002093,-0.004209164919230249,-0.011254778621677938,-0.01140762281677269
-0.0024432703579844173,-0.0008976438525517549,-0.0011207442778640732,-0.001322526080120344,-0.0014753702752150965
0.004198769753454901,0.0009836343625724275,0.0009077766493995936,0.003290993104055307,0.0031381489089605547
-0.005226533863811111,-0.0023096092988857952,-0.002643220556723614,-0.002583313307087497,-0.0027361575021822497
0.019264488935440305,-0.005525675723266343,-0.006111000065824738,0.025375489001265045,0.02522264480617029
0.025773195538429716,0.008196058063241196,0.008684697838131533,0.01708849770029818,0.01693565350520343
0.002680064411513916,-0.0026259630899742037,-0.0029843345293848423,0.005664398940898758,0.0055115547458040055
0.012362142603145276,0.0012756828808564435,0.001222683039295979,0.011139459563849298,0.010986615368754544
0.023102335992248646,0.006541139295859866,0.006900252918945125,0.016202083073303522,0.01604923887820877
-0.016129032258064502,-0.0007502611166068096,-0.0009618262816962594,-0.015167205976368243,-0.015320050171462995
0.008196721311475308,0.0020560951489239088,0.0020641761289098707,0.006132545182565437,0.005979700987470684
-0.001625991449123454,-0.0003842577408796899,-0.0005671767816154855,-0.0010588146675079685,-0.001211658862602721
0.021172625484587648,0.00984851271879017,0.010466485785914737,0.010706139698672911,0.010553295503578159
0.009569353537803194,-0.000369225702197995,-0.0005509682246885441,0.010120321762491738,0.009967477567396986
-0.01895735825280842,0.008190950433802913,0.008679190447932162,-0.02763654870074058,-0.027789392895835333
0.004830967135737163,-0.002024530803113933,-0.0023358297147221315,0.007166796850459295,0.0070139526553645425
-0.00320514035334607,-0.0010521566439205543,-0.0012873503801947937,-0.0019177899731512762,-0.002070634168246029
-0.02733120164127656,-0.0037393815604747083,-0.004184897343568649,-0.02314630429770791,-0.023299148492802662
-0.031404983898824845,-0.00011410565998426492,-0.0002758806058374533,-0.031129103292987393,-0.03128194748808214
-0.005119441038774597,0.0029323579853828274,0.00300902175952969,-0.008128462798304287,-0.008281306993399039
0.024013748614064134,0.005506306319651655,0.005784426279596976,0.018229322334467158,0.018076478139372406
-0.013400322057569691,0.003201957471006933,0.003299722089853729,-0.01670004414742342,-0.016852888342518173
0.010186731045456199,0.001548922064604108,0.001517307937370394,0.008669423108085805,0.008516578912991051
0.005042003984210952,-0.0004729570906678582,-0.0006628183968925233,0.005704822381103475,0.005551978186008723
0.003344494406205767,-0.004070859227173984,-0.00454231889792159,0.007886813304127358,0.007733969109032604
0.0016666412353516513,0.008974343513216354,0.009523897649178733,-0.007857256413827082,-0.008010100608921834
0.03327787106119806,0.005362807225250732,0.005629695887411766,0.027648175173786295,0.027495330978691543
-0.004830905707438382,-0.0032302694598687065,-0.0036359383740234303,-0.0011949673334149518,-0.0013478115285097043
-0.001618098306724991,-0.0008278931807477186,-0.0010455344039030081,-0.0005725639028219829,-0.0007254080979167356
0.014586672610257478,0.0019856558213586784,0.0019882236999072215,0.012598448910350257,0.012445604715255505
0.007987220641973325,-0.0004581666477052604,-0.0006468703447480143,0.008634090986721339,0.008481246791626587
-0.01584786092205892,-0.0010584151831672939,-0.0012940987588950033,-0.014553762163163918,-0.01470660635825867
0.0,0.0007909409391904099,0.0007000016171188424,-0.0007000016171188424,-0.000852845812213595
-0.01288243569593528,0.0018339987251561052,0.0018246968005141658,-0.014707132496449445,-0.014859976691544197
-0.006525248224469982,-0.005183153157965359,-0.005741669157622403,-0.0007835790668475791,-0.000936423261942332
0.029556636978008255,0.008303361477520088,0.008800399609236774,0.020756237368771482,0.02060339317367673
-0.004784676768901597,0.006398818768781567,0.006746793337456021,-0.011531470106357617,-0.011684314301452371
0.003205079220378604,0.004028636080503967,0.00419110266610479,-0.000986023445726186,-0.0011388676408209389
-0.0015974197533317191,0.007033767443369587,0.007431437779615315,-0.009028857532947035,-0.009181701728041787
-0.01920001220703127,0.0016623439316436617,0.0016396070364878865,-0.020839619243519156,-0.02099246343861391
-0.008156606953066858,0.0013029315960912946,0.0012520644400109684,-0.009408671393077828,-0.00956151558817258
-0.13552628235473485,-0.0011122268282528491,-0.001352122100317329,-0.13417416025441753,-0.13432700444951226
-0.012557074394360601,0.007033646478779465,0.00743130734744396,-0.01998838174180456,-0.020141225936899314
0.061656972141832744,0.006749602987881076,0.007125032517433038,0.05453193962439971,0.054379095429304955
-0.016333897206990744,-0.003524487622672101,-0.003953184220825711,-0.012380712986165034,-0.012533557181259786
-0.02029524489546708,0.009415051560751175,0.00999909875981238,-0.030294343655279457,-0.03044718785037421
0.00866295503556569,-0.0016163897301626484,-0.0018957445103639464,0.010558699545929636,0.010405855350834882
0.008215060034117094,0.004385235112838837,0.004575611769499424,0.0036394482646176706,0.0034866040695229177
-0.03148149560998992,0.008066726499347698,0.008545243831911416,-0.040026739441901334,-0.040179583636996086
-0.00573612316322869,0.0021743654797181655,0.002191703168324777,-0.007927826331553468,-0.00808067052664822
0.00884613623985886,-0.0005599757022828333,-0.0007566477270273829,0.009602783966886243,0.00944993977179149
-0.006862383084907719,0.0006026209018938911,0.0004969422643830504,-0.00735932534929077,-0.007512169544385523
0.023032644876861408,0.011841196508761032,0.012615131710200926,0.010417513166660482,0.01026466897156573
-0.0206378703539688,-0.006731974332887192,-0.007411712504034431,-0.01322615784993437,-0.013379002045029124
0.08429114266039472,-0.010898815620283941,-0.0119046815312193,0.09619582419161403,0.09604297999651927
0.007067164958702188,0.0004889853730833948,0.00037441278074814373,0.0066927521779540445,0.0065399079828592915
-0.0024561296429550517,-0.0006480882520516484,-0.000851656614986469,-0.0016044730279685827,-0.0017573172230633352
-0.01688355740710079,-0.02120854792396809,-0.02302132954445803,0.00613777213735724,0.005984927942262488
-0.03577817433643715,-0.04097922480422822,-0.044339405454420285,0.008561231117983133,0.00840838692288838
0.0037105184152204096,0.017440920592313836,0.01865313151218099,-0.014942613096960579,-0.015095457292055331
-0.0018484006828378696,-0.005001588416939429,-0.005545893820480152,0.0036974931376422826,0.0035446489425475297
0.0,-0.03753641975808808,-0.040627141086269275,0.040627141086269275,0.04047429689117452
-0.0018518235948350448,0.014936090208494734,0.015952254623279403,-0.017804078218114448,-0.0179569224132092
0.005565848396432926,0.013914584754042503,0.014850798615862897,-0.009284950219429971,-0.009437794414524723
-0.009225092121066703,0.0026129297463290957,0.0026645927099238063,-0.011889684830990508,-0.012042529026085262
0.0,0.013402458257245842,0.0142985893212426,-0.0142985893212426,-0.014451433516337353
0.005586577891961486,0.012069112762299383,0.012860886371180488,-0.0072743084792190014,-0.0074271526743137535
0.0092592592592593,0.0003734693722488025,0.0002498556454754589,0.009009403613783842,0.008856559418689089
-0.02201836262274226,-0.005841389459353419,-0.006451423888058259,-0.015566938734684,-0.015719782929778756
0.003752359583532483,-0.0054965031281792864,-0.006079544208226994,0.009831903791759477,0.009679059596664725
-0.014953256767486822,0.0009735510790762625,0.0008969041737481636,-0.015850160941234984,-0.01600300513632974
0.02087283601890677,0.01602837635051313,0.01713003113705153,0.0037428048818552405,0.0035899606867604884
0.009293680429191653,0.011757015343810906,0.01252436190624001,-0.0032306814770483566,-0.0033835256721431086
-0.02025779907139169,-0.012706888443829278,-0.013854267472890515,-0.006403531598501176,-0.006556375793595928
-0.0018797422440645084,-0.011095788639207016,-0.012117071111760625,0.010237328867696117,0.010084484672601365
-0.011299406616998464,-0.013324399541987275,-0.014520109545243636,0.0032207029282451723,0.0030678587331504203
0.013333347865513323,0.005071602744632031,0.005315699595795223,0.0080176482697181,0.007864804074623347
0.0037594127832940583,0.011032026532745043,0.011742630122256093,-0.007983217338962035,-0.008136061534056787
-0.0056180345165800505,0.002638858606169414,0.0026925509536239282,-0.008310585470203979,-0.00846342966529873
0.015065971275831647,-0.00048387472056610203,-0.0006745905210508022,0.01574056179688245,0.015587717601787697
0.005565848396432926,0.004463078207817217,0.004659547439373852,0.000906300957059074,0.0007534567619643211
0.007380031467732806,0.01737883151892694,0.018586182889852202,-0.011206151422119396,-0.011358995617214148
0.009157509413429521,-0.001273985129042532,-0.0015265407990895478,0.010684050212519069,0.010531206017424317
0.001814923622281528,-0.006363576551088879,-0.007014481193998737,0.008829404816280265,0.008676560621185513
-0.0018116356419599633,-0.005724521948562322,-0.006325409463689186,0.004513773821729222,0.0043609296266344695
-0.003629708780048757,-0.000781930531963182,-0.000995974379137746,-0.002633734400911011,-0.0027865785960057635
0.00364293156071982,0.001703447167811456,0.0016839273151549776,0.001959004245564842,0.0018061600504700895
-0.05081668447551091,-0.014204195388793028,-0.015468764705664616,-0.03534791976984629,-0.03550076396494105
-0.024856582333166566,0.0014818054520648882,0.0014449382835848336,-0.0263015206167514,-0.026454364811846154
0.021568597531786082,-0.0018439898833508828,-0.002141158330647978,0.02370975586243406,0.02355691166733931
-0.009596929263795628,-0.025162888405856454,-0.027285165885382726,0.017688236621587097,0.017535392426492345
-0.007751893856784764,-0.02096688071186603,-0.022760747673450647,0.015008853816665883,0.014856009621571131
0.011718720023055074,0.02715725576151251,0.02912993875343554,-0.017411218730380467,-0.01756406292547522
-0.009652509794677244,-0.017276308813847896,-0.018781324391707703,0.009128814597030459,0.008975970401935707
-0.003898650407678117,-0.00291665716625622,-0.0032977804686558326,-0.0006008699390222844,-0.0007537141341170369
0.03131120032476442,0.013769718690019195,0.014694594264927913,0.01661660605983651,0.016463761864741758
-0.013282746732552586,-0.022337423560165104,-0.024238559316160122,0.010955812583607536,0.010802968388512784
0.01153843219463635,0.012614865848792123,0.013449354120484746,-0.0019109219258483957,-0.0020637661209431477
0.005703480236894265,0.01156648273982852,0.01231891681502643,-0.006615436578132164,-0.006768280773226916
0.015122858487427226,0.0068628636575538415,0.007247157802688593,0.007875700684738633,0.00772285648964388
-0.02048421365344777,-0.021920248779842444,-0.023788733359846014,0.0033045197063982443,0.003151675511303492
0.011406887951024514,0.0033365488963206236,0.003444847633053114,0.0079620403179714,0.007809196122876647
0.022556404994930057,0.0167269537832615,0.017883284393402376,0.004673120601527681,0.004520276406432929
0.0,-0.005525364482924067,-0.006110664465517116,0.006110664465517116,0.005957820270422363
-0.003676484509735012,0.008250750063987677,0.008743670438343582,-0.012420154948078594,-0.012572999143173346
-0.005535041196266577,-0.0028866254882486952,-0.0032653982899704293,-0.0022696429062961476,-0.0024224871013909
-0.009276437585255648,0.008109038386684864,0.00859086735970515,-0.017867304944960798,-0.01802014914005555
0.02059922177320561,0.010661504701720004,0.011343108519231135,0.009256113253974477,0.009103269058879725
0.0073394775390625,0.0008313658006817715,0.0007435904265026523,0.006595887112559848,0.006443042917465095
0.0,-0.005726124690152989,-0.006327137647660874,0.006327137647660874,0.006174293452566121
0.0,-0.00853653230061302,-0.009357508491339052,0.009357508491339052,0.0092046642962443
0.007285932605905154,5.623169212687351e-05,-9.221139589589466e-05,0.007378144001801049,0.0072252998067062965
0.0072333007485980705,-0.01338056164164636,-0.014580667305154761,0.02181396805375283,0.02166112385865808
-0.007181355842010184,0.001837059563023713,0.0018279972021344514,-0.009009353044144635,-0.009162197239239389
0.010849951122897217,0.010434204774367295,0.011098018422671416,-0.00024806729977419964,-0.0004009114948689517
-0.012522374666043445,0.0011136248915897262,0.001047941196215578,-0.013570315862259024,-0.013723160057353776
-0.016304375243472058,-0.008187490964434607,-0.008981148605158557,-0.007323226638313501,-0.0074760708334082535
0.0018416628033781635,0.0025490454770622506,0.0025957083864415463,-0.0007540455830633828,-0.0009068897781581353
-0.014705938038939936,-0.007205863568357729,-0.007922691807163984,-0.006783246231775952,-0.006936090426870705
-0.017537288310984334,-0.0022536742393085563,-0.0025829076067261153,-0.014954380704258217,-0.015107224899352971
0.004557570815841849,0.012811178963797909,0.013661032148159813,-0.009103461332317963,-0.009256305527412715
0.05482037103085813,0.0034579455015175675,0.003575745632169375,0.05124462539868875,0.051091781203594
0.0,-0.0002656413228280252,-0.0004392765676011673,0.0004392765676011673,0.0002864323725064147
-0.0017920873743431098,0.009682220255068819,0.010287178047169287,-0.012079265421512397,-0.012232109616607149
0.005385982638265174,0.009370643723504823,0.009951215237606816,-0.004565232599341641,-0.004718076794436393
-0.021428585052490234,0.0017075955546570487,0.0016884003853595963,-0.023116985437849832,-0.023269829632944584
-0.012773736727829221,0.0008834895573073265,0.0007997937728617963,-0.013573530500691017,-0.01372637469578577
0.0055453430724461406,-0.006842140279927467,-0.007530500850833136,0.013075843923279276,0.012922999728184524
0.0036764143866254706,0.004060561678767671,0.004225526997217912,-0.0005491126105924412,-0.0007019568056871942
0.0,-0.0008558723207806596,-0.0010757033978494536,0.0010757033978494536,0.000922859202754701
0.009157509413429521,-0.00263219493841671,-0.0029910541282615693,0.01214856354169109,0.011995719346596337
0.0036297780123057954,0.007386752997235124,0.0078120505870573715,-0.004182272574751576,-0.004335116769846329
-0.0054249410705143886,-0.0031357617896576873,-0.0035340338363166928,-0.0018909072341976958,-0.0020437514292924483
0.003636377507989952,0.0032484098921563564,0.003349810220182422,0.0002865672878075297,0.00013372309271277721
-0.0018116356419599633,-0.002023213496498033,-0.002334409305972116,0.0005227736640121528,0.0003699294689174003
-0.0018148543900243785,-0.0023572204364039617,-0.002694558093112433,0.0008797037030880543,0.0007268595079933018
-0.007272755015980126,-0.011564187290653005,-0.012622130097253395,0.005349375081273269,0.005196530886178517
0.0,0.012695791223314323,0.013536613311839437,-0.013536613311839437,-0.01368945750693419
-0.010988983349614512,-0.006879559974886984,-0.007570849287181872,-0.0034181340624326395,-0.0035709782575273925
-0.011111082854094345,0.010849230370481022,0.011545526983764917,-0.022656609837859262,-0.022809454032954014
0.009363295612598188,0.004479598435997323,0.004677360662488385,0.0046859349501098034,0.0045330907550150505
0.0037105184152204096,0.0007025929724704394,0.0006047388867412283,0.0031057795284791813,0.002952935333384429
0.0018484711948041355,0.008567392465728796,0.00908509561045641,-0.007236624415652275,-0.007389468610747027
0.012915143045866717,-0.0007141884679080501,-0.0009229303213864049,0.013838073367253121,0.01368522917215837
0.00182146578035991,0.0031259043893263616,0.003217716532923518,-0.0013962507525636081,-0.0015490949476583606
0.023636349764737163,0.001068707668436586,0.0009995084198041939,0.02263684134493297,0.022483997149838217
0.012433406259775959,0.0017433852107295866,0.0017269912039525389,0.01070641505582342,0.010553570860728667
0.02280700415895698,-0.004026127868587581,-0.004494086533209142,0.02730109069216612,0.027148246497071368
0.027444293477816295,0.002471549778432225,0.0025121473027165915,0.024932146175099704,0.024779301980004952
0.008347245196379305,-0.001017102715529128,-0.0012495528727590756,0.009596798069138381,0.009443953874043627
0.0,-0.0021261277624751163,-0.0024453784016487553,0.0024453784016487553,0.002292534206554003
0.01655629097246858,-0.004023402292699374,-0.0044911476336441415,0.02104743860611272,0.02089459441101797
-0.006514682670004768,0.0017121542893689945,0.001693315920281907,-0.008207998590286675,-0.008360842785381427
-0.0032787010317942844,-0.006345510515579966,-0.0069950011772697395,0.003716300145475455,0.003563455950380702
-0.004934198039885596,0.0018619345065358228,0.001854819042239311,-0.006789017082124906,-0.006941861277219659
-0.021487590695215664,-0.013724668973416176,-0.014951707015341304,-0.006535883679874359,-0.006688727874969111
0.0016891633924385197,0.0022045770199778936,0.002224279286609165,-0.0005351158941706451,-0.0006879600892653976
-0.010118018243516547,-0.008604355128821406,-0.009430639634442115,-0.0006873786090744322,-0.0008402228041691842
0.020442942884884685,0.00617868985946779,0.0065094355157107415,0.013933507369173943,0.01378066317407919
-0.008347245196379194,0.0007584033300001014,0.0006649173745889248,-0.009012162570968119,-0.009165006766062871
0.011784460105396022,0.003067957412152822,0.003155234197815823,0.0086292259075802,0.008476381712485447
-0.011647204093417796,-0.00494735062681062,-0.005487410980759628,-0.006159793112658168,-0.006312637307752921
0.015151476230005345,0.008620803683929923,0.009142687184632207,0.006008789045373138,0.005855944850278386
0.008291874068427907,0.008481281595267509,0.008992245067994736,-0.0007003709995668291,-0.0008532151946615812
0.0032894862738344077,0.008822985887663393,0.009360693659217656,-0.006071207385383248,-0.006224051580478
0.006557402063588569,0.003473267180873929,0.00359226649918699,0.0029651355644015787,0.002812291369306826
0.0048859809381942565,-0.007094202866256172,-0.007802291714745431,0.012688272652939687,0.012535428457844933
0.01782817602138209,0.008749042674663476,0.009280963104856484,0.008547212916525607,0.008394368721430855
-0.011146509099419832,0.0010792374947172778,0.0010108623879728118,-0.012157371487392644,-0.012310215682487398
-0.001610281426379867,-0.001028135726814483,-0.001261449408903041,-0.00034883201747682607,-0.0005016762125715788
0.0016128786148563723,0.00397369863071062,0.00413186540619268,-0.002518986791336308,-0.002671830986431061
0.008051529988496897,0.0021605126279586884,0.0021767660901879714,0.005874763898308925,0.005721919703214173
-0.0031948395066633273,-0.003952993120479142,-0.00441522772016626,0.0012203882135029325,0.0010675440184081796
-0.00961542106003832,-0.0009484477101494582,-0.0011755244201599653,-0.008439896639878356,-0.008592740834973108
-0.019417488313168585,0.0018380494891383492,0.001829064607169943,-0.02124655292033853,-0.02139939711543328
0.0049505455331970705,0.004780911145920941,0.005002256328008138,-5.1710794811067606e-05,-0.00020455498990582053
0.0049260957232171165,0.009101605057599604,0.009661119620890278,-0.004735023897673161,-0.004887868092767913
-0.09150330423213848,-0.0030322960242857855,-0.003422470076833941,-0.08808083415530454,-0.08823367835039929
-0.016187009638148564,-0.00656220869212365,-0.0072286597517883,-0.008958349886360264,-0.009111194081455016
-0.0036563210265064816,-0.005754170294581917,-0.006357378307997274,0.0027010572814907922,0.0025482130863960393
-0.01651378946566795,0.004884728797982518,0.005114199515428924,-0.021627988981096875,-0.021780833176191627
-0.013059644928537728,-0.0010403515262938923,-0.00127462130697108,-0.011785023621566647,-0.011937867816661401
-0.005671135030327901,0.004926444803381669,0.005159180523168088,-0.010830315553495989,-0.01098315974859074
-0.00570340771413036,0.004644183009877123,0.0048548268393334235,-0.010558234553463783,-0.010711078748558537
0.011472319265220632,0.003538227451535869,0.0036623110398716643,0.007810008225348967,0.007657164030254215
0.017013188756551445,0.0028241822564987196,0.0028923794000427767,0.014120809356508668,0.013967965161413916
-0.005576194076484131,-0.0002623799656497061,-0.0004357599525495944,-0.005140434123934536,-0.005293278319029289
-0.011214924749927024,-0.0014416744645237012,-0.0017073547390840827,-0.009507570010842941,-0.009660414205937695
-0.015122930598904571,-0.007113887913551609,-0.007823517459067534,-0.007299413139837037,-0.00745225733493179
-0.005758142914525477,-0.004005992185342366,-0.00447237488284329,-0.0012857680316821869,-0.0014386122267769398
0.005791491148245287,0.006389254777276809,0.006736480797418293,-0.0009449896491730064,-0.0010978338442677593
-0.026871358007371948,-0.007602164835758152,-0.0083500105354414,-0.01852134747193055,-0.018674191667025303
0.0,0.007919408484583057,0.008386395622480954,-0.008386395622480954,-0.008539239817575706
0.009861932790452554,0.0033231157222237684,0.003430363079648955,0.0064315697108036,0.006278725515708847
-0.005859360011527537,0.0024280177746833775,0.0024652081631994583,-0.008324568174726994,-0.008477412369821748
0.011787788922089426,0.0020685364303643095,0.002077591156820649,0.009710197765268777,0.009557353570174024
-0.005825227904088237,-0.0003981517707819515,-0.0005821582608003196,-0.005243069643287917,-0.00539591383838267
0.0,-0.0016912621251551352,-0.001976476971355414,0.001976476971355414,0.0018236327762606614
0.005859360011527537,0.006198839704363079,0.006531162436121881,-0.000671802424594344,-0.000824646619689097
-0.0019417179440989196,0.007670409427647185,0.00811790806237279,-0.010059626006471709,-0.010212470201566461
0.013618617265794386,0.00026927832649970007,0.00013750983982247154,0.013481107425971915,0.013328263230877161
-0.011516285829050843,0.005701434129840033,0.005994826231755105,-0.017511112060805946,-0.0176639562559007
-0.02330098568814476,-0.004430329054144866,-0.004929923485519576,-0.018371062202625184,-0.018523906397719937
-0.0059641996344109716,0.00013447750859452157,-7.841484577393126e-06,-0.005956358149833579,-0.006109202344928331
-0.03400001525878904,-0.0016543221469484948,-0.0019366457979317173,-0.032063369460857326,-0.03221621365595208
0.010351967037224075,-0.002803126684318036,-0.003175364253636442,0.013527331290860516,0.013374487095765764
0.02459017995287449,-0.0036523050860121087,-0.00409100562181283,0.028681185574687323,0.028528341379592568
-0.010000000000000009,-0.002213344827027508,-0.0025394217171119888,-0.00746057828288802,-0.007613422477982773
-0.022222191396385704,0.0018978268127400888,0.0018935205451205861,-0.02411571194150629,-0.024268556136601043
0.008264415259734426,0.003739841510076891,0.003879704902030446,0.004384710357703979,0.004231866162609227
0.020491803599057556,0.00035667194221011833,0.00023174352463985515,0.0202600600744177,0.02010721587932295
-0.0020080015191380474,0.005282254329749936,0.005542838328034636,-0.007550839847172684,-0.007703684042267437
0.004024160158335288,0.00027548183892078804,0.00014419888489169662,0.0038799612734435915,0.003727117078348839
0.006012008574888705,-0.005569722252617426,-0.006158494001513621,0.012170502576402327,0.012017658381307573
0.019920318422350647,0.005369014643958003,0.00563638914450195,0.014283929277848696,0.014131085082753944
-0.001953169674379085,0.0012532727238796504,0.0011985188981045135,-0.0031516885724835984,-0.0033045327675783514
0.00978473610431152,0.007840591898404803,0.008301410268803473,0.001483325835508047,0.001330481640413295
-0.003875909964270452,-0.00036853301202766087,-0.000550221319475197,-0.0033256886447952548,-0.0034785328398900077
0.011673121718080326,-0.0035156877607932513,-0.003943695616835738,0.015616817334916065,0.015463973139821311
-0.019230769230769273,-0.0013050961134796202,-0.0015600867586882145,-0.01767068247208106,-0.01782352666717581
-0.011764675963158666,-0.003289278113945082,-0.0036995654807008382,-0.008065110482457827,-0.00821795467755258
-0.00992063462028403,0.0027632870875580196,0.0028267181259301055,-0.012747352746214136,-0.012900196941308888
0.012024017149777633,-6.870120538793323e-06,-0.0001602520219508385,0.012184269171728471,0.012031424976633719
-0.018217785523669594,0.003641105118425747,0.0037732406719465255,-0.02199102619561612,-0.022143870390710873
-0.012908494971955231,-0.0003966902079042267,-0.0005805823052291865,-0.012327912666726044,-0.012480756861820798
-0.004495247490378995,0.0007115197468861023,0.0006143643363794355,-0.005109611826758431,-0.005262456021853183
-0.051724146030866947,-0.008169482334351885,-0.008961730486827909,-0.042762415544039034,-0.04291525973913379
-0.029437242162180244,-0.005527978766503461,-0.006113483362216164,-0.02332375879996408,-0.023476602995058833
-0.0022301176133096012,-0.00039511662920677093,-0.0005788855666538798,-0.0016512320466557215,-0.0018040762417504742
0.0013410271869218615,-0.0014179036575431292,-0.001681723453381424,0.0030227506403032855,0.0028699064452085326
-0.02455353778691871,-0.0328642290012785,-0.03558927021200813,0.011035732425089421,0.01088288822999467
0.0036613236754861056,-0.02057300761734404,-0.022336047164774837,0.025997370840260943,0.02584452664516619
0.002735953721269224,0.014206197825152422,0.015165235477276854,-0.01242928175600763,-0.012582125951102382
0.030923161084744466,-0.005904978964482943,-0.006519990376987205,0.037443151461731675,0.037290307266636916
0.04719892771165535,0.02149560016316343,0.02302516021941499,0.02417376749224036,0.024020923297145606
0.02569505544366857,-0.00025266233815879335,-0.00042528175183999435,0.02612033719550856,0.02596749300041381
-0.00739220954233577,-0.014391922356395415,-0.015671184570696675,0.008278975028360905,0.008126130833266153
-0.010757146382338933,-0.00036116989772350117,-0.0005422819135246335,-0.0102148644688143,-0.010367708663909053
0.033040607301084934,-0.004299527548581317,-0.004788884489149898,0.03782949179023483,0.03767664759514008
-0.006477726415789364,-0.005511829997012829,-0.006096070670888559,-0.00038165574490080494,-0.0005344999399955579
-0.0073349754873844875,-0.030864433977743855,-0.03343295647655674,0.02609798098917225,0.0259451367940775
0.030788176568488757,0.018625040052811848,0.019929928897432073,0.010858247671056684,0.010705403475961932
-0.0254879044779166,-0.017327264039978307,-0.018836267749754387,-0.0066516367281622135,-0.006804480923256966
-0.0077645538226596145,-0.0065595995737004476,-0.007225846424508674,-0.0005387073981509404,-0.0006915515932456933
0.02924213609529147,0.015666780052058682,0.01674013364462375,0.01250200245066772,0.012349158255572968
0.010804340145521785,0.010851331974038647,0.011547793074321425,-0.00074345292879964,-0.000896297123894392
0.13380835827950532,0.010557843693063784,0.011231334235284237,0.12257702404422109,0.12242417984912633
0.01222068397097198,-0.0063166863793988615,-0.006963921051542663,0.019184605022514643,0.01903176082741989
-0.02794065099473919,0.005600317169601965,0.005885795112224137,-0.03382644610696333,-0.03397929030205808
-0.006032649909614163,0.006259295774170726,0.006596350243963917,-0.012629000153578079,-0.012781844348672832
0.005355216612087155,0.021208856064105275,0.022715973411726133,-0.017360756799638978,-0.01751360099473373
0.006747178092583628,-0.0025089163835961825,-0.002858126884260206,0.009605304976843834,0.009452460781749081
-0.027160509608562977,-0.00919901370610332,-0.010071840579042207,-0.01708866902952077,-0.01724151322461552
-0.04423492809025931,-0.01970148934024063,-0.021396317437728407,-0.0228386106525309,-0.02299145484762565
-0.01327770763906122,-0.0014819196931705747,-0.0017507498562317637,-0.011526957782829457,-0.011679801977924209
-0.026912754970381148,-0.007567410690302756,-0.008312536274165918,-0.01860021869621523,-0.01875306289130998
0.04780723102936024,0.010593753366266334,0.011270054464433207,0.03653717656492703,0.03638433236983228
-0.006787341706967709,0.0022233054237545957,0.002244473513433174,-0.009031815220400884,-0.009184659415495636
-0.024297622852730294,-0.01664310858849427,-0.018098565245318974,-0.00619905760741132,-0.006351901802506072
-0.0280156108688292,-0.01815124083246611,-0.01972473504486457,-0.008290875823964629,-0.00844372001905938
0.02481988993575035,0.0030432907461763747,0.003128636936583123,0.021691252999167226,0.021538408804072474
-0.001562535739503268,-0.006554842390161242,-0.007220716908689837,0.005658181169186569,0.005505336974091816
0.014475776485301184,0.0155323683669224,0.01659520190939408,-0.0021194254240928974,-0.0022722696191876494
-0.006170452970653217,0.003261692144003847,0.003364132039048561,-0.00953458500970178,-0.009687429204796531
0.038028697121776256,0.022973979644221654,0.02461924858532202,0.013409448536454236,0.013256604341359484
-0.0018691303574036588,-0.0021831080910337253,-0.002506818431089519,0.0006376880736858603,0.00048484387859110785
0.0029962517385804244,0.008170747552017188,0.008657406339572266,-0.005661154600991841,-0.005813998796086593
0.014189662099452383,0.010941426132194287,0.011644938665958893,0.00254472343349349,0.002391879238398738
-0.03534606369168036,-0.03236490314939877,-0.03505086343521201,-0.0002952002564683559,-0.00044804445156310796
0.01717552833919589,-0.0015222281477752508,-0.0017942131478671508,0.01896974148706304,0.01881689729196829
-0.034146336226562934,-0.023320118765389863,-0.02529816749792419,-0.008848168728638743,-0.009001012923733495
0.029137529396622064,0.0017621539947350051,0.0017472289714598663,0.027390300425162196,0.027237456230067444
0.01698757141667051,-0.00035634616892232795,-0.0005370806441206935,0.017524652060791204,0.01737180786569645
0.01224944013229945,0.005419503676349802,0.005690829821048717,0.006558610311250732,0.006405766116155979
-0.013934765740242105,-0.00019993032368359476,-0.0003684225408845058,-0.0135663431993576,-0.013719187394452352
-0.022684965297461446,-0.019086709555430348,-0.0207334204514557,-0.0019515448460057441,-0.002104389041100496
-0.029680390649376,-0.020773480559224233,-0.02255221059806439,-0.007128180051311609,-0.007281024246406361
-0.016078425388710182,8.640058610476231e-05,-5.9681261705983477e-05,-0.0160187441270042,-0.016171588322098952
-0.018334037027649908,-0.01539571453679811,-0.01675354093255785,-0.0015804960950920564,-0.0017333402901868085
-0.007714114217739598,-0.01577210632742365,-0.01715939192152694,0.009445277703787343,0.00929243350869259
-0.05851064950604434,-0.020588228309714296,-0.022352459140819788,-0.03615819036522455,-0.03631103456031931
-0.02564103201734569,-0.027112254452099527,-0.02938710369974278,0.0037460716823970903,0.0035932274873023383
0.029884035415431498,0.04959374278953943,0.053322470780192734,-0.023438435364761236,-0.023591279559855988
0.013425702204148182,0.008562680784222065,0.0090800151579948,0.004345687046153382,0.00419284285105863
0.008119681075001273,-0.0012415825080966947,-0.0014916021099799818,0.009611283184981254,0.009458438989886502
0.0016955916880028177,0.00849248413140935,0.009004324397261116,-0.007308732709258298,-0.00746157690435305
0.001269601680533139,0.0012684969251244294,0.0012149346576543945,5.466702287874447e-05,-9.817717221600824e-05
-0.030853742474397094,-0.02475673039503723,-0.026847218952228986,-0.004006523522168109,-0.004159367717262861
0.03532487811435181,0.03433571464262353,0.036870236785257596,-0.001545358670905786,-0.001698202866000538
0.02822241292137928,0.007010434848680358,0.007406279003930805,0.020816133917448475,0.020663289722353723
0.006964362038370364,0.009695285023358924,0.010301265360610367,-0.0033369033222400025,-0.0034897475173347545
0.004068363782754991,0.004098045450532162,0.004265944525495102,-0.00019758074274011089,-0.0003504249378348638
0.0020259009903682568,0.004518418782931244,0.004719219376168273,-0.002693318385800016,-0.002846162580894769
0.018196553629970635,-0.00014629784190933748,-0.0003105923854159875,0.018507146015386625,0.01835430182029187
0.0059570935946113845,-0.005257525167898014,-0.005821862069727693,0.011778955664339077,0.011626111469244325
0.015001940857132245,0.010721688622945758,0.011408002878135499,0.0035939379789967467,0.0034410937839019946
0.014780283222364465,0.0022219854881162515,0.002243050269894022,0.012537232952470443,0.012384388757375691
0.0019164138278315868,0.0075914003822110665,0.008032715186156066,-0.006116301358324479,-0.006269145553419231
0.01338945637498079,0.01318305304897005,0.014062011842717603,-0.0006725554677368129,-0.0008253996628315649
-0.03775009470140844,-0.014157306164566674,-0.015418205584827703,-0.02233188911658074,-0.02248473331167549
0.016477052964505523,0.0022029127742235755,0.0022224847847042346,0.014254568179801289,0.014101723984706535
-0.00733309668763249,0.0013757255543636049,0.0013305557904909888,-0.00866365247812348,-0.008816496673218231
0.015940896514690994,0.008488694060713842,0.009000237687671945,0.006940658827019049,0.006787814631924297
-0.001913480239816412,-0.007846827493937836,-0.008613822298235178,0.006700342058418766,0.006547497863324014
-0.005751519132250027,-0.0014562465775435074,-0.0017230673731737603,-0.004028451759076267,-0.00418129595417102
-0.028538363378671328,0.01554926091974429,0.016613416598023668,-0.04515177997669499,-0.04530462417178975
0.029376727091278143,0.008597395948725328,0.009117447387381255,0.02025927970389689,0.020106435508802138
-0.011569654488175929,0.0008986100931438479,0.0008160977533837836,-0.012385752241559713,-0.012538596436654465
0.021849449536785137,0.006776236617404008,0.007153750691290534,0.014695698845494603,0.01454285465039985
0.0034364318729529497,0.00470842037697472,0.00492409189668763,-0.00148766002373468,-0.001640504218829433
0.021308959334500832,-0.0022244379802809355,-0.0025513831023781415,0.023860342436878974,0.02370749824178422
-0.004843556906712565,-0.009357140143940179,-0.01024234315847305,0.005398786251760485,0.005245942056665733
-0.00561586011500359,0.0006762010869560964,0.0005762813775618868,-0.006192141492565477,-0.00634498568766023
0.004518103977647847,0.0007091030986317026,0.0006117585434039604,0.003906345434243887,0.003753501239149134
0.016866523629818886,0.0128902247439735,0.013746264634247727,0.0031202589955711593,0.002967414800476407
-0.004423108573416323,0.003023994668760688,0.0031078306057931624,-0.007530939179209486,-0.007683783374304238
0.011106969067692152,-0.002651641555101225,-0.003012022780634132,0.014118991848326283,0.013966147653231531
0.015378985152223024,0.01087875260858695,0.011577359850023661,0.003801625302199362,0.00364878110710461
0.0018031426337754564,0.0014987433214488366,0.0014632018355849451,0.00033994079819051125,0.00018709660309575854
-0.007559430764241926,0.0017771107537685182,0.0017633563567979879,-0.009322787121039913,-0.009475631316134665
0.003627144815982808,-0.003526436790880272,-0.0039552859453177314,0.007582430761300539,0.007429586566205787
0.015178896824571186,0.006411102394986878,0.006760038370869919,0.008418858453701267,0.008266014258606513
-0.001068020166697825,0.0012318625699112573,0.0011754330275343514,-0.0022434531942321766,-0.002396297389326929
-0.0046328996165657665,-0.0007904570968998437,-0.0010051682959506026,-0.003627731320615164,-0.0037805755157099166
-0.008592902559821591,-0.0005440493877303387,-0.0007394749016025233,-0.007853427658219067,-0.008006271853313821
-0.011556507354726575,-0.0028255083152146643,-0.00319949763608626,-0.008357009718640316,-0.008509853913735068
-0.005115136744767157,0.00689532059343434,0.007282155057820312,-0.01239729180258747,-0.012550135997682222
0.0033051837716078225,-0.003880558492514008,-0.004337123823834194,0.007642307595442016,0.007489463400347263
-0.009882886558553738,-0.001131532823106185,-0.0013729391247567742,-0.008509947433796964,-0.008662791628891716
-0.01700551192040045,-0.006524098653592381,-0.007187566940486915,-0.009817944979913536,-0.00997078917500829
-0.0018803774642205395,-0.00812571755868352,-0.008914540356943576,0.007034162892723036,0.006881318697628284
0.011303663402853603,-0.0021316888487414865,-0.0024513747395529316,0.013755038142406535,0.013602193947311783
0.02794336794844199,0.014666041867757107,0.015661070307129255,0.012282297641312733,0.012129453446217981
0.0025371400665850086,0.0029533182046204143,0.0030316224801576453,-0.0004944824135726367,-0.0006473266086673892
0.0025307192773094123,0.006949583813841809,0.007340665318180716,-0.004809946040871304,-0.0049627902359660565
-0.004327404755344322,-0.0008680223820187738,-0.0010888044125164538,-0.003238600342827868,-0.0033914445379226205
-0.0050706734481047455,0.00498490290027398,0.005222213981994502,-0.010292887430099248,-0.010445731625194
0.010192963001254496,0.0037059469012648005,0.0038431574510771577,0.006349805550177338,0.006196961355082586
-0.005045023050394226,-0.0001305615560248663,-0.0002936244617046366,-0.00475139858868959,-0.004904242783784343
-0.019195967943832493,-0.0029443536044478913,-0.0033276446344292936,-0.015868323309403198,-0.016021167504497953
0.031019208085467875,0.010852481049954399,0.011549032085395585,0.019470176000072288,0.019317331804977536
-0.03832377119986918,-0.018974501239482744,-0.02061242988489152,-0.017711341314977664,-0.017864185510072416
0.006703921885230502,-0.000839020658475631,-0.0010575328001302458,0.007761454685360747,0.0076086104902659945
0.007399143563086685,0.007182725862306283,0.007592054783350326,-0.00019291122026364026,-0.0003457554153583932
0.006610367543215867,-0.0046443248906916645,-0.0051606682149767345,0.011771035758192602,0.01161819156309785
0.008755920191689581,0.003589481529391092,0.003717576639983904,0.005038343551705677,0.0048854993566109246
0.01518987638656144,0.0067342800173637585,0.007108510258198686,0.008081366128362754,0.007928521933268002
0.025293943695774423,0.011568600124275408,0.012321199921601014,0.01297274377417341,0.012819899579078657
-0.010076473544418985,1.745570720723677e-05,-0.00013402227546298266,-0.009942451268956001,-0.010095295464050755
-0.004913983530121402,0.002148376881724312,0.0021636805109225095,-0.007077664041043911,-0.007230508236138664
-0.016225784325631043,0.0020846350796801527,0.002094949805198827,-0.01832073413082987,-0.01847357832592462
0.006812496888333852,0.004636432770241061,0.004846470008766488,0.0019660268795673643,0.0018131826844726114
0.010327667959945996,0.0010474599539205265,0.0009765977023962929,0.009351070257549703,0.009198226062454951
-0.018329236601380527,-0.006067494393846573,-0.006695225462801242,-0.011634011138579287,-0.011786855333674039
-0.0017953732037450099,0.0034778715639784963,0.0035972312552818974,-0.005392604459026907,-0.005545448654121659
0.0021583228394850273,3.8123067008344336e-05,-0.0001117373356115598,0.0022700601750965874,0.0021172159800018344
0.014716433540197915,0.006609324208602496,0.006973774485989339,0.007742659054208576,0.007589814859113823
0.0017686323399692672,-0.0006293691084816588,-0.0008314723731412667,0.002600104713110534,0.002447260518015781
0.023305079608907375,0.0005093580038946222,0.0003963799239445918,0.022908699684962782,0.02275585548986803
0.017598351861205064,-0.0022738117853239315,-0.0026046212656562627,0.020202973126861326,0.020050128931766574
0.00508645709374278,0.0015790922795098083,0.0015498394958736723,0.0035366175978691077,0.003383773402774355
-0.010121431958103333,0.001012017561471401,0.0009383813268398488,-0.011059813284943182,-0.011212657480037934
0.02283572163631531,0.008841205788409079,0.00938033958381199,0.01345538205250332,0.013302537857408567
-0.005998010789834862,-0.002191763174733685,-0.0025161509254922297,-0.0034818598643426325,-0.003634704059437385
-0.01877302941249248,-0.0003689736527457965,-0.000550696447986736,-0.018222332964505747,-0.0183751771596005
0.005807997049376734,0.0046852921407636305,0.004899153474083403,0.0009088435752933315,0.0007559993801985786
0.00033968168140030564,0.001071522174355355,0.0010025432097200244,-0.0006628615283197188,-0.0008157057234144715
-0.0016978316846804065,0.0009514170090862972,0.0008730377281479315,-0.002570869412828338,-0.0027237136079230903
-0.008163257626945586,-0.007502163081421376,-0.008242181906052928,7.892427910734245e-05,-7.39199159874096e-05
0.0006858867581731598,-0.0021239857917741967,-0.0024430687845185136,0.0031289555426916734,0.002976111347596921
-0.011994529739865922,0.009638279380647763,0.010239798035744718,-0.02223432777561064,-0.022387171970705392
0.002774884631209229,-0.004470988428756373,-0.004973765162750421,0.0077486497939596504,0.0075958055988648975
-0.042545816282542503,-0.016511651392423388,-0.017956819239265537,-0.024588997043276967,-0.02474184123837172
-0.004335290386935475,-0.0016054253132695706,-0.0018839219373154494,-0.002451368449620026,-0.002604212644714779
-0.014150921524159865,-0.0030214249424966866,-0.003410748143983235,-0.01074017338017663,-0.010893017575271382
0.005152719516205995,0.0037202972597878414,0.003858630974527172,0.0012940885416788226,0.00114124434658407
-0.054558762367472924,-0.02413055719884427,-0.02617203682214455,-0.028386725545328374,-0.028539569740423126
0.020139444767999226,0.008015944543135589,0.00849048730516513,0.011648957462834095,0.011496113267739343
0.0007593188173047327,0.00583897507464215,0.006143132145597994,-0.005383813328293261,-0.005536657523388014
0.004931682767699064,0.008895287120600504,0.00943865372004269,-0.004506970952343627,-0.004659815147438379
-0.020762523284738044,-0.005837333350761975,-0.006447050318484737,-0.014315472966253306,-0.01446831716134806
-0.01079416657212029,-0.0067493779153879885,-0.007430478219295688,-0.0033636883528246012,-0.003516532547919354
0.008963349322058889,0.008495835590448308,0.009007938166209664,-4.458884415077524e-05,-0.0001974330392455273
-0.0015449597961252337,-0.0028243962306494508,-0.0031982985115786315,0.0016533387154533978,0.0015004945203586453
-0.03094781944307634,-0.01191414994527018,-0.012999483411050646,-0.017948336032025697,-0.01810118022712045
0.01237530469990511,0.0013535590072402126,0.0013066543258572693,0.01106865037404784,0.010915806178953089
-0.012224028621059091,-0.008375676922946718,-0.009184063385115114,-0.0030399652359439765,-0.0031928094310387286
-0.009181618732189478,-0.0069119122568113145,-0.0076057336973667355,-0.0015758850348227427,-0.0017287292299174957
0.010072522283395946,0.0020984713906617714,0.0021098690479544706,0.007962653235441475,0.007809809040346723
-0.022337434094903297,-0.01319537280847849,-0.014380984227683007,-0.00795644986722029,-0.008109294062315042
-0.00407998288600131,-0.0027652403144732274,-0.0031345126169830236,-0.0009454702690182863,-0.0010983144641130388
0.03850882998498961,0.021432370568193138,0.02295698180986955,0.015551848175120061,0.015399003980025309
0.007495089988105219,0.008161854781411959,0.008647817555133558,-0.0011527275670283384,-0.0013055717621230905
0.0,0.006135586748687638,0.006462958837490168,-0.006462958837490168,-0.006615803032584921
-0.0027408613807172744,0.01049769746289475,0.011166480517416756,-0.01390734189813403,-0.014060186093228783
0.015704811019338294,0.0046600444669098184,0.004871929731010502,0.010832881288327791,0.01068003709323304
0.020100445827061275,-0.00034988023558091275,-0.0005301086391339208,0.020630554466195196,0.020477710271100444
0.006820777163275782,-0.0020375791387226005,-0.002349899309338893,0.009170676472614676,0.009017832277519922
0.0018818646964049446,0.004097381912668174,0.004265229054262665,-0.0023833643578577207,-0.0025362085529524736
-0.03493614860466565,-0.001611511904139773,-0.0018904849096906345,-0.03304566369497502,-0.03319850789006977
-0.05371744022682079,0.0009317492412306283,0.0008518306156820305,-0.05456927084250282,-0.05472211503759757
0.015220108900115825,0.009717399870633026,0.010325111078983177,0.004894997821132648,0.004742153626037896
-0.00931926820876472,0.002985163546397107,0.0030659602733189937,-0.012385228482083713,-0.012538072677178465
0.0020449585071724563,0.009472185190685156,0.010060704089125124,-0.008015745581952668,-0.00816858977704742
-0.002857130400988561,-0.0012592227925193322,-0.001510623053201738,-0.0013465073477868233,-0.001499351542881576
-0.01842000643954622,-0.0017318870104667816,-0.0020202814598993487,-0.01639972497964687,-0.016552569174741627
0.019599717667855066,-0.009496397343734198,-0.01039249965408508,0.029992217321940146,0.029839373126845394
-0.0004090073034678232,-0.0012339337557076835,-0.0014833547098007675,0.0010743474063329443,0.0009215032112381916
0.02086743935095825,0.003823175554131808,0.003969561283165307,0.016897878067792943,0.01674503387269819
0.01763521496009557,0.0057574526279098315,0.006055229150757154,0.011579985809338415,0.011427141614243661
0.014572699808108158,0.007672301032188189,0.008119947717840378,0.00645275209026778,0.006299907895173028
0.003105587072796734,0.002928125887423194,0.0030044584263616723,0.00010112864643506154,-5.171554865969095e-05
0.008126899505905172,0.007672378673070135,0.008120031435470536,6.868070434635706e-06,-0.00014597612466011635
0.007293686741737471,-0.00180590159841032,-0.002100088975533794,0.009393775717271265,0.009240931522176511
-0.02705789217476051,-0.004835444424841517,-0.005366746173842733,-0.021691146000917778,-0.021843990196012533
0.009400695834830275,0.0012365569653400854,0.001180494840982077,0.008220200993848199,0.008067356798753445
0.008925088791259084,0.0045106896075925995,0.004710885258546071,0.004214203532713012,0.004061359337618259
0.005769216097318175,0.002285226738359958,0.0023112412469405556,0.0034579748503776194,0.003305130655282867
0.004588942293840992,0.004620174547884881,0.004828939297984595,-0.00023999700414360347,-0.0003928411992383564
-0.019033117293008384,0.00017586919155743175,3.678981685899962e-05,-0.019069907109867383,-0.019222751304962135
0.006984877841612613,-0.003403778522185874,-0.003823027535610855,0.010807905377223467,0.010655061182128715
-0.006551062477683334,-0.006531243569450895,-0.007195271070171731,0.0006442085924883972,0.0004913643973936442
0.004266823121533703,0.003581997784064761,0.0037095071615374257,0.000557315959996277,0.0004044717649015245
-0.0019312181629691505,-0.00617673452276668,-0.006813015530123524,0.004881797367154373,0.00472895317205962
0.004256989539551004,0.002828694915066654,0.002897245252562122,0.0013597442869888818,0.0012069000918941294
-0.0011560957905000224,0.006847482673755456,0.007230572989625806,-0.008386668780125828,-0.00853951297522058
0.015432084002812374,0.004688147952890187,0.004902232803135576,0.0105298511996768,0.010377007004582045
-0.01481760616148986,-0.005262401280453521,-0.00582711982282504,-0.00899048633866482,-0.009143330533759573
0.013112230952038395,0.007387691099234761,0.007813062111840297,0.0052991688401980985,0.0051463246451033465
0.0038066379797176975,-0.0016161146071345112,-0.0018954478541779226,0.00570208583389562,0.005549241638800867
-0.0011376824304408784,-0.0025786549148275606,-0.0029333236674378305,0.0017956412369969522,0.0016427970419021997
-0.011389492609060303,-0.010885526112695776,-0.011890351888724691,0.0005008592796643882,0.00034801508456963615
-0.08947779374559606,-0.00899879386967306,-0.00985595006110237,-0.07962184368449368,-0.07977468787958844
-0.026992805329442815,-0.007282739927037873,-0.008005585076825434,-0.01898722025261738,-0.019140064447712133
-0.03857821419252594,-0.0297778200029859,-0.03226129607570095,-0.006316918116824992,-0.006469762311919744
0.02119023024741873,0.013017017169932643,0.0138829807708664,0.007307249476552329,0.007154405281457577
-0.010154505347018339,0.0007668762331907164,0.0006740534296916025,-0.010828558776709941,-0.010981402971804693
0.025423715115278522,0.018762303409984193,0.0200779354975894,0.005345779617689124,0.005192935422594372
-0.026533302149828297,-0.00661660635492356,-0.0072873149769946185,-0.019245987172833677,-0.019398831367928433
-0.0174262468397286,-0.012317322177972212,-0.013434210877064333,-0.003992035962664266,-0.004144880157759018
0.022737608240301244,0.015131688322181258,0.016163161688357082,0.006574446551944162,0.00642160235684941
-0.03379280731953738,-0.029292752911742603,-0.03173826405534186,-0.0020545432641955186,-0.0022073874592902706
-0.01564657891165777,0.0024642680276520945,0.0025042956283997026,-0.018150874540057475,-0.018303718735152227
0.028050509518017464,0.014426124657807904,0.01540237540635375,0.012648134111663713,0.012495289916568961
0.0031832512757075104,0.012105865492430645,0.012900515641113015,-0.009717264365405504,-0.009870108560500256
0.0,-0.007914727601131322,-0.008687036768746836,0.008687036768746836,0.008534192573652084
0.008159578854644911,0.00824679859557964,0.008739409698866198,-0.0005798308442212866,-0.0007326750393160386
-0.0049460706602351134,-0.0005060748601761755,-0.0006985282073670372,-0.004247542452868076,-0.004400386647962828
-0.029371877233625554,-0.025946336754618105,-0.028129932681764447,-0.0012419445518611072,-0.0013947887469558592
0.005121071354553308,0.010982987735216332,0.011689753186651823,-0.006568681832098515,-0.006721526027193267
-0.017137602437165667,-0.003203180635808267,-0.00360672937874575,-0.013530873058419917,-0.013683717253514669
0.009896371282591243,0.006545480165679685,0.0069049335372615645,0.0029914377453296786,0.0028385935502349257
0.035930958786673406,0.012687291793508804,0.013527448653953274,0.02240351013272013,0.02225066593762538
-0.002252303724811222,0.0006427872591217021,0.0005402523370525436,-0.0027925560618637657,-0.002945400256958518
-0.02257336381991215,-0.00689910050906084,-0.0075919192077193625,-0.01498144461219279,-0.015134288807287542
0.025866026596281344,0.010842079212828093,0.011537816123756808,0.014328210472524536,0.014175366277429784
0.03827106783016365,0.013009813642266721,0.013875213441981725,0.024395854388181926,0.024243010193087174
-0.006504753772948235,0.0009106051537297599,0.0008290316359040318,-0.007333785408852267,-0.00748662960394702
0.01091226545897328,-9.401025965849463e-05,-0.0002542123912295064,0.011166477850202786,0.011013633655108034
0.0319516310878063,0.0003223043548219451,0.00019468607631774698,0.03175694501148855,0.031604100816393796
0.02301260055179033,0.007229681189480308,0.007642685180839266,0.015369915370951063,0.01521707117585631
-0.003271980417575926,0.002879153101061016,0.0029516526684448224,-0.006223633086020749,-0.006376477281115501
-0.001641399842011726,-0.0007244143620946941,-0.0009339565694930529,-0.0007074432725186731,-0.0008602874676134257
-0.002055044686285812,-0.0031355866640028207,-0.003533845004036097,0.001478800317750285,0.0013259561226555325
-0.01153215316009093,0.0025817523700197853,0.002630975162135195,-0.014163128322226125,-0.014315972517320877
-0.012083371480306027,0.00034269198975556137,0.00021666939796989422,-0.01230004087827592,-0.012452885073370673
0.0033741811110856723,1.997472142156731e-05,-0.0001313061046123534,0.0035054872156980257,0.003352643020603273
-0.007145862536852121,-0.0048955765157830955,-0.005431584645842506,-0.0017142778910096152,-0.0018671220861043681
0.004233635502459254,-9.693591923765066e-05,-0.0002573670345112156,0.00449100253697047,0.004338158341875717
-0.026559830480766822,-0.008416371322106486,-0.00922794282817376,-0.01733188765259306,-0.017484731847687812
0.02122129787267446,0.006158571742003405,0.0064877428059533174,0.014733555066721143,0.01458071087162639
-0.02374891720756067,-0.002428916406865711,-0.0027718655191554943,-0.020977051688405177,-0.02112989588349993
-0.006081724335928684,-0.005316352490240539,-0.005885293652311995,-0.00019643068361668934,-0.00034927487871144226
0.007867146493800492,0.005047606675254723,0.0052898254169988,0.002577321076801692,0.0024244768817069393
-0.039028605350121315,-0.012258373372913245,-0.013370648303629969,-0.025657957046491348,-0.0258108012415861
-0.01669670281735014,-0.017903202985502964,-0.01945728392611287,0.0027605811087627295,0.0026077369136679775
-0.0022946829879915143,0.00797191259701524,0.008443009094098206,-0.01073769208208972,-0.010890536277184473
0.009199667205386008,0.014216897585460186,0.015176772679763181,-0.005977105474377173,-0.006129949669471925
0.010027315770251954,-0.004478294673592398,-0.004981643248208723,0.015008959018460676,0.014856114823365924
-0.010379040786103078,-0.015560819201407838,-0.016931567906270283,0.006552527120167205,0.006399682925072453
0.005927914225150266,0.0091044925499415,0.009664233109685163,-0.0037363188845348973,-0.0038891630796296494
0.007706259311402119,0.006415695380997066,0.006764990837849759,0.00094126847355236,0.000788424278457607
-0.01079621124877539,0.010938977513132997,0.011642298399905316,-0.022438509648680705,-0.022591353843775457
-0.003638013848964561,-0.0013871187334510982,-0.0016485290740159105,-0.00198948477494865,-0.002142328970043403
-0.030123224646670388,0.009955676641137279,0.010582037147420521,-0.04070526179409091,-0.04085810598918566
0.0037647022920497264,-0.0019995427986508885,-0.002308885964682216,0.0060735882567319426,0.0059207440616371905
0.024378830737160184,0.0027628315736780706,0.0028262269601733838,0.0215526037769868,0.02139975958189205
0.010983971026458095,-0.003919344949506964,-0.0043789459950963165,0.015362917021554411,0.01521007282645966
0.0036215447330669726,0.006871616056117524,0.007256595228534196,-0.0036350504954672236,-0.0037878946905619765
0.005863742008084483,-0.003568666378412577,-0.004000820731916714,0.009864562740001196,0.009711718544906444
0.0022422038618765683,0.0028471487971184484,0.002917143471565763,-0.0006749396096891948,-0.0008277838047839473
-0.017449722162887205,0.0019204463587332299,0.0019179104636575745,-0.01936763262654478,-0.019520476821639533
0.019581071179544107,0.004072700506109195,0.004238615898740696,0.015342455280803411,0.015189611085708658
0.0,0.005581337868471481,0.0058653303509684585,-0.0058653303509684585,-0.006018174546063211
0.003573020361181234,-0.0008324053147991117,-0.0010503996908532776,0.004623420052034512,0.004470575856939759
-0.012461005244911783,0.00325337015914573,0.0033551587142604737,-0.015816163959172257,-0.01596900815426701
0.09148259262910763,-0.0030228605633046968,-0.0034122961270668913,0.09489488875617452,0.09474204456107976
0.018579718236875875,0.009662312168146059,0.010265711806493164,0.008314006430382711,0.008161162235287959
0.010133765675997441,0.003704089049704651,0.0038411541903477157,0.006292611485649725,0.006139767290554973
-0.0028089765092259578,-0.001185699214361291,-0.0014313449774009997,-0.001377631531824958,-0.0015304757269197107
-0.0024144653932127724,0.0007024972279667807,0.0006046356485663637,-0.0030191010417791363,-0.003171945236873889
0.0004033207407805328,0.0027300951851503275,0.0027909283803686006,-0.0023876076395880678,-0.0025404518346828203
0.018145192612223138,0.0025606760900243053,0.0026082492969782024,0.015536943315244935,0.015384099120150183
-0.007524773626044201,-0.0019624672514313435,-0.002268908611614512,-0.0052558650144296885,-0.0054087092095244415
0.011971314876398464,0.0015646460846321375,0.0015342626352088874,0.010437052241189577,0.010284208046094824
0.0007885863538537041,0.0007115345908383919,0.0006143803421289417,0.00017420601172476243,2.136181663000983e-05
-0.013002361490073722,0.0008370427393644686,0.0007497116842879521,-0.013752073174361674,-0.013904917369456427
0.003592820572015931,0.007695488006902673,0.008144949476256616,-0.004552128904240685,-0.004704973099335437
-0.003579958423744145,0.0005031528617669423,0.0003896891216159139,-0.003969647545360059,-0.004122491740454812
-0.011976017812276418,-0.0005925944462060739,-0.0007918194544929988,-0.01118419835778342,-0.011337042552878172
-0.016565650400489296,-0.003756184245747196,-0.004203015130951424,-0.012362635269537871,-0.012515479464632624
-0.012325358881669968,-0.0015827522106851566,-0.0018594742704532445,-0.010465884611216723,-0.010618728806311477
0.01955071944489495,0.0021749356911917594,0.0021923180087549976,0.01735840143613995,0.017205557241045197
0.015095835513243783,0.007507291353015866,0.007942023163826433,0.00715381234941735,0.007000968154322598
-0.010852032135145961,0.0021955703874654287,0.0022145677285903514,-0.013066599863736313,-0.013219444058831065
0.01056482009075932,0.004174424362754614,0.004348301414869198,0.0062165186758901215,0.006063674480795369
0.013268995278257867,-0.004011219709926239,-0.004478011552066864,0.017747006830324732,0.017594162635229976
-0.03650793843018252,-0.008631020716408422,-0.009459392267637557,-0.027048546162544963,-0.027201390357639715
-0.011120282130476888,-0.00663809511563529,-0.007310485606651768,-0.0038097965238251203,-0.003962640718919873
0.0020824338435616596,0.00632356747139462,0.006665652318373372,-0.0045832184748117125,-0.0047360626699064655
0.0008312742397182937,0.0015002511791302187,0.0014648277093326071,-0.0006335534696143134,-0.0007863976647090661
0.01328902391354192,0.009135724328457329,0.009697909317598324,0.003591114595943596,0.003438270400848844
-0.013934432700961286,-0.00316282139344648,-0.0035632113243286964,-0.01037122137663259,-0.010524065571727342
-0.008312504573157908,-0.0010969340964486207,-0.0013356324465008357,-0.006976872126657072,-0.007129716321751825
0.010477786823338997,0.002908158040315856,0.0029829277482280483,0.007494859075110948,0.007342014880016196
0.011613387482730442,0.008575225775086182,0.009093542012393903,0.0025198454703365385,0.0023670012752417865
-0.02624023803461306,7.258178414493166e-05,-7.45816250546221e-05,-0.026165656409558438,-0.026318500604653194
-0.00421054237767271,0.007147785279833618,0.007554379493121175,-0.011764921870793886,-0.011917766065888638
0.019450359375941195,0.00033529222633799094,0.00020869047447592774,0.019241668901465267,0.019088824706370515
-0.0012443254204076437,-0.00043230017186479675,-0.0006189793676798103,-0.0006253460527278334,-0.000778190247822586
0.016611279891927566,0.004459292004863613,0.004655464900244601,0.011955814991682965,0.011802970796588211
-0.014705829646026292,0.004944781081796634,0.005178951934006667,-0.01988478158003296,-0.020037625775127712
0.0024875399608108584,0.0008661436002121992,0.0007810901931955847,0.0017064497676152737,0.001553605572520521
0.0033085162405448454,-0.00019544819997963092,-0.0003635896131128551,0.0036721058536577002,0.0035192616585629478
-0.0012366317544297845,0.005128166675301138,0.005376690636975701,-0.006613322391405486,-0.006766166586500239
-0.007841462249216669,3.398471712534601e-05,-0.0001161995832868443,-0.007725262665929824,-0.007878106861024577
0.002079835073061531,-0.005780822450430323,-0.006386116458187151,0.008465951531248683,0.00831310733615393
-0.0008302390052713493,0.0029460216619106028,0.003023754856185532,-0.003853993861456881,-0.004006838056551634
0.025342775990260247,0.008378802677341701,0.00888174539391962,0.016461030596340624,0.016308186401245872
0.00040519565470753527,-0.007059870562045378,-0.007765272311122464,0.00817046796583,0.008017623770735246
0.006885381636968502,0.0035333728907271933,0.003657076525319853,0.0032283051116486485,0.003075460916553896
-0.006436035538369356,-0.0028032386528962228,-0.0031754849857016,-0.003260550552667756,-0.0034133947477625083
0.005263123755107513,0.004902451368978156,0.005133309185577948,0.0001298145695295648,-2.3029625565188123e-05
0.007249307520292403,0.006655262605488987,0.007023308360724098,0.00022599915956830492,7.315496447355199e-05
-0.005597736440112633,-0.002855178689662563,-0.003231490232929964,-0.002366246207182669,-0.0025190904022774213
0.01286689521615969,0.006976215252569862,0.007369381129775563,0.0054975140863841275,0.005344669891289375
-0.0039698443568718655,-0.001514532772802224,-0.0017859154760765403,-0.0021839288807953255,-0.002336773075890078
0.007971333667721181,0.0018701968845122874,0.001863728094871441,0.00610760557284974,0.005954761377754987
0.015025668130098424,0.00836655302646827,0.008868536994997728,0.006157131135100696,0.006004286940005944
-0.0019477692603017127,0.003862162248501333,0.004011599363858329,-0.005959368624160042,-0.006112212819254795
-0.006635443822219367,-0.0026519776473655776,-0.0030123851779585943,-0.0036230586442607725,-0.003775902839355525
-0.0058939694059789716,0.0002890760711180551,0.0001588571019914027,-0.006052826507970374,-0.006205670703065127
0.0027668618293992253,0.0011409766124783616,0.0010774336645667352,0.00168942816483249,0.0015365839697377374
0.003941603106549785,-0.009042160974207403,-0.009902711395175937,0.013844314501725722,0.01369147030663097
-0.020808747294271956,-0.015730711659182384,-0.017114757401162282,-0.0036939898931096747,-0.0038468340882044268
-0.009222191044898964,0.010053584595046017,0.010687608100112562,-0.019909799145011526,-0.020062643340106278
-0.006070401622334742,-0.0008668741908683941,-0.00108756635545593,-0.004982835266878812,-0.005135679461973565
0.0960912321526799,0.003134358792605374,0.003226832640175029,0.09286439951250487,0.09271155531741011
-0.044948030772363534,-0.01770582037552626,-0.019244452696900324,-0.02570357807546321,-0.025856422270557962
0.032283230673312735,0.007254613892351713,0.007669569300976997,0.024613661372335737,0.024460817177240985
0.009042945095670607,0.014980414164082134,0.016000047698628554,-0.006957102602957947,-0.007109946798052699
0.029873010326675775,0.01125059589785371,0.011978306338361321,0.017894703988314456,0.017741859793219704
0.0076142491806456825,0.003325672876785646,0.0034331203759921085,0.004181128804653574,0.004028284609558822
0.003958211564558445,-0.005400853672730133,-0.00597640852074593,0.009934620085304375,0.00978177589020962
0.01648749097171187,0.007326397804890528,0.007746971552092862,0.008740519419619008,0.008587675224524256
0.018335632553732717,0.0016884725532351208,0.0016677806767675244,0.016667851876965192,0.01651500768187044
0.006578966051901114,0.006462646466197652,0.006815616661357125,-0.0002366506094560114,-0.00038949480455076433
0.0020639651383644875,-0.0016304457368023773,-0.0019109006437806962,0.003974865782145184,0.003822021587050431
0.008238986796472059,0.0018435333204338544,0.0018349776435592905,0.006404009152912768,0.006251164957818016
-0.01736466511095791,-0.002919942636890105,-0.0033013230844598992,-0.014063342026498012,-0.014216186221592764
0.012820475539146559,0.004705785881164548,0.004921251205799509,0.00789922433334705,0.0077463801382522965
0.005131701022216273,-0.00381551976362815,-0.004266994684206177,0.00939869570642245,0.009245851511327697
0.007147753499656906,-0.01051810302712286,-0.011494171561831761,0.018641925061488665,0.018489080866393913
-0.02568436042455946,-0.03351362667122315,-0.03628949453449732,0.01060513410993786,0.010452289914843108
-0.031217468640720725,-0.030279995565056117,-0.03280277560203065,0.0015853069613099222,0.00143246276621517
-0.013963458123420258,-0.0037785406053220116,-0.004227121264159347,-0.00973633685926091,-0.009889181054355664
-0.04575164077686844,-0.04416324258407911,-0.04777262795563379,0.0020209871787653516,0.0018681429836705996
-0.02207001174093537,-0.008238340444361891,-0.00903597794052412,-0.01303403380041125,-0.013186877995506002
0.01439684517123907,0.046039229006110016,0.049489754524847294,-0.035092909353608225,-0.03524575354870298
-0.013425407961903946,-0.028107896121075893,-0.03046067163102346,0.017035263669119515,0.016882419474024763
0.04354591248577,0.04220259077449118,0.04535283268063992,-0.0018069201948699223,-0.0019597643899646744
-0.03204175132125109,-0.033922077046888544,-0.03672991324988188,0.0046881619286307935,0.0045353177335360415
-0.035026938546811714,-0.01705385200037013,-0.018541456466844578,-0.016485482079967136,-0.01663832627506189
-0.09373755125951966,-0.07596969747745097,-0.08206849065928698,-0.011669060600232678,-0.011821904795327437
0.03433101717512099,0.04939630628156144,0.0531095814345237,-0.018778564259402705,-0.018931408454497457
-0.06851066427027908,-0.048868445131273974,-0.052846094366538386,-0.01566456990374069,-0.01581741409883544
-0.0721790757314148,-0.09511268097833658,-0.10270974527523238,0.030530669543817585,0.030377825348722826
0.07484000481204078,0.09287124972971839,0.09998719469087526,-0.025147189878834478,-0.025300034073929237
0.0018323827607487075,-0.11984055240393443,-0.1293730023470735,0.1312053851078222,0.13105254091272744
0.10105162321292904,0.05995484974402432,0.06449451440341746,0.03655710880951159,0.03640426461441683
-0.1594684453801648,-0.051830762729157875,-0.05604026479396359,-0.10342818058620121,-0.10358102478129597
0.11758898690855824,0.0047078080405855705,0.0049234316343351875,0.11266555527422305,0.11251271107912829
-0.07957564445741117,-0.04335951230846191,-0.04690599181917204,-0.03266965263823913,-0.03282249683333388
-0.004803092360015082,-0.02929386782180443,-0.031739466226490314,0.02693637386647523,0.02678352967138048
0.0777027347348358,0.09382773976227554,0.10101854668983158,-0.023315811954995783,-0.02346865615009054
-0.0031347825823280218,0.011535011448221999,0.012284982347961104,-0.015419764930289126,-0.015572609125383878
0.07412397131916637,0.062414163303876835,0.06714631198591103,0.006977659333255337,0.006824815138160578
-0.0602258696464808,-0.033687352562252526,-0.03647681749541161,-0.02374905215106919,-0.023901896346163944
0.05028932366026573,0.03351600948370015,0.03598637545326833,0.014302948206997401,0.01415010401190265
0.0029660887157942906,-0.016012721914555605,-0.017418839859635757,0.020384928575430047,0.020232084380335295
-0.036755421902373575,-0.04414243033166543,-0.047750186782804994,0.01099476488043142,0.010841920685336667
0.049122845469787624,0.02282934723487151,0.0244632961765987,0.024659549293188924,0.024506705098094172
0.007525096346223226,-0.015137125124949469,-0.016474712405609142,0.023999808751832368,0.023846964556737616
0.08464726041030479,0.07033131865275055,0.0756831223207544,0.008964138089550391,0.008811293894455632
0.009946451222366592,-0.0016030527844311804,-0.0018813637168669693,0.011827814939233561,0.01167497074413881
0.06856058682182464,0.03405645287963033,0.036569117936454655,0.03199146888536999,0.031838624690275236
0.018433196548733433,0.014487410153376512,0.015468457556935843,0.00296473899179759,0.002811894796702838
-0.044552690556612484,-0.010104660822607414,-0.011048370320244404,-0.03350432023636808,-0.033657164431462834
-0.0040073080981504194,0.030572589146256046,0.032812581325298414,-0.03681988942344883,-0.036972733618543585
-0.052304326890811104,-0.022030438529415775,-0.023907547372139612,-0.02839677951867149,-0.028549623713766244
-0.03087608034627043,0.005816689462164515,0.006119102296677011,-0.03699518264294744,-0.03714802683804219
-0.008761498022920144,0.026793594848223412,0.028737815054184573,-0.03749931307710472,-0.03765215727219947
0.025311413562237428,-0.01788104803401469,-0.019433394964674222,0.04474480852691165,0.0445919643318169
-0.044670896416471706,-0.030674795694063395,-0.03322847570174971,-0.011442420714721999,-0.01159526490981675
0.01845778418498112,0.022930247703843776,0.024572093860660248,-0.006114309675679129,-0.006267153870773881
0.009665717754957726,-0.0005394221197431159,-0.000734485469485212,0.010400203224442937,0.010247359029348185
0.024331895403951753,0.013918057304545428,0.014854542953786727,0.009477352450165026,0.009324508255070274
0.028037356105847788,0.014714069804799612,0.015712857264848102,0.012324498840999686,0.012171654645904934
-0.004545414152223648,-0.005242380698498916,-0.005805532282425954,0.0012601181302023057,0.0011072739351075528
0.036910170776647266,0.026583916282167053,0.028511725496656853,0.008398445279990414,0.008245601084895662
-0.028256897532611847,-0.009212446303987654,-0.0100863245111352,-0.018170573021476646,-0.018323417216571398
-0.023791509503681696,-0.028059034078492195,-0.030407985284510202,0.006616475780828506,0.006463631585733754
-0.013539666394768002,0.004249827591976452,0.004429606257093005,-0.017969272651861008,-0.01812211684695576
0.030196096382889115,0.009040556385797371,0.009595292829649672,0.02060080355323944,0.02044795935814469
-0.004567980096777391,-0.006979410390386298,-0.007678514732838968,0.0031105346360615774,0.0029576904409668245
0.00573612316322869,0.011504630788313985,0.012252223873477085,-0.006516100710248395,-0.006668944905343147
-0.002281348581099407,0.016871538638701944,0.0180391855262962,-0.020320534107395608,-0.02047337830249036
0.027057964863352435,0.00013307822091168653,-9.350290837452737e-06,0.027067315154189888,0.026914470959095136
-0.1294991309709388,-0.020500317528877154,-0.022257667813717505,-0.10724146315722129,-0.10739430735231603
-0.030264241780920575,-0.01746272460422804,-0.018982330457114973,-0.011281911323805602,-0.011434755518900355
0.012747292990212822,0.01152482269503552,0.012273996147783298,0.0004732968424295235,0.00032045264733477144
0.02126735033191518,0.0039263632504382695,0.0040808252098461185,0.01718652512206906,0.01703368092697431
0.06289840624935916,0.03150119163168075,0.03381386309194488,0.02908454315741428,0.02893169896231953
-0.02598958866780221,-0.010484399194493177,-0.011457829818612356,-0.014531758849189854,-0.014684603044284606
0.03407224560385913,0.01665110025908012,0.017801494012813467,0.016270751591045664,0.01611790739595091
0.007145704698672706,-0.007773596407737116,-0.008534859606970185,0.01568056430564289,0.015527720110548138
0.040599083375040035,0.002353711326488428,0.002385085944177144,0.038213997430862894,0.03806115323576814
0.022348490951256128,0.012289184036080147,0.013098182046410738,0.00925030890484539,0.009097464709750638
0.01741383169100419,0.014827297215913804,0.015834946688484928,0.0015788850025192612,0.0014260408074245091
-0.017115780372340073,-0.0021079145460738413,-0.00242573968456494,-0.014690040687775133,-0.014842884882869885
0.01778434776979787,0.004812335824971425,0.0050361405342749105,0.01274820723552296,0.012595363040428208
0.019657842338016485,0.003751234813537785,0.003891989929473643,0.015765852408542842,0.01561300821344809
-0.010353477799272426,0.008210832780053412,0.008700628933281112,-0.01905410673255354,-0.019206950927648292
-0.0061327590369760765,0.013648979133831007,0.014564404740323176,-0.02069716377729925,-0.020850007972394002
-0.020326659943752934,-0.0033687022311144066,-0.0037852059152267766,-0.016541454028526158,-0.01669429822362091
0.026306076244619225,0.026211650818398713,0.028110323791326552,-0.0018042475467073271,-0.001957091741802079
0.015884426519499284,0.012041579421169235,0.012831198067647823,0.0030532284518514606,0.0029003842567567086
0.0007107483367971845,-0.007799170822611612,-0.008562435664226561,0.009273184001023746,0.009120339805928994
-0.012784112652779234,-0.0053130910724373814,-0.0058817769718906366,-0.006902335680888597,-0.00705517987598335
-0.09820142507762841,-0.05894405927443824,-0.06371030040482144,-0.034491124672806975,-0.034643968867901734
0.009174293778863252,0.013060843963234703,0.013930237772341973,-0.0047559439934787215,-0.0049087881885734735
0.004347850342636628,0.008312217041285264,0.008809948274753635,-0.004462097932117007,-0.004614942127211759
0.044470723136596835,0.01896239819380252,0.020293691175377323,0.024177031961219512,0.02402418776612476
-0.029012827098780503,-0.0036002995561740248,-0.004034929755541756,-0.024977897343238745,-0.0251307415383335
-0.026775340388080715,0.0005942198825281686,0.00048788371926372013,-0.027263224107344435,-0.027416068302439187
-0.006379579262313917,-0.005649494809462974,-0.006244510147175438,-0.0001350691151384793,-0.0002879133102332322
-0.0028089765092259578,0.006495095537691675,0.006850605436577464,-0.009659581945803422,-0.009812426140898174
-0.012877251103096121,0.004307419569164139,0.004491705807296962,-0.017368956910393085,-0.017521801105487837
-0.020383203669138372,-0.025855145939064572,-0.0280316046002306,0.007648400931092227,0.007495556735997475
0.017478154985129057,0.010959447267809841,0.01166437026859763,0.005813784716531427,0.005660940521436675
0.011042885152964699,-0.024226905044785974,-0.026275925561310445,0.03731881071427515,0.03716596651918039
0.02710356370972855,0.014685678433118632,0.015682243774963626,0.011421319934764924,0.011268475739670172
0.006695552594745191,0.015409875731554612,0.016463122096699905,-0.009767569501954714,-0.009920413697049466
-0.006651020338261704,0.005022132820864389,0.005262357790831954,-0.011913378129093658,-0.01206622232418841
0.012209585692916525,0.004541250844364075,0.0047438384431710825,0.007465747249745442,0.007312903054650689
0.011284007765357762,0.01588172586745884,0.01697190270528775,-0.005687894939929987,-0.005840739135024739
-0.023470589292941657,-0.010818532028197159,-0.011818114352928136,-0.011652474940013521,-0.011805319135108273
0.0015760802541389118,0.007827461915415501,0.00828725263647972,-0.006711172382340808,-0.00686401657743556
0.007474450569919577,-0.005643606159361103,-0.006238160607873411,0.013712611177792988,0.013559766982698236
-0.013666551078809874,0.01046620127324438,0.011132519203602987,-0.024799070282412863,-0.024951914477507615
0.005146443372473275,-0.009362541127788226,-0.010248166863162498,0.015394610235635773,0.01524176604054102
0.012209585692916525,0.013406370782667931,0.014302808069768658,-0.0020932223768521333,-0.0022460665719468854
0.01945525234073231,0.009082050740923053,0.009640034839129752,0.009815217501602557,0.009662373306507805
0.007633543884232319,-0.0034061012455366413,-0.0038255320524268137,0.011459075936659133,0.01130623174156438
0.02537879113542374,0.002848612194617406,0.0029187214053491214,0.022460069730074618,0.022307225534979866
-0.011451772051613851,0.0084069387471426,0.008912083600115406,-0.020363855651729258,-0.02051669984682401
-0.0037369350005385105,0.0016790373419135474,0.0016576069962001855,-0.005394541996738696,-0.005547386191833449
0.009752446750560528,0.005747082068739751,0.006044046915118207,0.0037083998354423215,0.0035555556403475685
-0.0011144385795126555,-0.012319859824193036,-0.013436947138199741,0.012322508558687086,0.012169664363592334
-0.016362909508966683,-0.006190400054688405,-0.006827750627390133,-0.00953515888157655,-0.009688003076671302
0.023440412627642626,0.007395138795039502,0.007821092719263671,0.015619319908378955,0.015466475713284203
-0.022903544103227702,-0.006473392152297919,-0.007132891774316797,-0.015770652328910905,-0.015923496524005657
0.02079392140627756,0.01242838167815008,0.013248274322871812,0.007545647083405748,0.007392802888310996
-0.05444441901312935,-0.003750251937389204,-0.004196618516376066,-0.050247800496753287,-0.05040064469184804
-0.0027419349898203382,0.007670504990141325,0.008118011104292727,-0.010859946094113065,-0.011012790289207817
0.012568798652000446,0.00718102343932614,0.007590219116188227,0.004978579535812219,0.004825735340717466
-0.033747122422850606,0.0036119303819721615,0.003741782505383111,-0.037488904928233716,-0.03764174912332847
-0.01686070168071796,0.006429743053199433,0.0067801379845145926,-0.023640839665232553,-0.023793683860327305
-0.0032666363598908843,0.00642769555966427,0.0067779302390301,-0.010044566598920984,-0.010197410794015737
-0.0057353293946570405,0.0006330295486443038,0.0005297309161662257,-0.006265060310823266,-0.006417904505918019
0.003296247309318101,0.002742218294476073,0.0028040003336677337,0.0004922469756503674,0.00033940278055561487
-0.010677627302203008,-0.007969132154236114,-0.00874569942354413,-0.0019319278786588782,-0.0020847720737536303
0.011207989043315214,0.013996549490237653,0.014939178517002896,-0.003731189473687682,-0.0038840336687824342
-0.006157697952403174,-0.002047174350497949,-0.002360245513175913,-0.0037974524392272607,-0.003950296634322013
-0.0028913547076138135,-0.00017188262276812694,-0.0003381796199750628,-0.002553175087638751,-0.0027060192827335033
-0.005799477762558514,0.0027098425110787527,0.002769090582611224,-0.008568568345169739,-0.00872141254026449
-0.0033333301544189453,0.002303389154016955,0.0023308251872390657,-0.0056641553416580115,-0.0058169995367527635
0.005852817274327071,-0.0044043954214108005,-0.004901960095363831,0.010754777369690903,0.01060193317459615
-0.011221885137496779,0.0031586327691348615,0.0032530064771876064,-0.014474891614684385,-0.014627735809779137
-0.011769679523751297,0.0034411070444764214,0.003557589273255422,-0.015327268797006719,-0.015480112992101471
0.008932330175593695,0.010043718303008653,0.010676969599272342,-0.001744639423678647,-0.001897483618773399
-0.009274844844984087,0.0035963511532906,0.0037249839313300503,-0.012999828776314138,-0.01315267297140889
0.006382962490649957,0.010195626139483993,0.010840766863721731,-0.004457804373071774,-0.004610648568166526
-0.013953485371200336,0.0016730440109038458,0.0016511445828902036,-0.01560462995409054,-0.015757474149185293
0.0021441314349706087,0.00673256535528588,0.007106661394016769,-0.0049625299590461604,-0.005115374154140913
-0.009841739038315866,-0.0021949627140287475,-0.0025196008843369443,-0.007322138153978922,-0.007474982349073674
0.015125340998336068,0.007525003016613407,0.007961121072883917,0.00716421992545215,0.007011375730357398
0.02767133354038931,0.015365910154807594,0.016415715449563106,0.011255618090826203,0.01110277389573145
-0.0376967634805464,-0.03512584371534122,-0.03802789557852833,0.000331132097981926,0.00017828790288717394
-0.03142486253213472,-0.008133027264274895,-0.00892242217402147,-0.022502440358113253,-0.022655284553208005
-0.018222215440538148,-0.027756342102360998,-0.030081602401234007,0.01185938696069586,0.011706542765601107
0.0158442905863323,0.02014498633677464,0.021568837390895726,-0.005724546804563427,-0.005877390999658179
-0.008912689758447612,-0.01758479659017942,-0.019113956697266093,0.010201266938818482,0.01004842274372373
0.0076438884012361985,0.0005330721905940639,0.0004219501578452059,0.007221938243390993,0.00706909404829624
0.008032142186585878,0.012741829089357504,0.013586254440920917,-0.005554112254335039,-0.005706956449429791
0.00398407047277427,0.005219359577689042,0.005475020968674973,-0.0014909504959007029,-0.0016437946909954558
0.0022045518689493004,-0.004618946596211537,-0.005133303627943658,0.007337855496892958,0.007185011301798205
0.0008799145695761457,-0.008412365876402483,-0.00922362388673901,0.010103538456315156,0.009950694261220404
-0.02065931047712055,-0.011182581807410497,-0.012210657353619411,-0.00844865312350114,-0.008601497318595892
-0.046678675200881536,-0.011571097930805796,-0.012629581615087402,-0.03404909358579414,-0.03420193778088888
0.002354102869491115,0.010517945160813724,0.011188312949551119,-0.008834210080060004,-0.008987054275154756
-0.02724292184654986,-0.023721455093028143,-0.025730915367399552,-0.0015120064791503095,-0.0016648506742450615
0.014968681168288311,0.0029874591429570607,0.0030684355402013637,0.011900245628086947,0.011747401432992195
0.007611790862402934,0.0159767237756141,0.017074335850576945,-0.009462544988174011,-0.009615389183268763
0.030217156771807918,0.016110590199083896,0.017218679647939474,0.012998477123868445,0.012845632928773693
0.006874409744646037,-0.0048126645432444715,-0.005342183370654611,0.012216593115300649,0.012063748920205895
-0.006372298316975278,0.008253718228220741,0.00874687091300699,-0.015119169229982268,-0.01527201342507702
0.00412277383886539,0.005292907769290922,0.005554325584349249,-0.0014315517454838592,-0.0015843959405786121
0.004105846362894239,-0.009577652178616392,-0.010480114091798113,0.014585960454692352,0.0144331162595976
0.0272603532589879,0.01797270867614209,0.019226541254686223,0.008033812004301678,0.007880967809206926
0.006191923302485192,-0.013973515692226712,-0.015220030314218577,0.02141195361670377,0.021259109421609017
0.016703259813916516,0.01739675486921799,0.018605509053765533,-0.0019022492398490173,-0.0020550934349437694
0.01642892701698817,0.008010123642494982,0.008484210817897023,0.007944716199091147,0.007791872003996395
0.00340280403773785,0.00879353312061526,0.00932893570133421,-0.00592613166359636,-0.006078975858691112
0.011869465232487109,0.01641581296364758,0.017547791397821633,-0.005678326165334525,-0.005831170360429277
-0.028906598650952464,-0.006306918994084421,-0.00695338919859518,-0.021953209452357285,-0.022106053647452037
0.0,-0.006623141753502759,-0.007294361884081161,0.007294361884081161,0.007141517688986408
0.013804990966836517,-0.0015277553060997207,-0.0018001729023783923,0.015605163869214908,0.015452319674120156
0.005106418690782988,0.00013491955745537076,-7.364837711503348e-06,0.0051137835284944914,0.0049609393333997385
-0.0025402782031807014,-0.016329861778318078,-0.017760801428817728,0.015220523225637026,0.015067679030542274
-0.005942249270880384,0.004727334073110212,0.00494448591821741,-0.010886735189097795,-0.011039579384192547
-0.01067463702756577,-0.0021956999281005363,-0.0025203957982207464,-0.008154241229345023,-0.008307085424439776
-0.0038843397622588816,0.005218925396392127,0.005474552805146613,-0.009358892567405495,-0.009511736762500247
0.0025996302487314438,0.003445761353703114,0.003562607863059099,-0.0009629776143276554,-0.001115821809422408
-0.035868623405295064,-0.018589516294535646,-0.020197313177948158,-0.015671310227346906,-0.015824154422441658
-0.009861018315591386,-0.0030256189119989285,-0.0034152703644794954,-0.006445747951111891,-0.006598592146206643
-0.043911240681492436,-0.035287878760604796,-0.03820261268183863,-0.005708627999653805,-0.005861472194748557
0.008049245716796882,0.011947330894238384,0.012729572955686176,-0.0046803272388892935,-0.004833171433984046
-0.036167234600825715,-0.012129550130175693,-0.013231742403529572,-0.022935492197296143,-0.023088336392390895
-0.02144252067456187,0.01231820260127181,0.013129471818597128,-0.034571992493158996,-0.034724836688253755
0.026394456606535943,0.01779929009643455,0.019039549657544983,0.00735490694899096,0.007202062753896208
-0.005337244400483443,0.02204704770168342,0.023619768110572648,-0.02895701251105609,-0.029109856706150843
0.04097561719940934,0.01946019413896294,0.02083044830366749,0.020145168895741854,0.0199923247006471
0.016401142407081126,-0.00028771518741854685,-0.0004630780956832335,0.01686422050276436,0.01671137630766961
0.0179806076554061,0.01169988923568721,0.012462764687449916,0.005517842967956184,0.005364998772861432
0.014039830933584296,-0.0013997945931910616,-0.0016621970400545634,0.01570202797363886,0.015549183778544107
0.0008932763871765115,0.007651855318760337,0.008097901772042565,-0.007204625384866053,-0.007357469579960805
-0.013833086481621737,-0.009978532303877019,-0.010912370053132139,-0.0029207164284895983,-0.0030735606235843503
0.02805424982728133,0.013610335409063534,0.014522736472563502,0.013531513354717828,0.013378669159623076
0.028609222954370628,0.011648051240012336,0.012406869467801637,0.01620235348656899,0.016049509291474237
0.008557931040167777,-0.004791925698091615,-0.005319821350480432,0.013877752390648208,0.013724908195553456
-0.03436569692108449,-0.011563829610944043,-0.012621744422891648,-0.021743952498192838,-0.02189679669328759
0.0017574256492296492,0.003946442467421596,0.004102475974483851,-0.0023450503252542016,-0.0024978945203489545
-0.008771879924703185,-0.006792562915180156,-0.007477043195766489,-0.0012948367289366963,-0.0014476809240314492
0.019026561854766477,0.005635930617216234,0.005924195930984899,0.013102365923781579,0.012949521728686825
0.029526633849449313,0.016161668273416252,0.017273755469194692,0.012252878380254621,0.01210003418515987
0.010544074637426792,-0.001584418237524976,-0.001861270692844567,0.012405345330271359,0.012252501135176607
0.0020868591953153715,0.002396979198154181,0.0024317402786857402,-0.0003448810833703688,-0.0004977252784651213
-0.02457310066487106,-0.004595548640170977,-0.005108074375246262,-0.0194650262896248,-0.019617870484719552
0.01579849863484495,0.011271187194776155,0.012000509262092047,0.0037979893727529013,0.0036451451776581493
0.010088262374194468,0.0017911667548251575,0.0017785124841946743,0.008309749889999794,0.00815690569490504
0.005826025203829577,-0.000624157213091503,-0.000825852556367413,0.00665187776019699,0.006499033565102237
0.02399668687940637,0.008836275129611826,0.009375023015281606,0.014621663864124765,0.014468819669030013
0.029494930999447666,-0.0019356376714373402,-0.002239979150756466,0.03173491015020413,0.03158206595510938
0.013343805286350152,0.002787148065356293,0.0028524466398838887,0.010491358646466263,0.010338514451371511
-0.002711064897427229,-0.007949201604598555,-0.008724208962055429,0.0060131440646282,0.005860299869533448
0.010097096267255745,-0.0012851080682624305,-0.001538534301591652,0.011635630568847397,0.011482786373752645
-0.0011534289266247333,-0.0012649972997506032,-0.0015168495159700293,0.000363420589345296,0.00021057639425054332
0.012317155522038714,-0.004359258971957769,-0.004853290934384996,0.01717044645642371,0.017017602261328958
0.015209183934699277,0.012921249154708825,0.013779717244248039,0.0014294666904512386,0.0012766224953564866
-0.011985078390597814,0.0017727951669590514,0.001758703000326814,-0.013743781390924628,-0.013896625586019382
0.0034116814045144217,0.005757654753379748,0.0060554470960575155,-0.002643765691543094,-0.0027966098866378467
0.03928979760126583,-0.0035111185091528663,-0.003938768741852581,0.04322856634311841,0.04307572214802366
-0.010905166917963838,-0.0039062790518439305,-0.004364857463889251,-0.006540309454074586,-0.006693153649169339
0.013965493601654666,-0.002073092860288006,-0.002388192596754484,0.01635368619840915,0.016200842003314397
-0.0007249169138476841,0.000745811250824957,0.0006513397464001801,-0.0013762566602478642,-0.0015291008553426169
0.005440682632957383,0.0035365890047962534,0.003660544356202658,0.0017801382767547252,0.0016272940816599727
0.00757579354340443,0.008722529021144565,0.009252374297210202,-0.0016765807538057717,-0.0018294249489005238
-0.01969212812028709,-0.00222738052560012,-0.0025545559530024678,-0.01713757216728462,-0.017290416362379372
-0.0021913611315356185,0.0013415471654707467,0.0012937023487342404,-0.0034850634802698587,-0.0036379076753646116
0.0036603361122538036,0.006438845522919845,0.006789952880668281,-0.003129616768414477,-0.00328246096350923
-0.018599570658745512,-0.014754827521051062,-0.016062493370850646,-0.0025370772878948664,-0.0026899214829896184
0.007803827313714651,0.007082595157549276,0.007484087110930412,0.00031974020278423883,0.0001668960076894859
0.024336276806353085,0.005709842747752214,0.006003892970139197,0.01833238383621389,0.018179539641119135
0.0208783264712038,0.014847403800101189,0.015856626962286006,0.005021699508917794,0.004868855313823042
0.017983082436736186,0.005491862685268911,0.005768852179830341,0.012214230256905845,0.012061386061811091
0.0031173620582980455,-0.006554750898592476,-0.007220618256315926,0.01033798031461397,0.010185136119519218
0.018301129261073523,0.0004157884466327033,0.0002954869228272268,0.018005642338246298,0.017852798143151542
-0.011529337240649307,0.0022756417379066196,0.0023009060536389393,-0.013830243294288246,-0.013983087489382998
0.031560894968558184,-0.0037534511943366766,-0.004200068170774585,0.03576096313933277,0.035608118944238015
-0.0003325649811548592,-0.007190027975370938,-0.007905616803843853,0.007573051822688994,0.007420207627594242
0.0026613414879363972,0.008136379515524483,0.008620348406995392,-0.005959006919058995,-0.006111851114153747
0.008958210458902549,0.013935625421946263,0.014873486081663145,-0.005915275622760596,-0.006068119817855348
-0.018086130872090544,0.0003167233075522802,0.0001886682151148968,-0.018274799087205442,-0.018427643282300194
0.008372404383452547,-0.0030106116552376383,-0.0033990885290888766,0.011771492912541424,0.011618648717446672
0.011956117426286994,0.0036158389430824833,0.0037459969793211157,0.008210120446965879,0.008057276251871127
0.0036101284158334135,-0.0014888337468982327,-0.0017582050548121894,0.005368333470645603,0.00521548927555085
-0.010464345834616862,-0.025677883699462,-0.02784046851001456,0.017376122675397697,0.017223278480302945
-0.002974228417288338,0.009760625975629766,0.010371720377855113,-0.013345948795143451,-0.013498792990238203
-0.030825333205966032,-0.019311475173124593,-0.02097577788458636,-0.009849555321379672,-0.010002399516474424
0.053693560434805,0.016051767614439383,0.017155253173860383,0.03653830726094462,0.03638546306584986
-0.04024666642688102,0.013898223484416938,0.014833156792572093,-0.05507982321945311,-0.05523266741454786
0.006763637639619624,0.0010087690809532646,0.0009348785962708812,0.005828759043348743,0.00567591484825399
0.013100415977545854,0.010853322230420792,0.01154993910285104,0.0015504768746948134,0.0013976326796000613
0.014257304620400202,0.003897495164625342,0.004049697694664798,0.010207606925735404,0.01005476273064065
0.028440631825598972,0.007399348360373592,0.007825631756236639,0.020615000069362333,0.02046215587426758
-0.006675114131719839,-0.0011135249921484514,-0.0013535218680965318,-0.005321592263623307,-0.00547443645871806
-0.011200012207031262,-0.00034518493235935477,-0.0005250458468429091,-0.010674966360188354,-0.010827810555283106
0.0019417303133686392,0.0016624551635393559,0.0016397269742123447,0.00030200333915629454,0.00014915914406154183
0.01841090500738174,0.0047110331133788375,0.004926909125118048,0.013483995882263691,0.01333115168716894
-0.02156677102337634,-0.0005692724183511411,-0.0007666720726811945,-0.020800098950695147,-0.0209529431457899
-0.01588329870532157,-0.0003204020092266724,-0.0004983232293112462,-0.015384975476010324,-0.015537819671105076
-0.023386066454135768,-0.004415835627354592,-0.004914295696224257,-0.01847177075791151,-0.018624614953006262
-0.00978074239156057,-0.0018548966445751658,-0.0021529187354696884,-0.007627823656090882,-0.007780667851185635
-0.0027247929851147434,-0.0077328394581538396,-0.008490912717830425,0.005766119732715682,0.00561327553762093
-0.01775957805905526,0.0012563181187927874,0.0012018026480907819,-0.01896138070714604,-0.019114224902240795
0.005910990088352719,0.01135161376597904,0.01208723061009976,-0.006176240521747041,-0.006329084716841793
-0.01382646437299595,-0.02447880752512621,-0.026547543788158445,0.012721079415162494,0.012568235220067742
-0.010865803218719217,-0.004750214169902844,-0.005274845170371164,-0.005590958048348053,-0.005743802243442806
0.029057463576365183,0.023790763506800205,0.025499959978762823,0.00355750359760236,0.003404659402507608
-0.03477962111019772,-0.008080851690870694,-0.00886616295532031,-0.025913458154877413,-0.026066302349972165
-0.01498394812719539,-0.01306622187199813,-0.014241724986109948,-0.0007422231410854421,-0.0008950673361801942
-0.02028255562881287,-0.013417213930100202,-0.014620188272103192,-0.005662367356709679,-0.005815211551804431
0.015896499715484236,0.01949596819778221,0.020869022304251056,-0.00497252258876682,-0.005125366783861572
0.01310045911020663,-0.005359231030161227,-0.005931528183100884,0.019031987293307514,0.018879143098212762
0.027658062268081318,0.01415464230382213,0.015109644840499304,0.012548417427582014,0.012395573232487262
0.02446692906876602,0.006030313342701321,0.00634944595810275,0.018117483110663267,0.017964638915568515
0.004094194521321537,0.010395487004435822,0.011056270314426943,-0.006962075793105406,-0.007114919988200158
0.0013591236073373647,0.0010153984958789497,0.000942026878116785,0.0004170967292205797,0.0002642525341258271
0.008822539360020087,0.006491921301497117,0.006847182761240571,0.0019753565987795166,0.0018225124036847637
0.0050453959246510305,-0.0015696837343783798,-0.0018453829587787528,0.0068907788834297835,0.006737934688335031
0.00468545183832858,0.00287938213053085,0.002951899623450617,0.0017335522148779633,0.0015807080197832108
-0.011658906600023444,-0.014760539319459198,-0.016068652216740673,0.004409745616717229,0.004256901421622477
-0.008763068022017761,-0.0006027039747036333,-0.0008027202292732532,-0.007960347792744508,-0.00811319198783926
0.012240755260773728,0.007025118077311765,0.007422111450359597,0.004818643810414131,0.004665799615319378
-0.03997314463417412,-0.007630854183940605,-0.008380945323666658,-0.03159219931050746,-0.03174504350560221
-0.03219034565254986,-0.00546733601831495,-0.006048094265165968,-0.026142251387383887,-0.026295095582478643
0.009399863713526413,0.005240265846959469,0.005497563516813325,0.0039023001967130877,0.0037494560016183348
0.03510027004148952,0.016631202604519668,0.01778003902101329,0.017320231020476234,0.01716738682538148
-0.025605528750377138,-0.0008680126852336212,-0.0010887939567893578,-0.02451673479358778,-0.024669578988682533
-0.004971569261613573,-0.0031578329337678124,-0.0035578324309934965,-0.0014137368306200767,-0.0015665810257148292
0.004996409256290635,0.0036224990395776757,0.003753178344102508,0.0012432309121881268,0.0010903867170933743
0.02272725117600638,0.011825201774944727,0.012597885110515912,0.010129366065490468,0.009976521870395716
0.011458330987780041,0.014438226417743616,0.015415424339302083,-0.0039570933515220424,-0.0041099375466167945
-0.014074832105189783,-0.0009735307519511682,-0.0012025706458618027,-0.01287226145932798,-0.013025105654422733
-0.025766009359689312,0.001475232784985625,0.0014378511910904668,-0.02720386055077978,-0.02735670474587453
0.0021444379654274037,0.0042206328286402695,0.004398126496195414,-0.0022536885307680105,-0.0024065327258627634
-0.00855926072148927,0.007719934348738189,0.008171309169155686,-0.016730569890644954,-0.016883414085739706
0.019424493897376216,-0.00019607884876882142,-0.0003642696211288635,0.01978876351850508,0.019635919323410328
-0.0031757287262990097,0.0032944868090414303,0.003399493456512776,-0.006575222182811785,-0.006728066377906538
0.009557538327917614,-0.004087726727828533,-0.004560506573616399,0.014118044901534014,0.01396520070643926
0.01823283483230509,0.01109419052516647,0.011809659527335765,0.006423175304969324,0.006270331109874572
-0.005853996933004479,0.0036088195555097347,0.003738428202691788,-0.009592425135696268,-0.00974526933079102
-0.009352284375300446,-0.005306560094486046,-0.005874734831422908,-0.0034775495438775375,-0.0036303937389722905
-0.025174867520967648,-0.006802319771775922,-0.007487563695940099,-0.017687303825027548,-0.0178401480201223
0.0021521296663253864,0.009306055472153574,0.009881571833208636,-0.00772944216688325,-0.007882286361978002
-0.007874059287685142,-0.009210657476561801,-0.010084395676878027,0.0022103363891928848,0.0020574921940981327
0.005411310591434182,0.010928696540176919,0.011631212762158397,-0.006219902170724215,-0.0063727463658189674
-0.002152901739656543,0.001782270924804541,0.0017689204008881603,-0.003921822140544704,-0.0040746663356394566
-0.015821597812248456,-0.00021489588801437698,-0.00038455942068742134,-0.015437038391561034,-0.015589882586655788
-0.0036536491926730807,-0.0008455399168898481,-0.0010645623038034206,-0.00258908688886966,-0.0027419310839644126
0.009901006719154726,0.006762806734045723,0.007139269686182423,0.002761737032972303,0.00260889283787755
-0.04865650355996842,-0.007194706699326425,-0.007910661719253118,-0.04074584184071531,-0.04089868603581005
0.012213728454423034,0.002748090747253684,0.0028103324079234095,0.009403396046499625,0.009250551851404873
-0.021116190181930228,-0.006678337608227225,-0.007353877773600666,-0.013762312408329562,-0.013915156603424315
0.002696517898366224,0.0007034637617677753,0.0006056778304331725,0.0020908400679330516,0.0019379958728382991
0.007683398014408427,0.008165456466051824,0.008651701134184564,-0.0009683031197761371,-0.0011211473148708892
0.021349652423336307,0.007373341616968343,0.007797589533229212,0.013552062890107096,0.013399218695012342
-0.004852596628314609,-0.010435647322188157,-0.011405262265116558,0.006552665636801949,0.006399821441707197
0.006751699407577139,-0.00867391280271812,-0.009505641405055798,0.016257340812632935,0.016104496617538183
-0.02645309194429457,-0.021449400664502738,-0.02328103319734442,-0.0031720587469501495,-0.0033249029420449015
0.02985077350544474,0.012173141406923493,0.012973057064998336,0.016877716440446403,0.01672487224535165
0.024526192908008504,0.014917956876899785,0.015932702043376202,0.008593490864632302,0.00844064666953755
0.00761701103176704,-0.0025300521932207776,-0.002880916938274265,0.010497927970041305,0.010345083774946553
-0.013318964366018426,-0.008517292959364653,-0.009336763337307433,-0.003982201028710993,-0.004135045223805745
-0.0014592852390142852,-0.002943411456817757,-0.0033266287473749843,0.001867343508360699,0.0017144993132659466
-0.0036536491926730807,0.010554741756143349,0.011227989517896044,-0.014881638710569125,-0.015034482905663877
0.0033003355730514272,-0.0007838806801412357,-0.0009980771602993224,0.00429841273335075,0.004145568538255997
0.02083332171449448,0.009911292190138532,0.01053417884184283,0.01029914287265165,0.010146298677556898
0.00035804614294909776,-0.0021252837802967495,-0.0024444683631986786,0.0028025145061477763,0.002649670311053024
0.024337877314887457,0.0018768165702687245,0.0018708658860715347,0.022467011428815922,0.02231416723372117
0.015024401999237158,0.0011653145418315525,0.001103676459822807,0.013920725539414352,0.013767881344319598
0.012048206218994162,0.0007688818911402162,0.0006762160652288584,0.011371990153765303,0.01121914595867055
-0.012244854002515959,-0.0004923335226864056,-0.000683711371429376,-0.011561142631086582,-0.011713986826181336
0.00757573369210407,0.0014469348384307246,0.001407338438471676,0.006168395253632394,0.006015551058537641
0.01093642147372087,-0.0036287033416374515,-0.004065556630802876,0.015001978104523746,0.014849133909428993
0.017579461092118942,0.008834095710505974,0.009372673018757988,0.008206788073360954,0.008053943878266202
0.001993337713687149,-0.0007967387044511831,-0.001011941548451115,0.003005279262138264,0.0028524350670435113
0.01094164208805104,0.00017502486450582388,3.5879406543357735e-05,0.010905762681507683,0.01075291848641293
-0.011807169991932098,-0.0018238673194856947,-0.0021194608264816206,-0.009687709165450477,-0.009840553360545231
0.019913720483969,0.004652243012262192,0.00486351767696736,0.01505020280700164,0.014897358611906886
0.004555850930119565,0.0019484346695590737,0.0019480893461708327,0.0026077615839487324,0.0024549173888539794
-0.006802753032464914,0.0018152018730952513,0.0018044287681383143,-0.008607181800603228,-0.008760025995697982
0.004566190161291006,-0.0020116937805257917,-0.0023219879720418326,0.006888178133332839,0.006735333938238086
-0.0035713865496000974,-0.005390124612855707,-0.005964839725492698,0.0023934531758926,0.0022406089807978473
-0.0068426519441810996,-0.00043571559205179966,-0.0006226621038477177,-0.006219989840333381,-0.006372834035428134
-0.044291351763277476,-0.013124468779900589,-0.01430453072673813,-0.029986821036539345,-0.030139665231634097
0.0123584147175817,0.014002289962720793,0.014945368281212578,-0.0025869535636308776,-0.0027397977587256296
-0.005086457093742669,0.005124491902218642,0.005372728249041338,-0.010459185342784007,-0.010612029537878761
-0.023176561064734758,-0.0010832833431588806,-0.0013209132845509784,-0.021855647780183778,-0.022008491975278533
0.013607794547272123,0.005811249724885448,0.006113236805427129,0.007494557741844994,0.007341713546750241
0.002409693769752197,0.0033305973193167304,0.0034384302417254727,-0.0010287364719732757,-0.0011815806670680282
-0.00412090782194352,0.0023149642620619026,0.0023433062486343174,-0.006464214070577838,-0.00661705826567259
-0.004482729681606901,0.00027733619326086867,0.00014619837468282646,-0.004628928056289727,-0.004781772251384479
-0.011430547769766486,0.0013281596467464851,0.0012792670240289541,-0.01270981479379544,-0.012862658988890193
0.013665009710502662,0.0052216268542757405,0.0054774656990540516,0.008187544011448611,0.008034699816353859
-0.004147972276790091,0.007500081663913916,0.00793424919126629,-0.01208222146805638,-0.012235065663151133
-0.014578274351946585,-0.0020218560598241897,-0.002332945626289765,-0.012245328725656819,-0.012398172920751573
-0.005283537222792956,0.003358975310182588,0.0034690293035135183,-0.008752566526306474,-0.008905410721401226
0.008498575533404162,-0.008561024934316985,-0.009383918099249712,0.017882493632653873,0.01772964943755912
0.01931183824611793,0.011277947808795874,0.012007799011640997,0.007304039234476933,0.007151195039382181
0.015156686748250658,0.0034511743312370946,0.0035684445001488256,0.011588242248101833,0.01143539805300708
-0.022395651944010275,-0.0035168126585656267,-0.003944908557406649,-0.018450743386603626,-0.018603587581698378
0.024297145988043445,0.0011649345752446916,0.0011032667542476766,0.023193879233795768,0.023041035038701016
-0.009149456308692905,-0.0032622408541723713,-0.003670412085512457,-0.005479044223180448,-0.005631888418275201
-0.02051984904809656,-0.007538854211077806,-0.008281744754203008,-0.012238104293893553,-0.012390948488988305
-0.02863127487078787,-0.015869512427409305,-0.017264421741505477,-0.011366853129282393,-0.011519697324377146
0.02408339624887179,0.015162609437855634,0.016196502918662918,0.007886893330208873,0.007734049135114121
0.015444034313530253,0.008241819990835397,0.008734041431785295,0.006709992881744958,0.006557148686650206
-0.01797443664978604,0.0020166699583279435,0.0020216652320407466,-0.019996101881826787,-0.02014894607692154
0.014431532897366761,0.010145452020822843,0.01078666574837743,0.003644867148989331,0.003492022953894579
-0.0027758474862309424,0.0023821998626283314,0.0024158042033279236,-0.005191651689558866,-0.005344495884653619
-0.001739709027791747,-0.0047124448070912095,-0.005234119698584547,0.0034944106707927997,0.0033415664756980467
0.010108016827481636,-0.0001862618826539153,-0.00035368430682169126,0.010461701134303327,0.010308856939208575
0.0031055953764500543,0.004206152980007483,0.004382513347784359,-0.0012769179713343045,-0.0014297621664290574
-0.010663896429196629,-0.0054060480514769305,-0.005982009449894688,-0.0046818869793019404,-0.004834731174396693
-0.01077884087188119,-0.001842805614891363,-0.002139881372601942,-0.008638959499279248,-0.008791803694374
-0.008084409258947156,0.0082034265474622,0.00869264303428825,-0.016777052293235405,-0.016929896488330157
-0.04145996118930695,-0.004632387901412294,-0.005147796948851896,-0.03631216424045505,-0.036465008435549805
0.019223677354165414,0.006005446813494242,0.006322633190868509,0.012901044163296904,0.012748199968202152
0.006528846832362323,0.001675266241764728,0.001653540741932641,0.004875306090429682,0.004722461895334929
-0.016216243709529787,-0.0009399082741974318,-0.0011663166249511266,-0.015049927084578661,-0.015202771279673413
0.0032967089781348324,0.0009926793341701323,0.0009175295472033021,0.0023791794309315304,0.0022263352358367775
-0.0036509118784022743,0.0012757437876824707,0.0012227487131395477,-0.004873660591541822,-0.005026504786636575
-0.00842804843784728,0.004146380281677686,0.004318062397113564,-0.012746110834960845,-0.012898955030055597
-0.0011086023610100693,0.001607306655808216,0.0015802621374111623,-0.0026888644984212314,-0.0028417086935159843
0.0,0.002620850702215849,0.0026731336182546617,-0.0026731336182546617,-0.002825977813349414
-0.0036996070636110545,-0.00706069881494753,-0.007766165389207128,0.004066558325596073,0.00391371413050132
-0.008169373123283696,-0.010748470745585936,-0.0117425695574666,0.003573196434182904,0.003420352239088152
-0.005241459919398617,0.0012566922329095842,0.0012022060431383648,-0.006443665962536982,-0.006596510157631734
0.01580730452081114,0.008141567655737925,0.00862594260933715,0.007181361911473989,0.007028517716379237
0.021859953967811707,0.00852379036424833,0.00903808088684204,0.012821873080969668,0.012669028885874916
0.013778069681573024,0.0014957363013194946,0.0014599594638761595,0.012318110217696864,0.012165266022602112
0.00035766198888720346,0.002220118224179668,0.002241036860106127,-0.0018833748712189236,-0.002036219066313676
-0.014658557650244597,-0.005824918819612557,-0.006433664134540062,-0.008224893515704535,-0.008377737710799287
0.017416598653353654,0.008807632480425154,0.009344138581060056,0.008072460072293598,0.007919615877198846
-0.013552106123677299,0.004306570844779589,0.004490790655480662,-0.01804289677915796,-0.018195740974252715
-0.00867678136088701,-0.0013491160395050494,-0.001607552008878914,-0.007069229352008095,-0.007222073547102848
-0.009117432505630796,0.0003116886257619189,0.0001832394819845411,-0.009300671987615337,-0.009453516182710089
0.001472175490113914,0.002842638410522902,0.0029122800688401265,-0.0014401045787262126,-0.001592948773820965
-0.008452758176224151,-0.0003350311257153127,-0.0005140973283817689,-0.007938660847842382,-0.008091505042937135
-0.021126749610647755,-0.003395574405981705,-0.003814181304747143,-0.01731256830590061,-0.017465412500995363
0.015145763757718145,-0.001318566739775151,-0.001574611695576419,0.016720375453294564,0.016567531258199812
0.004102969509242271,-0.004605608657393345,-0.005118921763633663,0.009221891272875933,0.009069047077781181
-0.0029717653595588978,-0.007722578759925436,-0.008479848941660945,0.0055080835821020475,0.0053552393870072955
0.007824108915007066,0.0022764876184568905,0.0023018181390415103,0.005522290775965557,0.005369446580870804
-0.0048058840825582205,-0.00574663850657553,-0.006349257026696166,0.0015433729441379452,0.0013905287490431923
0.017087633104345246,0.008473996979569742,0.008984390304530621,0.008103242799814624,0.007950398604719872
-0.006208914591112946,-0.0015511404489350067,-0.0018253883390145394,-0.004383526252098407,-0.00453637044719316
-0.011025330656175614,-0.009110872450405094,-0.009976800738415897,-0.0010485299177597166,-0.0012013741128544687
-0.01709398316911892,-0.01697731100841482,-0.018458924812181997,0.0013649416430630765,0.0012120974479683244
-0.009829876044696984,-0.0008123585165593639,-0.0010287838822891644,-0.00880109216240782,-0.008953936357502572
0.025200451850080796,0.009519611195260236,0.010111842002700922,0.015088609847379874,0.014935765652285122
0.008938538834576626,0.012134715784494876,0.012931623969875594,-0.003993085135298969,-0.004145929330393721
0.01070502054430622,0.001461009046688222,0.0014225141980990822,0.009282506346207139,0.009129662151112387
0.009130752653865315,-0.0027763826213396126,-0.003146527002986512,0.012277279656851827,0.012124435461757075
-0.025696674123712016,-0.020364110556098214,-0.02211080027838963,-0.003585873845322385,-0.003738718040417137
0.010029734658189682,0.0015691842194003325,0.0015391559578838746,0.008490578700305807,0.008337734505211055
-0.008826765958225957,-0.011909714125195148,-0.012994700410971529,0.004167934452745572,0.00401509025765082
0.005565848396432926,0.01149147763018199,0.012238041252152998,-0.006672192855720072,-0.006825037050814824
-0.004797087316800397,-0.012985898136748442,-0.014155114522755797,0.0093580272059554,0.009205183010860648
0.008898768158267067,0.010524514660609219,0.011195396626866722,-0.002296628468599654,-0.002449472663694406
0.0033076132163212257,0.004102792854185466,0.004271063495982016,-0.0009634502796607904,-0.0011162944747555434
0.011721670736841716,0.008298280656405366,0.008794921125578142,0.002926749611263574,0.0027739054161688217
-0.023895790539703032,-0.0019137230947889883,-0.0022163493776660615,-0.02167944116203697,-0.021832285357131723
-0.00037085763622901613,-0.006865763848056816,-0.0075559733736858285,0.007185115737456812,0.0070322715423620594
-0.004452721181307684,-0.0024167805585421087,-0.002758779829810551,-0.001693941351497133,-0.0018467855465918856
0.003354459666187637,0.00302251448379387,0.00310623457063086,0.0002482250955567768,9.538090046202433e-05
0.028231806342047472,0.01706310194558336,0.01824574199082164,0.009986064351225832,0.00983322015613108
0.009754351690277385,0.007460210377712606,0.007891257284058702,0.0018630944062186829,0.0017102502111239308
-0.019320246897572946,0.00337476955709759,0.003486059724713254,-0.0228063066222862,-0.022959150817380952
-0.004377925302910812,0.007393339551406308,0.007819152653549925,-0.012197077956460738,-0.01234992215155549
0.009527237552610979,0.0036640298040166996,0.003797959612557401,0.005729277940053578,0.005576433744958825
-0.016333897206990744,0.002995871849622578,0.0030775066873547927,-0.019411403894345536,-0.019564248089440288
-0.005904053326933223,-0.0010725536274130976,-0.001309343782093058,-0.004594709544840165,-0.004747553739934918
-0.0059391181974861595,0.004748196569493546,0.004966981267479594,-0.010906099464965752,-0.011058943660060506
-0.005227830224324159,0.0018197952535197182,0.001809381660402205,-0.007037211884726364,-0.007190056079821117
0.0015015359025452035,-0.005051568068462853,-0.005599785248253858,0.0071013211507990615,0.0069484769557043085
0.00487253220688233,0.009829281576461124,0.010445749472510353,-0.005573217265628023,-0.005726061460722775
0.009324878962328365,0.001949334719149265,0.0019490598402820173,0.0073758191220463475,0.0072229749269515945
0.045085042305289535,0.0018000771431341267,0.0017881202652285904,0.04329692204006094,0.04314407784496619
0.1304808535047699,0.0036803630854131963,0.0038155712570538494,0.12666528224771606,0.1265124380526213
0.033781668655054276,0.006461279195357994,0.006814142377814592,0.026967526277239685,0.02681468208214493
0.0021179938408508736,0.004181942361150437,0.004356407827283087,-0.0022384139864322136,-0.0023912581815269665
0.024758445690491904,0.003732799652949259,0.003872111897213102,0.0208863337932788,0.020733489598184048
-0.01414259168114973,0.0008877879113036169,0.0008044285477527004,-0.01494702022890243,-0.015099864423997182
-0.03048417470629905,-0.003498775895770745,-0.003925460104490241,-0.02655871460180881,-0.02671155879690356
0.0009248642189965128,-0.008225823395229703,-0.009022481214783022,0.009947345433779535,0.009794501238684783
0.00862330670681799,0.0005509400447352153,0.00044121648207052946,0.008182090224747461,0.008029246029652708
-0.015572467833074866,0.007222656026415475,0.0076351101766852355,-0.023207578009760102,-0.023360422204854854
-0.0027915678629757412,-1.0739820344718431e-05,-0.00016442459301206722,-0.002627143269963674,-0.0027799874650584265
0.0018661759174554149,0.003865229864862485,0.004014907074507071,-0.0021487311570516565,-0.0023015753521464094
-0.016764949504113003,-0.002601625374463401,-0.0029580919647080417,-0.01380685753940496,-0.013959701734499712
-0.002526047474371129,0.0033847802152713324,0.0034968538908487392,-0.006022901365219869,-0.006175745560314621
-0.027223824191121793,-0.001398665559303236,-0.0016609796396452928,-0.0255628445514765,-0.025715688746571253
0.0016271117850312766,-0.0031971365563219223,-0.0036002122450089487,0.005227324030040226,0.005074479834945473
0.00779726334516595,0.001657132912945114,0.0016339881650219942,0.006163275180143956,0.006010430985049203
-0.004190878987646585,0.0022938506357221833,0.002320540114132665,-0.006511419101779249,-0.006664263296874002
-0.025250851236930383,-0.022724822637582465,-0.024656279103390997,-0.000594572133539386,-0.000747416328634138
0.0019926756800450196,0.013200199537034996,0.01408050034143576,-0.01208782466139074,-0.012240668856485492
-0.008949302521739977,-0.01896131033450521,-0.02059820656237529,0.011648904040635313,0.01149605984554056
-0.0351170317878472,-0.011815187417889228,-0.0128927753461864,-0.022224256441660796,-0.022377100636755548
0.02426339155407531,0.01419443613158311,0.015152553226797578,0.00911083832727773,0.008957994132182978
0.0027072732917610143,-0.008448563730297565,-0.009262654851727547,0.01196992814348856,0.011817083948393809
0.0256496878301693,0.011730872577451423,0.01249617301411845,0.013153514816050848,0.013000670620956096
0.02566636072099393,0.020707080374404274,0.022174925054727297,0.003491435666266633,0.003338591471171881
0.008662189833262834,0.0030852853123166657,0.003173918307282095,0.005488271525980739,0.005335427330885987
0.014631013888640299,-0.007181080169894716,-0.007895968677099132,0.02252698256573943,0.022374138370644676
0.0040752088501934125,0.009549073338481762,0.010143610070606263,-0.0060684012204128505,-0.0062212454155076025
0.005619741243703347,-0.009136167611567658,-0.010004075685504668,0.015623816929208015,0.015470972734113263
-0.007761564952062261,-0.0074706775774360246,-0.008208232114243154,0.00044666716218089327,0.0002938229670861412
0.03191490885427539,0.016348464630746795,0.017475171887529506,0.014439736966745886,0.014286892771651134
-0.03092784936086468,-0.008743415379980468,-0.00958058376676604,-0.02134726559409864,-0.02150010978919339
0.015644556142772714,-0.010287680637092622,-0.011245714615629577,0.026890270758402293,0.02673742656330754
-0.01109059212893726,-0.01138805785140995,-0.01243221546871018,0.00134162333977292,0.001188779144678168
0.024299147385411057,0.017777934551572505,0.019016522670192708,0.0052826247152183495,0.005129780520123597
0.012773666523770322,0.010180197220578835,0.010824130363797077,0.0019495361599732447,0.0017966919648784926
-0.002102092985825532,0.006223699921661829,0.0065579683974312806,-0.008660061383256812,-0.008812905578351566
0.021968087640461098,0.01383893524747526,0.014769228220811736,0.007198859419649362,0.00704601522455461
-0.006772660436892952,-0.0010101548486260992,-0.00124206121453472,-0.005530599222358232,-0.005683443417452985
0.006225884593022313,0.0014018951394270118,0.0013587736003460949,0.004867110992676218,0.004714266797581465
-0.017383623348870447,-0.0029897555945093135,-0.0033766001191835424,-0.014007023229686905,-0.014159867424781657
-0.008095851736722559,-0.0026261799136575448,-0.0029845683232892464,-0.005111283413433313,-0.005264127608528065
0.008766538233919707,0.006374052530970564,0.0067200887111624075,0.0020464495227573,0.0018936053276625469
-0.014084429758755013,-0.000629621957060511,-0.000831745011515276,-0.013252684747239736,-0.01340552894233449
-0.020060784705221324,-0.019392757790687165,-0.021063422279457303,0.0010026375742359789,0.0008497933791412268
-0.0037221693652138566,-0.0009637690162076495,-0.0011920448846623416,-0.002530124480551515,-0.0026829686756462677
-0.02490657732452184,-0.004050216740091761,-0.004520060777511529,-0.02038651654701031,-0.020539360742105064
0.015006424817455954,-0.0014410312534549607,-0.0017066611855718493,0.016713086003027802,0.01656024180793305
0.007234964945345146,0.009159984668711818,0.00972406845106042,-0.0024891035057152747,-0.0026419477008100267
-0.008119932078851533,0.002817754443029452,0.0028854484984705735,-0.011005380577322105,-0.01115822477241686
-0.013853920997692226,-0.0142436152864307,-0.015511269895309484,0.0016573488976172578,0.0015045047025225057
0.009578580693880179,0.0008199802697488323,0.0007313137799227894,0.00884726691395739,0.008694422718862636
-0.021189122660067228,-0.018387945694007368,-0.019979966175146805,-0.0012091564849204227,-0.0013620006800151747
-0.011308574243682368,-0.009689541868338813,-0.010600761094098084,-0.000707813149584284,-0.0008606573446790361
-0.003594791143145648,-0.01103737849414832,-0.012054089357832087,0.00845929821468644,0.008306454019591687
-0.012463075225292775,-0.018914821867908604,-0.020548079565416794,0.008085004340124019,0.007932160145029267
0.010959811259273256,0.002771738943381896,0.002835831486343848,0.008123979772929408,0.007971135577834656
-0.021025009387927174,-0.012171906253646725,-0.013277413629703357,-0.0077475957582238165,-0.007900439953318569
-0.015436211283542,-0.0014966358477518371,-0.0017666178056381556,-0.013669593477903846,-0.013822437672998598
0.07021129704256945,-0.00538408875771057,-0.005958331459794721,0.07616962850236418,0.07601678430726942
-0.009872594576703198,0.024347646888076113,0.026100429161833104,-0.0359730237385363,-0.03612586793363105
0.014795724741557104,0.018885951732779516,0.020211261450335204,-0.005415536708778101,-0.005568380903872853
0.0012678578920648498,0.00686300355780145,0.007247308652561686,-0.005979450760496836,-0.006132294955591589
-0.013928475211532176,0.00942251544733641,0.010007146825226177,-0.023935622036758353,-0.024088466231853106
-0.011877975486865311,-0.024391082077444004,-0.026452952299751087,0.014574976812885776,0.014422132617791024
0.008122157063773727,0.0051569298644233985,0.005407705045477474,0.0027144520182962534,0.0025616078232015005
0.01256846216623786,-0.0037017126347429485,-0.004144280169808749,0.01671274233604661,0.016559898140951854
0.0009548277075956957,0.008401207191663262,0.008905903450820029,-0.007951075743224333,-0.008103919938319085
0.007313180815796905,0.014517207887505545,0.015500587481568916,-0.008187406665772012,-0.008340250860866764
-0.018939405798291675,-0.01811572566845976,-0.019686440202111966,0.0007470344038202903,0.0005941902087255382
-0.01640927381382773,-0.01896945434456343,-0.020606987982742637,0.004197714168914908,0.004044869973820156
0.04219826393213055,-0.0038405967262932217,-0.004294034354973293,0.04649229828710385,0.0463394540920091
0.00941617172986109,0.01576672117072042,0.016847896892541923,-0.007431725162680834,-0.007584569357775586
0.003109405304588142,0.0008812077558950637,0.0007973333808371487,0.0023120719237509934,0.002159227728656241
-0.02727833870280183,-0.021173138152195015,-0.022983148342712402,-0.004295190360089428,-0.00444803455518418
-0.009241523771016724,-0.0071661613961429005,-0.007879882250051089,-0.0013616415209656355,-0.0015144857160603884
-0.012865860938150453,-0.010142945264832837,-0.0110896511853597,-0.0017762097527907524,-0.0019290539478855045
-0.013033548764079694,-0.018412122845487655,-0.02000603560886751,0.006972486844787816,0.006819642649693064
0.0194783171807964,0.014956856067329216,0.015974645771425225,0.0035036714093711757,0.0033508272142764237
0.015544088815740764,0.022372677655603468,0.023970884267003088,-0.008426795451262323,-0.008579639646357076
-0.0073342297547353,-0.002442603440647617,-0.002786623801176492,-0.004547605953558808,-0.00470045014865356
-0.029874668258881076,-0.015473503680411893,-0.016837418428435866,-0.01303724983044521,-0.013190094025539962
0.04172179767225148,0.018642691757321028,0.019948962154560594,0.021772835517690887,0.021619991322596135
0.007946599086946282,-0.005254666430088317,-0.005818779586006833,0.013765378672953115,0.013612534477858363
-0.0015767656418832487,-0.007934042550334475,-0.008707863448369576,0.007131097806486327,0.006978253611391575
-0.015476935359436395,-0.029518158313449172,-0.03198131134670161,0.016504375987265216,0.016351531792170464
-0.028873904919068605,-0.00723375351819977,-0.007952764630237195,-0.020921140288831408,-0.021073984483926163
0.018830514905989304,0.02569824789143582,0.027556738163698424,-0.00872622325770912,-0.008879067452803872
-0.00032426163529042373,-0.004291813651667864,-0.004780566845755159,0.004456305210464735,0.004303461015369982
0.02140771485713233,-0.012961545123475138,-0.014128855463000743,0.035536570320133076,0.035383726125038324
-0.029533195043994653,-0.007421002465963666,-0.008154669062071638,-0.021378525981923018,-0.02153137017701777
0.017015722082822204,0.021408574170870942,0.022931322930936342,-0.005915600848114138,-0.00606844504320889
0.025096547250972323,0.02238376135718223,0.023982835460836786,0.0011137117901355367,0.0009608675950407847
-0.0034526242386768713,0.01234781757145198,0.013161404674826368,-0.01661402891350324,-0.016766873108597993
-0.007244080070435532,0.011662294827948783,0.012422227864011256,-0.019666307934446788,-0.01981915212954154
0.013642141463543922,-0.00043466036210393355,-0.0006215242838192323,0.014263665747363154,0.014110821552268402
0.011893616871396784,0.0113041136006502,0.012036012731402496,-0.0001423958600057125,-0.00029524005510046455
-0.008660766413108645,-0.012272698789159042,-0.013386094932636112,0.004725328519527467,0.004572484324432715
0.016536742795964843,0.01434391292056647,0.015313729172043352,0.001223013623921491,0.001070169428826739
0.0039900934963748025,0.005066170567449069,0.0053098422563503415,-0.001319748759975539,-0.001472592955070292
-0.011005827588740358,0.007144955276586762,0.00755132799294203,-0.01855715558168239,-0.01870999977677714
0.020401850959594015,0.012256547427530462,0.013062991056101215,0.007338859903492799,0.007186015708398047
-0.01878215581369258,-0.0062937001746978805,-0.006939135776882355,-0.011843020036810224,-0.011995864231904978
-0.009570780007264301,-0.015652540713177343,-0.017030468220221143,0.007459688212956842,0.00730684401786209
0.004364070500548101,0.0034102225843584133,0.003524287567440217,0.0008397829331078838,0.0006869387380131313
0.002172554071141475,0.008090938687879357,0.008571351044941616,-0.006398796973800141,-0.006551641168894893
-0.02508520750463994,-0.012551720801807331,-0.013686955266463408,-0.011398252238176532,-0.011551096433271284
-0.0028589629573257946,-0.009716916613271898,-0.010630278388525267,0.007771315431199473,0.007618471236104721
0.007645739910313809,0.004253385628492534,0.00443344277179605,0.003212297138517759,0.003059452943423006
0.0053746468796878055,-0.002651026482054286,-0.0030113595674328727,0.008386006447120679,0.008233162252025927
-0.015094325589697588,-0.01687729010355421,-0.018351075533408416,0.003256749943710828,0.003103905748616076
0.015006424817455954,-0.003417447717741773,-0.003837766583254677,0.01884419140071063,0.01869134720561588
0.019817465721124083,0.011174577597236057,0.011896338284716607,0.007921127436407476,0.007768283241312724
0.025293138674725713,-0.01214413784439794,-0.013247471859886891,0.03854061053461261,0.03838776633951785
-0.016245514087237845,-0.0002048682840329885,-0.0003737469824403669,-0.015871767104797478,-0.01602461129989223
0.004892961580399868,0.016057604355527166,0.017161546741365923,-0.012268585160966055,-0.012421429356060807
0.018259235026675036,-0.0006184750715809706,-0.0008197256885425881,0.019078960715217624,0.01892611652012287
-0.014644288020824181,-0.014752948498371943,-0.016060467281994277,0.001416179261170096,0.001263335066075344
-0.020321563810615118,-0.027740054250753654,-0.030064039742197166,0.009742475931582048,0.009589631736487296
0.006501519796684896,0.005697936985382235,0.005991055374972053,0.000510464421712843,0.0003576202266180901
-0.03322048822260559,-0.028146308431003852,-0.030502090371711033,-0.0027183978508945605,-0.0028712420459893126
-0.014635729791753649,0.0020980468517017847,0.002109411281443463,-0.016745141073197113,-0.016897985268291865
0.029060430927772662,0.02474690007293945,0.02653093084641168,0.002529500081360981,0.002376655886266229
-0.03357394333217689,-0.036284507106413955,-0.039277244514560196,0.005703301182383304,0.005550456987288552
0.020779263404233417,0.005675242812353654,0.005966584988537274,0.014812678415696143,0.01465983422060139
-0.007315567610624241,0.004837126381486367,0.0050628713826336436,-0.012378438993257884,-0.012531283188352636
0.0009612524038948855,0.02986242108440229,0.03204683027169918,-0.031085577867804297,-0.03123842206289905
-0.0016004877537409978,-0.035649708609806985,-0.038592762004418676,0.03699227425067768,0.03683943005558293
0.03943564007139444,-0.0056742248424840325,-0.006271175735025147,0.04570681580641959,0.04555397161132484
-0.005243620559736817,-0.03203710063235676,-0.03469740467484172,0.0294537841151049,0.02930093992001015
0.03503879280977462,0.0024578974498534745,0.0024974264421839844,0.03254136636759064,0.03238852217249588
-0.0017975246066822548,-0.01646320750393837,-0.01790458377467563,0.016107059167993376,0.015954214972898624
-0.007202817105872006,-0.0012959645058717717,-0.001550240444101056,-0.00565257666177095,-0.005805420856865702
0.04171696423917548,0.02386969542307149,0.025585069689117258,0.016131894550058222,0.01597905035496347
-0.004062663765755037,-0.003946400929555671,-0.004408119575747601,0.00034545580999256406,0.00019261161489781114
0.019522202494180796,0.020169632234863677,0.021595412258792936,-0.0020732097646121404,-0.0022260539597068925
0.0054300833836744555,-0.04039526078745259,-0.043709736105530216,0.04913981948920467,0.04898697529410992
-0.0048323474180745896,-0.005833781800992588,-0.00644322079822904,0.00161087338015445,0.0014580291850596972
0.016852333072664205,0.00014614176965843662,4.735707609811662e-06,0.016847597365054392,0.01669475316995964
0.0137640926817173,0.018555039930923556,0.019854450049582854,-0.006090357367865555,-0.006243201562960307
0.0,-0.008120797617175213,-0.008909235344516236,0.008909235344516236,0.008756391149421484
0.0127458875735047,0.009450764734207695,0.010037607109695527,0.002708280463809172,0.00255543626871442
0.011764714477470406,0.019883256167224195,0.021286622287376707,-0.009521907809906301,-0.009674752005001053
0.01811795543364836,0.02474226295510973,0.026525930793530533,-0.008407975359882174,-0.008560819554976926
-0.08818059921039312,-0.006274368617659065,-0.006918291189572211,-0.0812623080208209,-0.08141515221591566
0.014564520050438956,-0.007482768681131846,-0.008221269556915645,0.0227857896073546,0.02263294541225985
0.017226484139490683,0.018431018038486124,0.019720721288878758,-0.0024942371493880747,-0.0026470813444828267
0.00254022443727564,-0.016347313992415624,-0.01777961958194327,0.02031984401921891,0.02016699982412416
-0.0047860918201486635,0.003137400778913113,0.003230112714773294,-0.008016204534921958,-0.00816904873001671
0.0014145135478411675,0.009523393173235029,0.01011591998617335,-0.008701406438332183,-0.008854250633426935
-0.008474662113743037,-0.010793945785935621,-0.011791603809963596,0.003316941696220559,0.003164097501125807
-0.007692212387572339,-0.02379869397635359,-0.02581419953555955,0.018121987147987212,0.01796914295289246
0.00401950566432685,-0.029110303335524668,-0.031541534629277654,0.035561040293604504,0.03540819609850975
-0.045181634998608056,-0.038768430665237275,-0.04195557825610291,-0.0032260567425051456,-0.0033789009375998977
0.006289280871857761,-0.0037736797459957394,-0.0042218799581214845,0.010511160829979245,0.010358316634884492
0.011904807858458266,0.014592504858983224,0.015581777749533596,-0.0036769698910753303,-0.0038298140861700823
-0.044117647058823484,-0.03251195148816344,-0.03520942086180921,-0.008908226197014271,-0.009061070392109023
0.013230778620793249,0.002200865698254617,0.002220277489467758,0.011010501131325491,0.010857656936230739
0.019738886117676158,0.024477242280086964,0.02624016764530541,-0.006501281527629254,-0.006654125722724006
0.009529472226778912,-0.0013015723144006452,-0.0015562871610966902,0.011085759387875602,0.01093291519278085
-0.0008850322313772585,0.009532217409177868,0.01012543487192138,-0.011010467103298638,-0.01116331129839339
0.025686530086159065,0.03056329358583576,0.032802558225742164,-0.0071160281395830985,-0.0072688723346778505
0.017846830798199598,-0.0029730715337762392,-0.003358610240771781,0.02120544103897138,0.021052596843876628
-0.034785054327070575,-0.020143036075892073,-0.021872422878398055,-0.01291263144867252,-0.013065475643767272
0.006738925726292866,-0.0007117454091590814,-0.0009202960508362137,0.00765922177712908,0.007506377582034327
-0.014842902420578619,-0.008759278267998716,-0.009597688201428157,-0.0052452142191504614,-0.0053980584142452135
-0.006203813705728978,0.010553814029047315,0.01122698918003322,-0.0174308028857622,-0.01758364708085695
-0.0074316291479163965,0.0015841285142366157,0.001555269903484737,-0.008986899051401133,-0.009139743246495887
-0.023659806228455982,0.0035731642904301975,0.0036999822935224204,-0.0273597885219784,-0.027512632717073153
0.01411051903990379,0.014964587965241805,0.01598298282471009,-0.001872463784806301,-0.002025307979901053
-0.007259578599433825,-0.000830271529819071,-0.0010480989001188208,-0.006211479699315004,-0.006364323894409756
-0.027422292105389823,-0.011527461422777274,-0.012582529792014692,-0.01483976231337513,-0.014992606508469883
0.002192972890254108,-0.009243878717321574,-0.01012021705702749,0.012313189947281597,0.012160345752186845
-0.023132221832219746,-0.0044569025122100925,-0.004958576778457175,-0.018173645053762573,-0.018326489248857325
0.008960021972656218,-0.00299863390215227,-0.00338617330868185,0.012346195281338068,0.012193351086243316
0.041864819496647554,0.01920124935943668,0.020551236595345003,0.02131358290130255,0.0211607387062078
-0.02130888830310418,-0.008363571580831342,-0.00917101058961931,-0.012137877713484868,-0.01229072190857962
0.0189734608616825,0.02762829164595959,0.029637841381240104,-0.010664380519557603,-0.010817224714652355
0.005494515091518437,0.005895806193263242,0.006204411286830743,-0.000709896195312306,-0.000862740390407059
0.01366122591682739,0.00986137270919718,0.010480352294044855,0.0031808736227825363,0.0030280294276877843
-0.001497431505675495,-0.00933246697634671,-0.010215738886758812,0.008718307381083317,0.008565463185988565
0.002399460587621194,0.0013151670479691902,0.0012652575286191837,0.0011342030590020102,0.0009813588639072575
0.017055761243312872,-0.01154320266205866,-0.012599503056812345,0.029655264300125217,0.029502420105030465
0.01912320326813699,0.026156273782937722,0.028050612540529433,-0.008927409272392443,-0.009080253467487195
0.016166321684704332,0.012133338697180918,0.012930139101549061,0.0032361825831552712,0.003083338388060519
0.0107954846556515,0.014207760082581844,0.01516692000849817,-0.00437143535284667,-0.004524279547941422
-0.007869662158076385,-0.0028230841271976725,-0.003196883713230748,-0.004672778444845637,-0.004825622639940389
-0.009348385934551673,-0.006662395550704803,-0.007336687973044909,-0.0020116979615067638,-0.0021645421566015167
0.00886467108300315,0.015638477163140152,0.016709615562815493,-0.007844944479812342,-0.007997788674907094
-0.022959115267007224,-0.0007773401640558397,-0.0009910247351727951,-0.02196809053183443,-0.022120934726929182
-0.019727307255427817,-0.0016257460597355333,-0.0019058331353149988,-0.01782147412011282,-0.01797431831520757
0.004735124092245524,-0.0012375507238541195,-0.001487254768558322,0.0062223788608038455,0.0060695346657090934
-0.00854200026539953,-0.004248692893594086,-0.004734071139033568,-0.003807929126365962,-0.003960773321460715
0.00683302267614283,0.021290637641290244,0.02280415581848057,-0.01597113314233774,-0.016123977337432493
-0.023900784100962857,-0.0007054739583503,-0.0009135337500198627,-0.022987250350942994,-0.023140094546037746
-0.009975871003274572,0.017322368774566943,0.01852530095456788,-0.028501171957842453,-0.028654016152937205
0.014045773571684128,0.0039695418998517695,0.0041273833389107685,0.009918390232773359,0.009765546037678607
0.0030112102250889894,0.0018756797165810912,0.0018696400538272334,0.001141570171261756,0.0009887259761670033
-0.006604659610717656,-0.007237794954094601,-0.00795712237872062,0.0013524627680029638,0.0011996185729082108
0.013901453078013493,0.002269561170191503,0.002294349575835392,0.0116071035021781,0.011454259307083348
-0.005961274738824018,-0.012900001139847905,-0.014062494593177577,0.008101219854353558,0.007948375659258806
-0.017391245663998744,-0.0214000649197158,-0.023227836073198786,0.005836590409200041,0.005683746214105289
-0.00976501954086506,-0.0022378626777133093,-0.0025658585156715205,-0.007199161025193541,-0.007352005220288293
0.0018489231797576,0.0029161604463010526,0.002991556481542945,-0.001142633301785345,-0.0012954774968800976
0.01291916349821487,0.014091605518061545,0.015041674330834767,-0.0021225108326198977,-0.0022753550277146498
-0.012450648151001276,-0.03368805871951874,-0.03647757892175511,0.024026930770753838,0.023874086575659086
-0.010147657638667207,-0.006666355799502699,-0.007340958180130241,-0.0028066994585369655,-0.0029595436536317184
-0.005902411768086813,-0.011028155571448206,-0.01204414458115987,0.006141732813073057,0.005988888617978305
-0.008125007152557373,-0.007817025105971265,-0.008581687355520909,0.00045668020296353584,0.0003038360078687838
-0.01638312733186742,0.0029962320243361873,0.0030778950519986577,-0.01946102238386608,-0.01961386657896083
-0.014093486111025455,-0.010736500458081055,-0.011729662386951466,-0.0023638237240739893,-0.0025166679191687413
-0.03281352197370302,-0.004095056983834944,-0.004568410549536421,-0.028245111424166598,-0.028397955619261353
0.01477993348818507,0.018341016392734,0.01962367545034801,-0.004843741962162938,-0.00499658615725769
0.0,0.006610721877456038,0.006975281546718583,-0.006975281546718583,-0.0071281257418133355
0.016881835297504644,0.015271449816332883,0.016313861948123547,0.0005679733493810964,0.0004151291542863443
0.09374997477667968,0.0105842727693497,0.011259831846059309,0.08249014293062037,0.08233729873552562
-0.02827371998168038,-0.0432366134006168,-0.046773473936119206,0.018499753954438827,0.018346909759344075
0.011025935033079692,0.0033870120853238816,0.003499260443517096,0.007526674589562596,0.007373830394467843
-0.005452787023048744,-0.011317739184353415,-0.012356393143997804,0.006903606120949059,0.006750761925854307
-0.006701224746659018,-0.007182134089448455,-0.007897105084172379,0.0011958803375133609,0.0010430361424186088
-0.006439714214724557,0.006857100716286535,0.007240943811121933,-0.01368065802584649,-0.013833502220941242
-0.0024691922002160194,-0.011272103097361819,-0.012307185240160588,0.009837993039944568,0.009685148844849816
-0.0009281800612664926,-0.017116493600784488,-0.018609000861042238,0.017680820799775745,0.017527976604680993
-0.010529580147035422,-0.00842758097968943,-0.009240029836257761,-0.001289550310777661,-0.001442394505872413
-0.010328635863096403,-0.017232619015461026,-0.018734215107380055,0.008405579244283652,0.0082527350491889
-0.01581277630390232,-0.010340526208282075,-0.011302696271085535,-0.004510080032816785,-0.0046629242279115374
0.0032133184905003276,-0.0021203598092424114,-0.002439159005843309,0.005652477496343637,0.005499633301248884
0.010249891390483379,0.019672139926234733,0.021058982531869257,-0.010809091141385879,-0.01096193533648063
-0.009511767143338568,-0.021126437880238824,-0.022932792962944298,0.01342102581960573,0.013268181624510978
0.0025608170388020657,-0.015066695771983274,-0.016398770731891235,0.0189595877706933,0.01880674357559855
0.00574713623657952,0.025883894952576147,0.02775691533344431,-0.02200977909686479,-0.022162623291959543
0.03555552164713549,0.030583700679551518,0.0328245625291643,0.0027309591179711934,0.0025781149228764413
0.001532778623474229,-0.002017948757084831,-0.0023287325092121187,0.0038615111326863478,0.0037086669375915953
0.0,-0.010245080846639998,-0.01119978065129858,0.01119978065129858,0.011046936456203828
-0.010100949949581106,-0.028003617786773516,-0.030348231704971054,0.020247281755389947,0.020094437560295195
-0.017625222391305595,-0.00749246363390188,-0.00823172330821343,-0.009393499083092165,-0.009546343278186917
-0.008813367409854167,-0.006519175777754405,-0.00718225876406762,-0.0016311086457865467,-0.0017839528408812996
0.0015878420061163911,-0.0032907731480149582,-0.0037011775271665525,0.005289019533282944,0.005136175338188191
0.02536459143432368,0.02596564246086497,0.027845061004819444,-0.0024804695704957642,-0.0026333137655905163
0.0,-0.02366266361565439,-0.02566752243527572,0.02566752243527572,0.025514678240180968
0.032776789371975035,0.026480052302171098,0.028399732355335765,0.00437705701663927,0.004224212821544518
0.01646704227346807,0.011427569666488724,0.012169131379743701,0.004297910893724367,0.004145066698629615
-0.010014731809933952,-0.0066720972934503076,-0.007347149045751737,-0.002667582764182215,-0.0028204269592769678
0.014876524573641525,-0.007950909706564868,-0.008726050752683052,0.02360257532632458,0.023449731131229827
0.024332981574486823,0.02372481982226482,0.025428855054979885,-0.0010958734804930627,-0.0012487176755878147
0.010303395091617595,0.011881976654619875,0.012659103611127907,-0.0023557085195103113,-0.0025085527146050633
0.007932084987134269,0.016266654579669915,0.017386958778306313,-0.009454873791172044,-0.009607717986266796
-0.0014053695667370913,-0.007387716072364547,-0.008118777429740962,0.006713407863003871,0.006560563667909119
-0.02167184025382929,-0.006082610618211248,-0.006711524794403789,-0.0149603154594255,-0.015113159654520252
0.028193423597678846,0.024626377895927698,0.026400975714681432,0.0017924478829974139,0.0016396036879026618
0.005036275378435873,-0.00745440410765752,-0.008190684962663178,0.013226960341099051,0.0130741161460043
0.0027840282270619188,-0.004101230608784645,-0.004575067367920255,0.007359095594982174,0.007206251399887421
-0.027484776954060597,-0.02500198485734284,-0.02711166883810559,-0.0003731081159550065,-0.0005259523110497585
0.003996557080418128,-0.010585992315429671,-0.011567374366690857,0.015563931447108985,0.015411087252014233
-0.0076769023919032175,0.013618724670070526,0.0145317823390282,-0.02220868473093142,-0.02236152892602617
-0.011461361271927095,0.009613981920559844,0.010213598877177177,-0.02167496014910427,-0.021827804344199023
0.002608700075011239,0.005597892802462701,0.005883180996226922,-0.0032744809212156833,-0.0034273251163104363
-0.022549834514485223,-0.02077788695478977,-0.02255696187065482,7.127356169596422e-06,-0.00014571683892515563
0.029872767835232183,0.05543448436034493,0.0596203518760708,-0.029747584040838618,-0.02990042823593337
-0.0068925291749846185,0.009240746788147902,0.00981115160978155,-0.016703680784766167,-0.01685652497986092
0.01359159575242641,-0.008935777048800997,-0.009788001078925818,0.02337959683135223,0.023226752636257477
0.019115606226151938,0.008713116550319144,0.00924222513697801,0.009873381089173927,0.009720536894079175
0.0030795242607049023,-0.008252046497990273,-0.009050756731025095,0.012130280991729997,0.011977436796635245
0.016466545010870304,-0.0030893228355314273,-0.0034839602270397485,0.019950505237910053,0.0197976610428153
0.026084591177972793,0.00475858190881473,0.004978179440073309,0.021106411737899483,0.02095356754280473
0.003746304352419738,-0.003883688698329779,-0.004340499022650024,0.008086803375069762,0.007933959179975008
-0.005598482907745228,0.013579987927526016,0.014490013773234025,-0.020088496680979253,-0.020241340876074005
-0.0002680515211181955,0.0059146891478476515,0.00622477216074886,-0.006492823681867056,-0.006645667876961809
0.01179937291247879,-0.0002830441976333642,-0.0004580415197774989,0.012257414432256288,0.012104570237161535
-0.01961298364027675,-0.015444192913123267,-0.016805813584260698,-0.0028071700560160506,-0.0029600142511108027
-0.007839981139989072,-0.0015918653377758885,-0.0018693006581016777,-0.005970680481887394,-0.0061235246769821465
0.01580376033515285,0.030947872397389053,0.0332172370122961,-0.01741347667714325,-0.017566320872238
0.016630975506532142,-0.0008676332180498347,-0.0010883847897042705,0.017719360296236414,0.01756651610114166
-0.003957823742473554,-0.001194660488065602,-0.001441007626496701,-0.002516816115976853,-0.002669660311071606
-0.0434436924410182,-0.017894212283564803,-0.019447589545512633,-0.023996102895505567,-0.02414894709060032
-0.019662117764382536,-0.014399194981406072,-0.015679026404994047,-0.003983091359388489,-0.004135935554483241
-0.0014125155254939292,-0.0018623708845491027,-0.0021609779646047694,0.0007484624391108402,0.0005956182440160877
0.013012812419403108,0.00752178195750397,0.007957647909925394,0.005055164509477714,0.004902320314382962
-0.029879912141591802,-0.007349578247904498,-0.00807765465777902,-0.02180225748381278,-0.021955101678907532
-0.0005757183879490091,0.014279296218109305,0.015244055089745813,-0.015819773477694823,-0.015972617672789576
0.0017280402213226687,0.0072896644387934195,0.007707363161766658,-0.00597932294044399,-0.0061321671355387426
-0.006037926734996368,-0.006052724634100337,-0.006679299712694197,0.0006413729776978284,0.0004885287826030755
-0.03181945281549381,-0.024921675023714007,-0.0270250733644157,-0.00479437945107811,-0.004947223646172862
-0.039139567538488906,-0.011137750774080746,-0.012162317512882855,-0.026977250025606053,-0.027130094220700805
0.02176619298074356,-0.009007516001852345,-0.009865354851693044,0.0316315478324366,0.03147870363734185
-0.006086450372020047,0.0010373383615349674,0.0009656839195191633,-0.00705213429153921,-0.007204978486633963
0.008573140863595619,0.014867993802734736,0.015878828490427238,-0.0073056876268316195,-0.007458531821926372
-0.008803798206443725,-0.01445169956861636,-0.015735640388549042,0.0069318421821053175,0.0067789979870105654
-0.0006125714189575415,0.005868102525282026,0.00617453932541107,-0.006787110744368612,-0.006939954939463365
-0.0024517875708212067,-0.004049622110409712,-0.004519419607723716,0.0020676320369025095,0.0019147878418077566
-0.020276493483313174,-0.012020638322615351,-0.013114306354418844,-0.00716218712889433,-0.007315031323989082
0.021323308817513098,0.01746133164481911,0.018675140084236715,0.0026481687332763834,0.0024953245381816314
-0.0018422282423462555,-0.0025407424823445934,-0.0028924439282919153,0.0010502156859456598,0.0008973714908509073
-0.0033834758945969767,-0.004000548879248611,-0.004466505543456954,0.0010830296488599771,0.0009301854537652242
-0.002160484306406807,0.007538970575044379,0.007976181835482571,-0.010136666141889378,-0.01028951033698413
-0.023816960145442212,-0.011645528874622113,-0.012709838073676871,-0.01110712207176534,-0.011259966266860093
0.017743963099451143,0.02284078102943865,0.024475624864280836,-0.0067316617648296925,-0.006884505959924445
-0.0068492939187524415,-0.0007676325452631305,-0.0009805573265159585,-0.005868736592236483,-0.006021580787331235
-0.007836990689328416,0.006978233159061986,0.0073715569725167525,-0.015208547661845168,-0.01536139185693992
-0.0006319260033090801,0.012849424614881588,0.013702271186052432,-0.014334197189361512,-0.014487041384456265
0.010433130966231108,0.0034159058663651987,0.0035304156650249456,0.006902715301206163,0.00674987110611141
-0.008760913245235646,0.003996858363534361,0.00415683779056683,-0.012917751035802477,-0.01307059523089723
-0.006313155335000986,-0.0020304911890052235,-0.0023422566043856848,-0.003970898730615301,-0.0041237429257100534
-0.011435791240083204,-0.015562598500411085,-0.0169334864663402,0.005497695226256996,0.005344851031162244
-0.015102866581886087,-0.007638350296294338,-0.00838902813707534,-0.006713838444810747,-0.006866682639905499
0.02185970912341806,0.018918401045981525,0.02024625048618138,0.0016134586372366783,0.0014606144421419262
0.01468713270445221,0.01188134498366522,0.012658422500944224,0.002028710203507986,0.001875866008413234
-0.0009440115165924023,-0.0007115031258156934,-0.0009200348046109406,-2.3976711981461732e-05,-0.00017682090707621433
-0.0031496183140071743,-0.0001817250594663422,-0.0003487923983813017,-0.0028008259156258727,-0.002953670110720625
0.1393365500130621,0.011007853469181317,0.011716565096402457,0.12761998491665966,0.1274671407215649
-0.11619524055706432,0.002494840970949097,0.0025372614357892925,-0.11873250199285361,-0.11888534618794837
-0.0065892998522537605,-0.012968740984683369,-0.01413661452539419,0.00754731467314043,0.007394470478045678
0.013897619356588509,0.014642470285510134,0.015635653838957618,-0.0017380344823691093,-0.0018908786774638614
0.006853620908439995,0.010452303944590291,0.011117534167481671,-0.004263913259041676,-0.0044167574541364284
0.007735148587889151,0.014699373244309921,0.015697010443111444,-0.007961861855222293,-0.008114706050317045
-0.021492135773708898,-0.010354610691310495,-0.01131788310966324,-0.010174252664045659,-0.01032709685914041
-0.02259181681027045,-0.006140463017754394,-0.006773905149537994,-0.015817911660732455,-0.015970755855827207
-0.008988724967120443,0.01287251059802652,0.013727164048553826,-0.02271588901567427,-0.022868733210769022
-0.006478806527444814,-0.011080724476164705,-0.012100827916183611,0.005622021388738798,0.005469177193644046
-0.009455523795433463,-0.00882979617773516,-0.009673725363022476,0.00021820156758901345,6.535737249426139e-05
-0.01579985370296555,0.0021952617756952897,0.0022142349625863156,-0.018014088665551865,-0.018166932860646617
0.015384648752176044,0.011448609342766147,0.01219181777630562,0.003192830975870425,0.003039986780775673
-0.0042819850297007855,-0.0002804145319874607,-0.00045520603709793713,-0.0038267789926028483,-0.003979623187697601
0.0023155704890573947,0.002773175690496066,0.0028373806838866934,-0.0005218101948292987,-0.0006746543899240512
-0.0029703021403977292,-0.013788741489130674,-0.015020794318826988,0.012050492178429259,0.011897647983334507
-0.007944381939472445,-0.002767405825327751,-0.0031368476166929566,-0.004807534322779488,-0.0049603785178742405
-0.021354668145196043,-0.020041234255327334,-0.021762653296318733,0.00040798515112269035,0.0002551409560279383
-0.0006819112790895643,-0.0015735561458868341,-0.0018495584537803562,0.001167647174690792,0.0010148029795960392
-0.0037529411466126206,0.005329429416074394,0.005593705684646384,-0.009346646831259004,-0.009499491026353758
-0.01917812872120761,-0.010537551485558128,-0.011515142200104076,-0.007662986521103534,-0.007815830716198286
-0.01082400392977767,0.0030730045671669703,0.0031606763804164803,-0.013984680310194151,-0.014137524505288903
0.0038828312971337375,-0.0030360018281855305,-0.003426465924286239,0.007309297221419977,0.007156453026325224
-0.01195499810841183,-0.004725264845680033,-0.005247943127972443,-0.006707054980439386,-0.006859899175534139
-0.0035587323883337074,0.0075821940867943916,0.008022788338141157,-0.011581520726474864,-0.011734364921569616
0.010714258466448134,0.0161477371607488,0.017258734004873884,-0.006544475538425749,-0.0066973197335205015
-0.01766784499927543,0.0006871667698291617,0.0005881053156753048,-0.018255950314950732,-0.018408794510045484
-0.0068344831627080715,-0.015326919115337678,-0.016679361073879587,0.009844877911171515,0.009692033716076763
0.0014487144981705224,0.0014147940136839399,0.0013726820356630871,7.603246250743531e-05,-7.68117325873174e-05
0.002893306503065629,-0.01845935787384867,-0.020056967599021813,0.022950274102087442,0.02279742990699269
-0.007212364186526488,-0.01447813845705137,-0.015764148579444383,0.008551784392917896,0.008398940197823144
-0.01452965913193538,-0.001509761003189447,-0.0017807702325704064,-0.012748888899364973,-0.012901733094459727
0.01842978309866905,0.016476655480623936,0.017613395899038795,0.000816387199630255,0.000663543004535503
-0.006876533929786488,-0.00698088356543769,-0.007680103209438148,0.00080356927965166,0.000650725084556907
0.015306124931471876,0.017562006217166637,0.018783694191337134,-0.0034775692598652576,-0.0036304134549600096
-0.003948334814848797,-0.011019457310067593,-0.012034765529672678,0.008086430714823881,0.007933586519729129
0.020180160934860636,0.008918403718310097,0.009463579593230432,0.010716581341630204,0.010563737146535452
0.007417908717162858,0.012982193897784988,0.013845431972533745,-0.006427523255370887,-0.006580367450465639
-0.025596056469824102,-0.01646322377571363,-0.017904601320000067,-0.007691455149824035,-0.007844299344918787
-0.00035984989393245126,0.0029845287333754023,0.003065275775146913,-0.003425125669079364,-0.0035779698641741167
0.015118792869427411,0.005639807253104534,0.00592837598099748,0.00919041688842993,0.009037572693335178
0.0010637864711089406,0.0016469543057482383,0.0016230129049337907,-0.0005592264338248501,-0.0007120706289196028
0.002479620827463558,-0.0015738434957162095,-0.0018498682937272855,0.0043294891211908436,0.004176644926096091
-0.005300340020286676,0.014237268879836451,0.015198738381925408,-0.020499078402212084,-0.020651922597306836
0.00248666770063255,0.005715269388667954,0.00600974434000774,-0.00352307663937519,-0.003675920834469943
0.015237431454234507,0.014436542471763847,0.01541360859528672,-0.0001761771410522129,-0.00032902133614696495
-0.009075051739744877,0.0036988464765423945,0.0038355012947329935,-0.01291055303447787,-0.013063397229572622
0.00035224477269557575,-0.005796972083329965,-0.006403530080500526,0.006755774853196101,0.0066029306581013485
0.018309875519307628,-0.002492370531228194,-0.002840286031419807,0.021150161550727437,0.02099731735563268
0.007607168491497784,0.0035791630944272956,0.003706450608176169,0.0039007178833216152,0.0037478736882268627
0.0027453646321786707,0.0009963029974375814,0.0009214368250914331,0.0018239278070872377,0.001671083611992485
-0.014031480391744067,-4.1352477946232646e-05,-0.00019743322304062983,-0.013834047168703437,-0.013986891363798189
0.0,-0.004134884052006904,-0.004611354777885467,0.004611354777885467,0.004458510582790714
0.0090246523325761,0.01326268999363811,0.01414788176219245,-0.005123229429616351,-0.005276073624711103
0.0058479559022566185,-0.0020693734728036706,-0.0023841821025660528,0.008232138004822672,0.008079293809727918
-0.017783873523737226,0.00330615690296554,0.0034120769380828458,-0.021195950461820073,-0.021348794656914825
-0.012186576688334005,0.0008552202959737354,0.0007693119505813582,-0.012955888638915364,-0.013108732834010116
-0.0017624653835057735,-8.42619976980652e-05,-0.00024370115837080126,-0.0015187642251349722,-0.001671608420229725
0.0014124617216946245,-0.00595254815297297,-0.006571282681107465,0.00798374440280209,0.007830900207707336
-0.0031734890920642744,0.0009031888869577287,0.0008210349173813317,-0.003994524009445606,-0.004147368204540359
0.00848955667605078,0.0008515791660903549,0.0007653858390110741,0.007724170837039706,0.0075713266419449535
-0.030866399896544272,-0.015810858882773227,-0.017201177537752965,-0.013665222358791307,-0.013818066553886059
-0.013753136891375028,-0.003841187197329843,-0.004294671040629408,-0.00945846585074562,-0.009611310045840375
-0.0011009426291929136,0.01956614972249704,0.020944696752850305,-0.02204563938204322,-0.02219848357713797
-0.0003673853465870902,0.008253202753460531,0.00874631509338916,-0.00911370043997625,-0.009266544635071003
-0.010657810287990732,-0.0003861064902076494,-0.000569170227704895,-0.010088640060285836,-0.01024148425538059
-0.028603285868551764,-0.011586262936400304,-0.01264593354589871,-0.015957352322653055,-0.016110196517747807
-0.004206451419027313,-0.006998305064656485,-0.007698888243711933,0.00349243682468462,0.003339592629589867
0.08333326008646069,-0.007218732334382416,-0.007936567777756358,0.09126982786421706,0.0911169836691223
0.04998233961435461,0.018474751389515376,0.019767877534599885,0.030214462079754725,0.030061617884659973
-0.008102689792935491,0.0004521286642489297,0.0003346713939720038,-0.008437361186907496,-0.008590205382002248
-0.012933940490850837,-0.004579421277258522,-0.005090684765933569,-0.007843255724917269,-0.007996099920012021
0.005862071596342888,0.004483965263404999,0.004682069270025008,0.0011800023263178801,0.0010271581312231272
-0.0013713032369805367,-0.0016966239932159066,-0.0019822584987675,0.0006109552617869635,0.000458111066692211
0.025403422581057322,-0.0015833068345566526,-0.00186007230328063,0.027263494884337953,0.0271106506892432
-0.007030498356915271,0.0029581644391338813,0.0030368480167369577,-0.010067346373652229,-0.01022019056874698
-0.0064059519566785905,-0.006377683373153031,-0.007029692120029914,0.0006237401633513232,0.00047089596825657023
0.02273498784882344,0.011890829058788244,0.012668648869754605,0.010066338979068836,0.009913494783974084
0.02189780559978316,0.009445048649426635,0.01003144364194941,0.01186636195783375,0.011713517762738998
0.011363649030503353,-0.0014458676054706077,-0.0017118760661761548,0.013075525096679507,0.012922680901584755
0.004494423714656692,0.0001550346964389604,1.4324660447244712e-05,0.004480099054209447,0.004327254859114695
-0.010546558689646046,-0.011222026747550129,-0.01225318954577719,0.001706630856131144,0.001553786661036392
-0.012596879883114531,-0.007318600335353365,-0.008044252185253835,-0.004552627697860696,-0.004705471892955448
0.016683030224831308,0.008757581265902425,0.00929016998923877,0.007392860235592538,0.007240016040497786
-0.0028957578123816052,0.01304908677799732,0.013917560383049943,-0.016813318195431547,-0.0169661623905263
-0.008389810609942261,1.660326849850513e-05,-0.0001349414323138781,-0.008254869177628382,-0.008407713372723136
-0.0068336832932270886,-0.006108624209833935,-0.0067395744016206715,-9.410889160641703e-05,-0.00024695308670116996
-0.0032765524236513244,0.009854453563032717,0.010472891604455949,-0.013749444028107273,-0.013902288223202025
0.029257047581074946,0.014534424705965554,0.015519151815257714,0.013737895765817233,0.01358505157072248
-0.03289679964438397,-0.0020035816359177394,-0.002313240911149865,-0.030583558733234102,-0.030736402928328854
0.006604981871054738,0.0023538963079141606,0.0023852854036139444,0.004219696467440794,0.004066852272346041
0.006889796423070527,-0.0038120096998572883,-0.0042632098969493095,0.011153006320019837,0.011000162124925083
-0.01824703041857445,0.0061886426142414575,0.006520167246498883,-0.024767197665073334,-0.024920041860168086
0.003318963964656918,0.001148059539441082,0.001085070953647452,0.0022338930110094657,0.0020810488159147132
-0.006285101871851606,0.009321148810237156,0.009897846487280891,-0.016182948359132497,-0.01633579255422725
-0.01098541348193216,0.006932489951473775,0.007322233564034755,-0.018307647045966914,-0.018460491241061666
-0.0053853871539070175,0.0008194255259321714,0.0007307156177624454,-0.006116102771669463,-0.006268946966764216
-0.008121819875283265,0.01217813742034668,0.012978444103289829,-0.02110026397857309,-0.021253108173667844
0.006823635843864473,-0.0036716195284263176,-0.004111831754981584,0.010935467598846057,0.010782623403751305
0.00847170444123968,-0.0047351076976228645,-0.005258556354123405,0.013730260795363085,0.013577416600268333
0.0013440526838401912,-0.005245281583003636,-0.005808660211553125,0.007152712895393316,0.006999868700298563
0.005369122533839699,0.003710798414438443,0.003848388679463534,0.0015207338543761647,0.0013678896592814122
-0.020026651951136287,-0.007658808766684566,-0.008411087838289519,-0.011615564112846768,-0.01176840830794152
-0.007833836675870676,-0.004486838293256468,-0.004990855554577774,-0.0028429811212929016,-0.0029958253163876545
0.0123584147175817,0.011455854954693034,0.012199630483275999,0.00015878423430570193,5.940039210949877e-06
0.026110561673106325,-0.00035407668843834283,-0.0005346335373510675,0.02664519521045739,0.02649235101536264
0.02808990003438394,0.004473544672805918,0.004670833087128324,0.023419066947255616,0.023266222752160864
-0.005143035817198549,0.012269004495714109,0.013076423106342232,-0.01821945892354078,-0.01837230311863553
-0.0038772483449206474,0.0011706778016009611,0.001109459487868916,-0.004986707832789563,-0.005139552027884316
-0.016217969550351374,-0.0019683184132291975,-0.0022752177285012823,-0.013942751821850091,-0.014095596016944845
-0.000989142325122816,-0.007922511336500904,-0.00869542971667051,0.0077062873915476945,0.007553443196452942
0.0026402615749312464,-0.0028651005386203243,-0.0032421886389850407,0.005882450213916287,0.0057296060188215345
0.00296248041718572,0.002405026057131332,0.002440416944211691,0.000522063472974029,0.0003692192778792765
0.0006563983660776707,0.0067422110558885695,0.007117062038309237,-0.006460663672231567,-0.0066135078673263195
0.00327977639292909,0.007411233485312474,0.007838447098735076,-0.004558670705805986,-0.004711514900900738
0.006211197551809766,0.008470153458069118,0.008980245960681995,-0.002769048408872229,-0.002921892603966981
-0.029889540473373333,-0.0010244071333035398,-0.001257428988156443,-0.02863211148521689,-0.02878495568031164
-0.005693237535802642,0.0038553825145495324,0.004004288997910356,-0.009697526533712999,-0.009850370728807751
0.009430743491421811,0.007117275205842377,0.00752148147565303,0.0019092620157687814,0.0017564178206740284
0.010677397714529135,0.002357910335732072,0.002389613598862149,0.008287784115666986,0.008134939920572234
-0.005282329149046694,-0.006756896218903741,-0.007438584960710443,0.0021562558116637494,0.0020034116165689965
-0.01194818164720357,0.0003240945218980773,0.00019661635507611387,-0.012144798002279685,-0.012297642197374437
0.0,0.004034153877153557,0.00419705232622741,-0.00419705232622741,-0.004349896521322163
-0.0077258830601175665,0.002814673351556163,0.002882126258048006,-0.010608009318165572,-0.010760853513260326
-0.00372378493372838,-0.00015543889679858758,-0.0003204488866984869,-0.0034033360470298933,-0.003556180242124646
-0.04111454227910727,-0.006424666064487883,-0.007080352023400785,-0.03403419025570648,-0.034187034450801235
-0.019489697039087872,0.009877842794752345,0.010498111450002692,-0.029987808489090564,-0.030140652684185316
0.010119287527049714,0.0014687129405193122,0.0014308210554964357,0.008688466471553278,0.008535622276458526
0.012880096356929993,-0.002665087639215691,-0.0030265212544891224,0.015906617611419115,0.015753773416324363
-0.011303415784560067,-0.013839541336347905,-0.015075570136860445,0.003772154352300378,0.003619310157205626
0.0014291145357070434,-0.0025479738404268204,-0.0029002412658065938,0.004329355801513637,0.004176511606418885
-0.0014270750819639355,-0.005300074155050516,-0.005867741254517502,0.004440666172553566,0.004287821977458813
0.007145436390672222,0.00902409277936278,0.009577540659916181,-0.0024321042692439596,-0.0025849484643387117
0.001064163842800614,-0.004218283044793103,-0.004701281191118477,0.005765445033919091,0.005612600838824338
-0.009921998090353323,-0.007038730380597102,-0.00774247754311355,-0.0021795205472397734,-0.0023323647423345263
0.0025053576766718155,0.00025071394456976925,0.00011749247240502427,0.0023878652042667913,0.002235021009172039
0.00392719062665825,-0.0010696923700230787,-0.0013062585815909315,0.005233449208249181,0.005080605013154429
-0.00533433575398834,0.005750475751703066,0.006047706212746936,-0.011382041966735276,-0.01153488616183003
0.0021452046751522236,-0.011550909428841738,-0.012607813012020103,0.014753017687172326,0.014600173492077574
-0.002497381393436915,-0.007555395210577687,-0.00829958037435404,0.005802198980917125,0.005649354785822373
0.008941345071031614,-0.007712913029036983,-0.008469426699364778,0.01741077177039639,0.01725792757530164
-0.010634500063690933,-0.00014870682600087726,-0.0003131899143746754,-0.010321310149316257,-0.01047415434441101
-0.0053744041329395476,0.006879188518795987,0.007264760368007292,-0.01263916450094684,-0.012792008696041593
0.018011527229016222,-0.002777466728829614,-0.003147695960726623,0.021159223189742844,0.021006378994648092
-0.006015572360831167,0.011044879965972587,0.011756489559993501,-0.01777206192082467,-0.01792490611591942
-0.0017799657098236388,-0.013457974663146133,-0.014664139240827304,0.012884173531003665,0.012731329335908913
0.007489268103281876,0.006717966037625089,0.007090919426050203,0.0003983486772316733,0.00024550448213692035
0.0046017402041274025,0.006264619755036449,0.0066020909188495595,-0.002000350714722157,-0.00215319490981691
0.0021142133567770838,0.01450830719454621,0.015490990154714224,-0.01337677679793714,-0.013529620993031892
0.0052742480911927014,0.003833182103508026,0.0039803510189184614,0.00129389707227424,0.001141052877179487
0.0013990558924530383,-0.0015969365120942491,-0.0018747687399344958,0.003273824632387534,0.0031209804372927816
-0.003492786484539212,0.0017991292600010311,0.0017870981937685444,-0.005279884678307757,-0.0054327288734025096
-0.0290921802919748,-0.004194177587506065,-0.004675289062907504,-0.024416891229067296,-0.024569735424162048
0.006859156009959122,-0.006971599351452862,-0.007670092344373102,0.014529248354332225,0.014376404159237471
-0.008605226832928747,-0.0032112659361860363,-0.0036154474943799306,-0.004989779338548817,-0.005142623533643569
-0.010126538269795371,0.0014266227216406246,0.0013854365455700875,-0.011511974815365459,-0.01166481901046021
0.020460337916382354,0.006723453106275201,0.007096835953173412,0.013363501963208943,0.01321065776811419
-0.005728601706547765,-0.005695885604828921,-0.006294531828432199,0.000565930121884434,0.0004130859267896811
-0.00900252055739914,0.0012416323054647016,0.001185967414667881,-0.010188487972067022,-0.010341332167161774
0.009447682578380467,0.00842991886716793,0.008936862313868456,0.0005108202645120116,0.00035797606941725957
0.007919341537678593,-0.012159612938677844,-0.013264158149211775,0.021183499686890365,0.021030655491795613
0.0003571510314941406,0.0007212876971294246,0.0006248967984713019,-0.00026774576697716126,-0.00042058996207191386
0.0007140470403512733,-0.002151010615372817,-0.002472208770186073,0.0031862558105373463,0.0030334116154425938
-0.004637925969697587,-0.0093947947580596,-0.010282944900488245,0.005645018930790658,0.005492174735695906
0.000716862295237819,-0.01640093410321941,-0.017837436398197907,0.018554298693435726,0.018401454498340974
0.00035817438590646233,-0.002295598477193961,-0.0026281131447621307,0.002986287530668593,0.0028334433355738406
-0.004654531568019427,0.0040230650909416354,0.00418509564979965,-0.008839627217819076,-0.00899247141291383
0.006115110825877901,-0.014734533990868215,-0.016040611519281316,0.022155722345159216,0.022002878150064464
0.0028602047075438897,0.00022931406074522265,9.441767579593342e-05,0.0027657870317479563,0.002612942836653204
0.013903789932435684,0.005893173970516585,0.006201573046912858,0.007702216885522826,0.007549372690428073
-0.01476793489476147,-0.002709582086142026,-0.003074498165087184,-0.011693436729674286,-0.011846280924769038
0.0057102014560379555,7.936755559079245e-05,-6.726474907376234e-05,0.005777466205111718,0.005624622010016965
-0.0039034992604793928,-0.013744071674259506,-0.014972628314694965,0.011069129054215572,0.01091628485912082
-0.07018166493666678,0.008109754957160709,0.008591640014272891,-0.07877330495093966,-0.07892614914603442
-0.0011494515788132986,-0.001304030159777203,-0.001558937375585033,0.0004094857967717343,0.0002566416016769816
0.016110474921767315,0.011814893014644445,0.012586769510582232,0.0035237054111850828,0.0033708612160903307
0.0132125475460112,0.00630385429964031,0.006644396248364758,0.006568151297646442,0.006415307102551689
-0.007079006444763336,0.005207990781392224,0.0054627623665073136,-0.01254176881127065,-0.012694613006365402
-0.0015009008912293398,0.00429300817103373,0.004476166466829591,-0.0059770673580589306,-0.0061299115531536835
-0.0015032286587689514,-0.00624643434611849,-0.006888170575857359,0.005384941917088408,0.005232097721993655
0.0037636576070119165,-0.005018858888767519,-0.00556451600684544,0.009328173613857356,0.009175329418762604
0.03449569080097992,0.01059436938392988,0.011270718696183738,0.02322497210479618,0.023072127909701427
-0.1656397125606961,-9.824505308242415e-05,-0.00025877863082874214,-0.16538093392986736,-0.16553377812496212
0.008688047420232214,-0.013399820506516447,-0.01460143351087077,0.023289480931102984,0.023136636736008232
-0.018518450066440928,-0.008482848196321058,-0.009299622672993751,-0.009218827393447176,-0.009371671588541929
-0.017551623949535355,-0.012585283719027562,-0.013723145065193822,-0.0038284788843415338,-0.003981323079436286
-0.021438122167088958,-0.0016855698941634634,-0.001970339224372221,-0.019467782942716737,-0.01962062713781149
0.010497468910913632,0.007265792222727274,0.00768162252995525,0.0028158463809583823,0.0026630021858636294
0.005871773789479562,-0.014339628627712542,-0.015614797949013048,0.02148657173849261,0.021333727543397858
0.005837411679139981,-0.011832519778109618,-0.012911464264786147,0.01874887594392613,0.018596031748831378
-0.01071427567880967,-0.004800280229768528,-0.0053288297694414665,-0.005385445909368204,-0.005538290104462957
-0.017599250556582624,0.012010022325859904,0.012797171081248894,-0.030396421637831517,-0.03054926583292627
0.0027560617676047894,0.006474957307233353,0.006828891039634815,-0.004072829272030025,-0.004225673467124778
-0.0022903910781167935,0.010505999486313922,0.011175432318436422,-0.013465823396553216,-0.013618667591647968
-0.0009182946342116693,0.01885855702012762,0.020181722625368225,-0.021100017259579894,-0.021252861454674647
-0.0036764670434089597,0.009393730253031363,0.009976108689253669,-0.013652575732662629,-0.01380541992775738
-0.009225127312000314,0.0017529924220356374,0.0017373503464920604,-0.010962477658492375,-0.011115321853587127
-0.016294245294629417,0.0028401189192852616,0.002909563383630824,-0.019203808678260242,-0.019356652873354994
-0.022243224421284902,0.0010049156221052513,0.0009307235373047473,-0.02317394795858965,-0.0233267921536844
-0.02032914227473026,-0.008083839306732843,-0.008869384404040797,-0.011459757870689464,-0.011612602065784216
0.0098814607312816,0.015616441094852496,0.016685854789253794,-0.006804394057972195,-0.006957238253066947
-0.01663405791117145,-0.0008358389332403515,-0.0010541020496050552,-0.015579955861566396,-0.01573280005666115
0.05074629046793522,0.019075017703661823,0.02041512511892229,0.030331165349012926,0.030178321153918174
-0.015624995766715721,0.0015970120755575135,0.001569161827362355,-0.017194157594078077,-0.01734700178917283
-0.04377112624757473,0.0011904273935798848,0.0011307548286176106,-0.04490188107619234,-0.045054725271287094
0.019114742663831175,0.0012820490603360213,0.0012295474829477583,0.017885195180883415,0.017732350985788663
0.02073050698662926,0.007390278097329839,0.007815851587491728,0.012914655399137533,0.01276181120404278
-0.01353968484107948,-0.0020209310950652926,-0.0023319482669649613,-0.01120773657411452,-0.011360580769209271
0.002941150346291277,0.00406112922094648,0.0042261389594346445,-0.0012849886131433676,-0.0014378328082381205
0.012218964378631236,0.0005968736678840791,0.000490745209439736,0.011728219169191501,0.011575374974096747
-0.015451458665883488,-0.001954157460090089,-0.002259948434697875,-0.013191510231185614,-0.013344354426280366
-0.013241714492258194,0.0009801185306033133,0.0009039856424827244,-0.014145700134740919,-0.01429854432983567
0.010437329806824103,-0.0009462486392383118,-0.001173153233735791,0.011610483040559894,0.011457638845465141
-0.012297097931047385,0.0037840728581564065,0.003927398121724938,-0.016224496052772323,-0.016377340247867075
0.022908416014395527,0.005873742123607695,0.006180620320307524,0.016727795694088003,0.01657495149899325
0.009737042194561507,-0.005408509126972105,-0.005984663147314561,0.015721705341876068,0.015568861146781316
-0.010607488706960155,-0.0005688697261614362,-0.0007662378628298845,-0.00984125084413027,-0.009994095039225024
0.01900581778500321,-0.003906202808869552,-0.0043647752535772195,0.02337059303858043,0.023217748843485677
0.021520840087196014,0.007968189065892917,0.008438994131960108,0.013081845955235906,0.012929001760141154
0.004213490169296952,0.00409549786994079,0.004263197552452017,-4.9707383155065364e-05,-0.0002025515782498183
0.00699298896014211,0.003924494286698943,0.004078809967216378,0.002914178992925732,0.002761334797830979
-0.025925900743168362,0.00459935752021523,0.004806492976153071,-0.030732393719321432,-0.030885237914416185
0.041349757320719105,0.013650676351045998,0.014566234794278536,0.02678352252644057,0.026630678331345817
0.02555908123424877,0.0026470624846992585,0.002701396928211169,0.0228576843060376,0.02270484011094285
0.008900790789992952,-7.62494933082003e-05,-0.00023506153627558655,0.009135852326268538,0.008983008131173786
-0.007057778865180553,0.004528344366900416,0.004729921809564309,-0.011787700674744862,-0.011940544869839614
0.009773403425923588,0.005866407818910568,0.006172711978816381,0.0036006914471072068,0.003447847252012454
-0.008358936671157169,-0.014684266911006771,-0.01598641016690737,0.0076274734957502005,0.0074746293006554484
-0.0070985691331769685,0.010301467821202559,0.010954892496292626,-0.018053461629469594,-0.018206305824564346
0.005808805763636293,0.0016600585268868873,0.0016371427590944022,0.004171663004541891,0.004018818809447138
-0.0008885143296448739,0.0042316894655107795,0.004410048507037125,-0.005298562836681999,-0.0054514070317767515
-0.008448223032070379,0.0014304577464787638,0.0013895717277447386,-0.009837794759815117,-0.00999063895490987
-0.006726440522965893,0.0003701746080437829,0.00024630300871681743,-0.00697274353168271,-0.007125587726777463
-0.009029293861635312,-0.0028264750133749628,-0.003200539995176344,-0.005828753866458968,-0.005981598061553721
-0.02551259015154672,-0.005660579005492328,-0.00625646187415908,-0.01925612827738764,-0.019408972472482394
-0.020102866640748007,-0.008016314922730805,-0.008796575063589426,-0.011306291577158581,-0.011459135772253333
-0.005248029952654831,-0.0034283812973570083,-0.0038495559054724676,-0.0013984740471823637,-0.0015513182422771162
0.0014387903476269503,0.0018256861788026324,0.0018157336529577288,-0.0003769433053307785,-0.0005297875004255312
0.02011494699114369,0.014114629309846638,0.015066500134421686,0.005048446856722004,0.004895602661627252
0.0,-0.0014779006799081618,-0.0017464162853413907,0.0017464162853413907,0.001593572090246638
0.03708924618892917,0.00566597189372442,0.005956588459420438,0.031132657729508732,0.03097981353441398
-0.0009054077693760876,-0.0006710555783868699,-0.0008764215337208387,-2.8986235655248838e-05,-0.00018183043075000144
0.0031717125415564595,0.0007509755941104146,0.0006569082892908087,0.002514804252265651,0.002361960057170898
-0.00045168153376351494,-0.0037313402367431525,-0.004176226646517451,0.0037245451127539356,0.0035717009176591827
-0.021238108051433446,-0.005616897183990499,-0.006209361191046345,-0.015028746860387101,-0.015181591055481855
0.013850380386608796,0.008805260963896,0.009341581452151602,0.0045087989344571935,0.0043559547393624415
-0.01047356793375076,0.012313502764936146,0.013124404138397057,-0.023597972072147817,-0.02375081626724257
0.017027190383241075,0.0021943252026270788,0.002213225086400271,0.014813965296840804,0.014661121101746052
-0.0095023071582101,0.002921374261968035,0.0029971783688886562,-0.012499485527098755,-0.012652329722193508
-0.009593380097213111,0.0008119284117831249,0.000722631724150558,-0.01031601182136367,-0.010468856016458422
0.060424328759333124,0.005260365527706368,0.005519236346859737,0.054905092412473384,0.05475224821737863
-0.02218356824529155,-0.0006517852510764532,-0.0008556429684293567,-0.021327925276862194,-0.021480769471956946
-0.0066725810313496,0.007556774896180896,0.007995379654141606,-0.014667960685491206,-0.014820804880585958
-0.03269142609630482,-0.0006006499345398986,-0.0008005054247727392,-0.03189092067153208,-0.032043764866626835
-0.004166673657334807,-0.016105744611597972,-0.017519143199218358,0.01335246954188355,0.013199625346788799
0.015341697824017508,0.012493688211609788,0.013318692227435341,0.002023005596582167,0.0018701614014874149
-0.020604430393565187,0.01068444607751462,0.011367845456344143,-0.03197227584990933,-0.032125120045004084
-0.018232791060161402,-0.0031863375266721894,-0.0035885680036295956,-0.014644223056531807,-0.014797067251626559
0.020000003633044994,0.0023104108269635937,0.002338396428112504,0.01766160720493249,0.01750876300983774
-0.028944950374653278,0.008241457963390042,0.008733651069401228,-0.03767860144405451,-0.03783144563914926
0.0,0.0005705832608251526,0.0004623971211683835,-0.0004623971211683835,-0.0006152413162631361
0.0076923006385032355,0.0057423415255595245,0.0060389353420556065,0.001653365296447629,0.001500521101352876
0.006202341306948744,-0.0009489536011326738,-0.0011760699059037095,0.007378411212852454,0.007225567017757701
-0.05500236315881535,-0.013674255653625456,-0.01489734797722234,-0.04010501518159301,-0.04025785937668776
0.038635245658461104,0.009579763275017639,0.010176702027988713,0.028458543630472392,0.02830569943537764
0.06618352084013268,0.005821250684729495,0.0061240205141700884,0.06005950032596259,0.05990665613086784
0.008608995771856476,-0.0048034698371121065,-0.005332269018986902,0.013941264790843379,0.013788420595748625
-0.011230907341844065,-0.006005322001165325,-0.006628186999995441,-0.004602720341848624,-0.004755564536943377
-0.032712371915821215,0.001264199922982101,0.0012103013404235166,-0.033922673256244734,-0.034075517451339486
0.011272886838775475,0.02112288421741404,0.022623272774060395,-0.01135038593528492,-0.011503230130379672
0.006967004818690725,0.0003479475462115911,0.00022233629304674397,0.006744668525643981,0.006591824330549228
-0.008302596985333421,-0.003786751350190576,-0.004235974642495631,-0.00406662234283779,-0.004219466537932543
0.010232526202534453,0.0017063496993998672,0.001687057020278761,0.008545469182255693,0.00839262498716094
-0.0184161892806477,-0.001658155060430544,-0.0019407787034999746,-0.016475410577147725,-0.016628254772242477
0.01547842065805316,0.005229094697149161,0.005485518030404336,0.009992902627648823,0.009840058432554071
-0.0050807715908124385,0.00800782894888763,0.008481736524638987,-0.013562508115451425,-0.013715352310546177
-0.0018570526382154506,-0.0011932620709189656,-0.0014394997589074253,-0.00041755287930802533,-0.000570397074402778
-0.0051163074582120105,-0.010193100883444606,-0.011143732352704272,0.0060274248944922615,0.005874580699397509
-0.004675010611243424,0.005141103203274655,0.00539063967306693,-0.010065650284310355,-0.010218494479405107
0.010333457204975582,0.010304127925951478,0.01095776080046397,-0.0006243035954883874,-0.0007771477905831395
0.011622501038578426,-0.0065285190034379825,-0.0071923332595223155,0.01881483429810074,0.01866199010300599
0.09053305572762493,-0.001122238087346461,-0.001362916914405106,0.09189597264203003,0.09174312844693529
0.009271016643365382,0.011201787981366396,0.011925678354252059,-0.0026546617108866768,-0.002807505905981429
0.0016701046724225677,-0.0019245297153407392,-0.0022280018040674258,0.0038981064764899934,0.003745262281395241
-0.00875360927370561,-0.0028710915621273925,-0.00324864856419021,-0.005504960709515399,-0.005657804904610151
-0.05719094075196218,-0.006482917484461503,-0.007143162629248104,-0.050047778122714076,-0.050200622317808835
-0.07091882904447877,0.006318059504952345,0.006659713257842613,-0.07757854230232139,-0.07773138649741614
0.0,0.0056491496501236416,0.00593844958293031,-0.00593844958293031,-0.006091293778025063
0.036965936657894716,0.008904173912846591,0.009448236058211766,0.027517700599682948,0.027364856404588196
0.0013888323503277178,0.0032365354015160275,0.0033370063443011965,-0.0019481739939734787,-0.002101018189068231
-0.013869590785962616,-0.0014021878490156903,-0.0016647776097361373,-0.012204813176226478,-0.012357657371321232
0.013127083340225942,-0.0030549644525015296,-0.003446912703476899,0.01657399604370284,0.01642115184860809
-0.006478542019568656,-0.002799795225030266,-0.003171772049767159,-0.003306769969801497,-0.0034596141648962496
0.015836057916238877,0.008630626525532925,0.00915327883428652,0.006682779081952358,0.006529934886857606
0.0013755473351733105,0.0011164855071790214,0.0010510257046849214,0.00032452163048838907,0.00017167743539363636
-0.001373657803841799,-0.0020135845401164643,-0.002324026716427043,0.000950368912585244,0.0007975247174904915
-0.038514450855425375,-0.0072390590731691296,-0.007958485437079887,-0.030555965418345488,-0.03070880961344024
-0.011921793428042227,0.001091122364688113,0.001023677455547522,-0.012945470883589749,-0.013098315078684501
-0.003378363761774028,-0.012334336350379616,-0.013452556704125436,0.010074192942351408,0.009921348747256656
-0.03147697968705998,0.011099194174331695,0.011815054798998801,-0.043292034486058784,-0.043444878681153536
0.009000015258789018,-0.00037463099831791524,-0.0005567965791600765,0.009556811837949094,0.009403967642854342
0.023785903616325488,0.0014454931932483817,0.001405783959501707,0.02238011965682378,0.022227275461729028
-0.033881934564831906,-0.009456980649108493,-0.010349997918143528,-0.02353193664668838,-0.023684780841783132
0.017535090056291613,0.007444797710585593,0.007874638307896246,0.009660451748395367,0.009507607553300615
-0.0310191618578346,-0.01455068829580164,-0.01584237670380759,-0.015176785154027008,-0.01532962934912176
-0.020833325256823354,-0.01202135494776202,-0.013115079067936353,-0.007718246188887001,-0.007871090383981753
-0.005189433269029209,-0.0020565070133361507,-0.002370308619059026,-0.002819124649970183,-0.0029719688450649353
-0.011997889479445023,-0.005780602724641426,-0.0063858795350370005,-0.0056120099444080225,-0.0057648541395027755
0.006863735855383801,-0.002208160119998248,-0.0025338312166607356,0.009397567072044536,0.009244722876949784
0.018877850871139135,-0.00875854812743615,-0.009596900914678594,0.02847475178581773,0.028321907590722978
0.0056613797541866795,0.008731248071466746,0.009261775764734899,-0.003600396010548219,-0.003753240205642971
0.023541405471845245,0.011964576270872662,0.012748168082722645,0.0107932373891226,0.010640393194027847
-0.0015000343322754128,0.0002130100613548791,7.683760513146616e-05,-0.001576871937406879,-0.0017297161325016317
-0.0035052427256423435,-0.004576430353515626,-0.0050874597504331825,0.001582217024790839,0.001429372829696086
0.0,0.01020914263474304,0.010855341259616933,-0.010855341259616933,-0.011008185454711685
-0.005025144893802347,0.0031784486665891176,0.0032743733129672976,-0.008299518206769645,-0.008452362401864397
-0.027272678231621827,-0.01573051358686217,-0.017114543826241023,-0.010158134405380805,-0.010310978600475557
0.026998985025134647,-0.0034354388154940185,-0.0038571657970453217,0.03085615082217997,0.030703306627085217
0.02426691231413347,0.009128437077573048,0.009690051712698556,0.014576860601434915,0.014424016406340162
-0.008390921736101453,0.012556739721478527,0.013386678613625365,-0.021777600349726818,-0.02193044454482157
0.004479848277965104,0.01032612390701182,0.010981478349276201,-0.006501630071311097,-0.006654474266405849
-0.008919737485316825,0.0013434298232750663,0.0012957323572275277,-0.010215469842544353,-0.010368314037639105
0.006000041961669922,-5.835618166138978e-06,-0.00015913655179051735,0.0061591785134604395,0.006006334318365687
0.01888663742128749,0.005090947698625836,0.00533655862860489,0.013550078792682599,0.013397234597587845
-0.008780502691501546,0.001649398844549843,0.0016256487713764561,-0.010406151462878002,-0.010558995657972754
0.0024606862775651273,-0.00024130405535727206,-0.0004130344860313357,0.0028737207635964627,0.0027208765685017102
0.001963623295570649,0.004837813139759728,0.005063611891675997,-0.003099988596105348,-0.003252832791200101
0.021068118980427375,0.011715927882596233,0.01248005863719025,0.008588060343237124,0.008435216148142372
0.00479848276091821,-0.0020816677921287052,-0.0023974386660221116,0.007195921426940322,0.007043077231845569
0.010506175154899156,0.0011647735102702228,0.001103093083140058,0.009403082071759097,0.009250237876664345
-0.005671027067584822,0.0009163899374069473,0.000835269179428711,-0.006506296247013533,-0.006659140442108285
0.009505648616356499,0.002501874243978186,0.002544845184653213,0.006960803431703286,0.006807959236608534
0.008945411304381423,-0.002706123039226127,-0.0030707683876407235,0.012016179692022146,0.011863335496927394
-0.033597816633219035,-0.0073807894850155265,-0.008111308716565499,-0.025486507916653536,-0.02563935211174829
0.0009657391911073177,0.0070010425881694704,0.007396151635821464,-0.0064304124447141465,-0.0065832566398088994
-0.004823945184657674,0.0002488018529340774,0.00011543072637157508,-0.00493937591102925,-0.005092220106124002
-0.015511377016087513,-0.007367046509680453,-0.008096490114592677,-0.007414886901494836,-0.007567731096589588
0.019202427732756044,-0.005975035585443322,-0.0065955301459427115,0.025797957878698756,0.025645113683604004
-0.007729460942753508,0.00802787620486467,0.008503352826766291,-0.0162328137695198,-0.016385657964614553
-0.07302823433011951,0.0011160825806737495,0.0010505912421787794,-0.07407882557229829,-0.07423166976739304
0.00787813084651412,0.0015028090913065117,0.0014675858225866696,0.00641054502392745,0.0062577008288326975
-0.00833766768938582,0.011847649793331305,0.012622090076430411,-0.020959757765816232,-0.021112601960910984
-0.00578037868536474,-0.00019981663563317653,-0.0003682999547685347,-0.005412078730596205,-0.005564922925690958
-0.008985204841883143,-0.0011152197300303701,-0.0013553492486679227,-0.0076298555932152205,-0.007782699788309973
0.005866699218749716,0.0025808546645145203,0.002630007195574316,0.0032366920231753997,0.0030838478280806473
-0.002120939248824061,0.0027103813151374556,0.0027696715574505575,-0.004890610806274618,-0.00504345500136937
-0.011689655521885833,0.008503672791998707,0.009016388764971907,-0.02070604428685774,-0.02085888848195249
-0.010215082266713527,0.0023446558536817097,0.002375321723262332,-0.012590403989975858,-0.01274324818507061
-0.04128192477897652,-0.000393860697500914,-0.0005775313364671572,-0.04070439344250936,-0.04085723763760411
0.013597721037126531,0.007664386564552705,0.008111413805579204,0.0054863072315473275,0.005333463036452575
-0.0027948149114793708,0.0025213273947457537,0.0025658208825143723,-0.005360635793993743,-0.005513479989088495
0.027466354648381763,-0.0025259318472709014,-0.0028764741036527318,0.030342828752034496,0.030189984556939744
0.03764323714836704,-0.001562130321101196,-0.0018372383596536165,0.039480475508020654,0.0393276313129259
-0.031019986245429454,-0.003065171894990004,-0.0034579190557193526,-0.0275620671897101,-0.027714911384804853
-0.02550196488988299,0.003933590015736899,0.004088617595112072,-0.029590582484995062,-0.029743426680089814
0.007795172835955766,0.0015724312002203256,0.001542657071377258,0.006252515764578508,0.006099671569483755
0.0204419295075573,0.0009073212238914774,0.0008254906814895983,0.0196164388260677,0.019463594630972948
-0.009745446914933176,-0.004083652583445674,-0.004556113556637367,-0.005189333358295809,-0.005342177553390562
0.01257515203517956,0.0026755639309195,0.0027321291078804175,0.009843022927299142,0.00969017873220439
0.010799074009038678,0.006195317856513505,0.006527364942477364,0.004271709066561314,0.004118864871466561
0.006944501756604993,0.005084444409779065,0.005329546344395324,0.0016149554122096687,0.0014621112171149158
-0.007427124358824755,0.005448765178485582,0.005722381544216724,-0.013149505903041479,-0.013302350098136233
-0.0037412986771500067,0.0010166989647510949,0.000943429131277,-0.004684727808427006,-0.004837572003521759
-0.037553587902989016,0.0007410719362856977,0.0006462294981410527,-0.03819981740113007,-0.03835266159622482
-0.006689009791587597,0.010208065293514812,0.01085417959771616,-0.017543189389303757,-0.01769603358439851
0.030864262279921784,-0.008763028841120457,-0.009601732322072046,0.04046599460199383,0.040313150406899076
0.022863367289398084,0.0055170270744306915,0.005795986119736783,0.017067381169661302,0.016914536974566546
-0.002661050663806064,0.0028262026252154904,0.0028945578977204785,-0.005555608561526542,-0.005708452756621294
0.02561363650473991,0.006389375498743188,0.006736610967437247,0.018877025537302666,0.01872418134220791
-0.006243441007897865,-0.013927543241993745,-0.015170459720871221,0.008927018712973356,0.008774174517878604
-0.02198953235107881,-0.007816403936922511,-0.00858101756919976,-0.013408514781879051,-0.013561358976973803
-0.019807325117167207,-0.007140265531926926,-0.007851959584456294,-0.011955365532710913,-0.012108209727805665
-0.006553737596113551,0.01079203564940956,0.011483855781871576,-0.018037593377985127,-0.01819043757307988
0.00989556349043319,-0.001558102589770738,-0.001832895388354876,0.011728458878788066,0.011575614683693313
-0.006532435152485583,-0.02314909375473495,-0.02511375680820806,0.018581321655722478,0.018428477460627726
0.11616442954703543,-0.005142620237842288,-0.00569796383214117,0.1218623933791766,0.12170954918408185
-0.016200290137959206,0.011090468702846357,0.011805646407743347,-0.028005936545702555,-0.028158780740797307
0.007485010562751526,0.0008133101292933098,0.0007241215850666329,0.006760888977684894,0.006608044782590141
-0.005943577813728895,-0.004960171878030217,-0.005501235717687727,-0.00044234209604116816,-0.0005951862911359211
0.013951205326511174,0.0157933986591674,0.01687666235804643,-0.0029254570315352564,-0.0030783012266300085
-0.03980341281368971,-0.013693502993456064,-0.014918101755864254,-0.024885311057825453,-0.025038155252920205
-0.019959123783211186,-0.018381860868696753,-0.019973405106516927,1.4281323305741223e-05,-0.00013856287178901083
-0.05900779024941449,-0.02996879838863975,-0.03246722183874833,-0.02654056841066616,-0.026693412605760913
0.02885685041920394,0.010354085880061037,0.011011628832624128,0.01784522158657981,0.01769237739148506
-0.011326913778381353,-0.007734647858502863,-0.008492862656932136,-0.0028340511214492176,-0.0029868953165439697
0.03600653847022306,0.023042611519136447,0.02469325209709543,0.011313286373127628,0.011160442178032876
-0.0010532100055151705,0.004671676849538509,0.00488447254972096,-0.00593768255523613,-0.006090526750330883
-0.020031585372756955,4.303397765514916e-05,-0.00010644206086756988,-0.019925143311889385,-0.020077987506984137
0.040344270782353586,0.016847579753558328,0.01801335144204592,0.022330919340307665,0.022178075145212913
-0.007755926439855898,0.0038237284285767004,0.0039701574296430574,-0.011726083869498955,-0.01187892806459371
0.021365285878156115,0.016133247764330783,0.01724311056139749,0.004122175316758625,0.003969331121663873
0.0066326101141052085,0.001989779357261412,0.0019926699741508566,0.004639940139954352,0.004487095944859599
0.018246356751347337,0.009722284736913167,0.010330378270936228,0.007915978480411109,0.007763134285316357
0.004479848277965104,-0.0019845553982971165,-0.002292725539808058,0.006772573817773162,0.006619729622678409
0.024777006562867188,0.004239676828782013,0.004418661020284287,0.020358345542582902,0.020205501347488147
-0.010154786688698958,-0.008932805548120926,-0.009784797006680447,-0.0003699896820185105,-0.0005228338771132626
0.02979973770461264,0.01148337085011919,0.01222929997567517,0.017570437728937467,0.017417593533842715
0.003320668646943359,-0.0031537266931381813,-0.003553404805678632,0.006874073452621991,0.006721229257527238
-0.010874683044193367,0.0015951960865450143,0.001567203705652381,-0.012441886749845749,-0.012594730944940501
0.0009560448226926255,-0.00597597320797616,-0.006596541153732226,0.007552585976424851,0.007399741781330098
0.017191914700165123,-3.937906806072977e-05,-0.00019530535953876744,0.01738722005970389,0.017234375864609137
0.008450718855547823,0.010093051774424433,0.010730164272116021,-0.002279445416568198,-0.00243228961166295
-0.03584732188888606,-0.02115107439771169,-0.022959357716029107,-0.012887964172856956,-0.013040808367951708
0.005794343048685535,-0.0016025435809103872,-0.0018808146593220186,0.007675157708007554,0.007522313512912801
-0.016802706805169043,-0.003018017615584734,-0.0034070741345297905,-0.013395632670639254,-0.013548476865734006
-0.020996109120460793,-0.01726024985928465,-0.018764008544886305,-0.002232100575574488,-0.00238494477066924
-0.0284289135418333,0.0115800702824842,0.012333567819011673,-0.040762481360844975,-0.04091532555593973
-0.007186827152890429,0.004472672652839682,0.004669892816446253,-0.011856719969336682,-0.012009564164431434
-0.0015512247367533982,0.010665025888896507,0.01134690530049343,-0.012898130037246828,-0.01305097423234158
0.01139312412157989,0.007495302358939249,0.007929095822625253,0.0034640282989546363,0.0033111841038598842
0.0015360357522868906,0.005407711405364557,0.005678114599939354,-0.004142078847652463,-0.004294923042747216
0.005623753239006657,0.0012566297656613212,0.0012021386867424042,0.0044216145522642525,0.0042687703571695
0.007625806708107197,0.00026455008109871336,0.00013241152705403995,0.007493395181053157,0.007340550985958404
0.03229058524231787,-0.002896455862498093,-0.003275998061831616,0.03556658330414949,0.03541373910905474
0.029814302915316393,0.01697685316676334,0.01815274274627567,0.011661560169040724,0.011508715973945972
0.00237309658914997,-0.0019410273951238066,-0.0022457907139810177,0.004618887303130988,0.004466043108036236
0.0023673880243255674,0.0028092730585327352,0.002876303298252208,-0.0005089152739266405,-0.000661759469021393
0.01889464417046427,0.0025111788443470395,0.002554878031691097,0.016339766138773172,0.01618692194367842
-0.03198889864718846,-0.0018612489301417234,-0.0021597681977683133,-0.029829130449420142,-0.029981974644514898
-0.0004788468359706588,0.00403867571712313,0.004201928078752621,-0.00468077491472328,-0.004833619109818033
0.024436909488497083,-0.0012532169669905446,-0.0015041471674594284,0.025941056655956512,0.02578821246086176
0.01730593329079122,0.004236552581176722,0.004415292246012446,0.012890641044778774,0.01273779684968402
-0.022528725108881154,-0.009324107094664358,-0.010206724699061446,-0.012322000409819707,-0.01247484460491446
0.007055485273537165,0.00013839090212397487,-3.6217999994848818e-06,0.00705910707353665,0.006906262878441898
-0.03923401020899231,-0.001681413492255035,-0.0019658575117868183,-0.037268152697205494,-0.037420996892300246
-0.00048615600535728554,0.008970249395274354,0.009519483095362468,-0.010005639100719754,-0.010158483295814506
-0.020914412273603245,-0.009586022165882668,-0.010489139176016958,-0.010425273097586287,-0.010578117292681039
-0.001987034766333662,0.009689347495581924,0.010294863118105763,-0.012281897884439424,-0.012434742079534176
0.04878046464873176,0.007113411987488272,0.007517315893329857,0.0412631487554019,0.04111030456030715
-0.0014237674291112112,-0.002070122839989974,-0.0023849901207567705,0.0009612226916455593,0.0008083784965508068
0.031844018050914524,0.006051847587953629,0.006372665632256184,0.02547135241865834,0.025318508223563588
-0.0073698689156805886,0.0077076668832223305,0.008158081561286022,-0.01552795047696661,-0.015680794672061363
0.0,-0.007609466332438197,-0.008357883501118005,0.008357883501118005,0.008205039306023253
0.006960627897421912,0.004679145956573816,0.004892526244175766,0.0020681016532461457,0.0019152574581513928
-0.007373264598467988,-0.00017116047891174713,-0.00033740095581290714,-0.007035863642655081,-0.007188707837749833
-0.0009285263191077808,0.00397155273894878,0.0041295515611103634,-0.005058077880218144,-0.005210922075312897
-0.01068771084311726,-0.0018227694906369774,-0.0021182770734480324,-0.008569433769669227,-0.00872227796476398
0.0046969689911176005,-0.0004748538883844189,-0.0006648636519919002,0.005361832643109501,0.005208988448014748
-0.022907890841516343,-0.009191323428069387,-0.010063548403114745,-0.012844342438401598,-0.01299718663349635
-0.021052657516199447,0.002145772011323821,0.0021608717641471917,-0.02321352928034664,-0.02336637347544139
0.00879766926834269,-0.00029944716993013376,-0.0004757283096982161,0.009273397578040906,0.009120553382946152
0.0266473430558829,0.0026514435020339455,0.0027061208362831766,0.023941222219599722,0.02378837802450497
0.0009437730019352664,0.001614127248163344,0.0015876165596425376,-0.0006438435577072713,-0.000796687752802024
0.0023574326528748024,-0.003300233889343751,-0.0037113787359078216,0.0060688113887826245,0.005915967193687872
-0.010818416733781255,-0.018614700871699585,-0.020224468885918744,0.009406052152137488,0.009253207957042736
-0.027104212247354487,0.004092509543626166,0.004259975337673802,-0.03136418758502829,-0.03151703178012304
-0.00537628093475373,-0.002812083478299976,-0.0031850220723936514,-0.0021912588623600785,-0.002344103057454831
0.032923836055749334,0.012265644545291332,0.013072800181411525,0.019851035874337807,0.019698191679243054
0.07849664998084482,0.025295927786425976,0.02712292951917664,0.05137372046166819,0.05122087626657343
-0.022496701683523357,0.007431229727488331,0.007860008394344763,-0.03035671007786812,-0.030509554272962872
0.013086684003800197,0.0037568333092317108,0.003898026604743161,0.009188657399057037,0.009035813203962285
0.016035576426225218,0.0009690634297987444,0.0008920652879308076,0.01514351113829441,0.014990666943199657
-0.0030688161535792347,-0.00289265965137242,-0.0032719047312169147,0.00020308857763768002,5.0244382542927526e-05
0.0004397638074973287,0.00023222772482434095,9.75593847212758e-05,0.0003422044227760529,0.00018936022768130026
-0.014505491151914462,-0.006049734794859041,-0.006676075866576506,-0.007829415285337957,-0.00798225948043271
-0.024977674577910003,-0.013203489851361216,-0.014389736570224762,-0.010587938007685241,-0.010740782202779993
-0.007776764480666998,0.003917814394541086,0.00407160725741772,-0.011848371738084718,-0.01200121593317947
-0.02397420216505608,0.003963584828470035,0.0041209600231747415,-0.02809516218823082,-0.028248006383325575
0.0037789288340928096,2.195086225209586e-05,-0.00012917529642156024,0.00390810413051437,0.003755259935419617
0.01458821016199452,0.0053404615405816536,0.005605601264606458,0.008982608897388061,0.008829764702293307
0.011595547597063494,0.003467959094991535,0.003586542963343336,0.008009004633720158,0.007856160438625404
0.005960617666141532,0.003020480305938378,0.0031040411830093647,0.0028565764831321675,0.002703732288037415
0.007748408028981135,0.005722005647630368,0.006017007828292923,0.0017314002006882118,0.001578556005593459
-0.004070563098300006,-0.003801238017440034,-0.004251595143198602,0.0001810320448985955,2.8187849803842577e-05
-0.006357915262790503,0.005607785488815242,0.005893847957196149,-0.012251763219986653,-0.012404607415081405
0.02239495874138009,0.0024484564662998753,0.0024872465376071574,0.01990771220377293,0.019754868008678178
-0.010728729077464916,0.0004514491145146682,0.0003339386576621992,-0.011062667735127115,-0.011215511930221867
0.034794418751211476,0.006051417924264779,0.006372202339917224,0.028422216411294252,0.028269372216199497
-0.017903923766022456,-0.0018697756269248078,-0.0021689622567468664,-0.01573496150927559,-0.01588780570437034
-0.011116051691607898,0.0024954538421815275,0.002537922274845796,-0.013653973966453695,-0.013806818161548447
0.003597118908694741,-0.006144213927296471,-0.006777949632932958,0.010375068541627699,0.010222224346532947
0.020161324780116452,-0.002963883313944371,-0.0033487028830702977,0.02351002766318675,0.023357183468091996
-0.010540174189427098,0.008165786048233592,0.008652056511899351,-0.01919223070132645,-0.0193450748964212
0.025299586216261494,-0.005414022527810203,-0.005990608067577051,0.03129019428383854,0.03113735008874379
-0.0311688834984043,-2.6466639124200775e-05,-0.00018138230865294988,-0.030987501189751347,-0.031140345384846103
0.013851715143692545,0.0037993543260221863,0.0039438756300040605,0.009907839513688484,0.00975499531859373
-0.014103115350037165,-0.003863994965801476,-0.004319263913324656,-0.00978385143671251,-0.009936695631807262
-0.03844437094715081,-0.02949284635160343,-0.031954018283984253,-0.006490352663166554,-0.006643196858261306
0.008833125617660365,-0.0008651123249070469,-0.001085666592866381,0.009918792210526746,0.009765948015431992
-0.009677464720643791,0.010869123768910471,0.01156697738631788,-0.02124444210696167,-0.021397286302056423
0.0023267168423324325,0.007287273468533639,0.007704785056535099,-0.005378068214202667,-0.0055309124092974195
0.01810582047688314,0.01104275925539211,0.011754202866957573,0.006351617609925565,0.006198773414830813
-0.0027359537212693352,-0.00040565878647391695,-0.000590252830922923,-0.0021457008903464124,-0.002298545085441165
-0.010059497588516653,-0.011055736101235558,-0.012073883766682184,0.002014386178165531,0.0018615419830707788
-0.006928388968741039,-0.010701995701766776,-0.011692457033851139,0.004764068065110099,0.004611223870015347
0.00744185336800518,-0.004284800394927402,-0.004773004679802282,0.012214858047807461,0.01206201385271271
-0.004616822815059929,-0.0022238866412221947,-0.002550788611457191,-0.002066034203602738,-0.0022188783986974905
0.0055659017720737225,0.01259602672149196,0.013429040504097474,-0.007863138732023751,-0.008015982927118503
0.006918801495333193,0.005538045085450305,0.005818649155357982,0.0011001523399752113,0.0009473081448804583
-0.007329356297356648,-0.01110391288210788,-0.012125831217847055,0.004796474920490406,0.004643630725395654
0.004153214225705026,0.001560360190925314,0.001529641295841629,0.0026235729298633974,0.0024707287347686445
-0.020220612565693297,-0.01541164380306681,-0.016770716940722002,-0.003449895624971295,-0.003602739820066047
0.0028142339024961327,0.0015754440882007614,0.0015459057701984538,0.0012683281322976789,0.0011154839372029262
0.02572503115053726,0.0011462798112440442,0.0010831519307918699,0.024641879219745387,0.024489035024650635
0.015959889493805557,0.018312792279639112,0.01959324230994051,-0.003633352816134954,-0.0037861970112297062
-0.010323224528571151,-0.0021126894641922966,-0.002430888323002035,-0.007892336205569117,-0.00804518040066387
0.004535164849423179,0.009991058969353706,0.010620188757674294,-0.006085023908251115,-0.006237868103345867
0.016704327115376616,0.008768227105582893,0.009301649050871712,0.007402678064504904,0.007249833869410152
0.003996454296556706,0.006137941522227575,0.006465497912979549,-0.002469043616422843,-0.002621887811517596
0.018575854266083436,0.00531348622041139,0.005576514656870767,0.012999339609212669,0.012846495414117916
-0.004342178831445498,-0.002855132319398823,-0.00323144023338729,-0.001110738598058208,-0.0012635827931529605
-0.03314436191744352,-0.014580715690809543,-0.015874754264274225,-0.017269607653169296,-0.017422451848264048
0.019846663623970917,0.009217869449967608,0.009786483722338996,0.01006017990163192,0.009907335706537169
-0.011499346389349352,-0.004678895760321544,-0.0051979448559084885,-0.006301401533440863,-0.006454245728535616
0.12125275338784802,0.005275414405311762,0.005535463060648775,0.11571729032719924,0.1155644461321045
-0.04868313405243774,-0.005046825754019935,-0.00559467176529648,-0.043088462287141256,-0.04324130648223601
0.005452984896583191,-0.007608597684666707,-0.008356946866563518,0.013809931763146708,0.013657087568051956
0.007092201967616951,0.007224881828679752,0.007637510186655446,-0.0005453082190384944,-0.0006981524141332473
0.021955289977048542,0.003908672930614365,0.00406175031508346,0.017893539661965083,0.017740695466870328
-0.024321053085292976,0.003644298722618622,0.0037766842311641696,-0.028097737316457146,-0.0282505815115519
0.006647272515192926,-0.009464770111542897,-0.010358397041374368,0.017005669556567293,0.01685282536147254
0.017746608060236646,0.006712541085862833,0.007085069877540757,0.010661538182695888,0.010508693987601136
0.0020275440944819145,0.00033958278885926063,0.00021331684807349483,0.0018142272464084198,0.001661383051313667
-0.025091013956142216,-0.0027238667143857365,-0.003089900813721286,-0.022001113142420932,-0.022153957337515684
0.01660438422568067,0.010426292122230674,0.011089486468003439,0.0055148977576772295,0.0053620535625824774
-0.011024926920664702,-7.194380749464546e-05,-0.00023041885572530884,-0.010794508064939392,-0.010947352260034146
-0.0016514867594011884,0.0024449877750611915,0.00248350636100206,-0.004134993120403248,-0.004287837315498001
0.0,0.0023769693899173827,0.002410164355235099,-0.002410164355235099,-0.0025630085503298514
0.004962734920192613,-0.0043341850761716705,-0.004826254570533426,0.00978898949072604,0.009636145295631286
-0.024691296006545627,-0.01706412670256352,-0.01855253534303266,-0.006138760663512967,-0.006291604858607719
-0.007594949340982926,-0.00496910650440241,-0.005510869633834509,-0.002084079707148417,-0.00223692390224317
-0.01360542893691108,-0.004679730915472358,-0.005198845376462715,-0.008406583560448364,-0.008559427755543117
-0.009051766591178456,0.00013602428004699796,-6.173651379826837e-06,-0.00904559293979863,-0.009198437134893381
-0.020878623184648393,-0.015864553655509872,-0.017259074859534134,-0.0036195483251142586,-0.0037723925202090107
-0.0008885143296448739,0.01585414463498891,0.016942162762085735,-0.01783067709173061,-0.01798352128682536
-0.03512667924493418,-0.0175967394669998,-0.019126834311734335,-0.015999844933199843,-0.016152689128294595
-0.00691251247028013,-0.012234826602200433,-0.0133452585889262,0.00643274611864607,0.006279901923551318
0.013921167286783609,0.011159277893187936,0.011879841112956976,0.002041326173826633,0.0018884819787318811
-0.01693367655714939,-0.017819007085749905,-0.01936649823409464,0.002432821676945248,0.002279977481850496
-0.0023277112721642457,0.00552061780274804,0.005799857884942643,-0.008127569157106888,-0.008280413352201641
-0.02753150462836873,-0.0269730913054258,-0.029237048618542108,0.0017055439901733777,0.0015526997950786256
-0.00047985742843648094,-0.007567865323653167,-0.008313026490476364,0.007833169062039883,0.007680324866945131
0.004800786453960537,0.004886869929446425,0.005116508227637272,-0.00031572177367673523,-0.00046856596877148816
-0.02197806904510824,-0.013890984206835322,-0.015131039305909082,-0.006847029739199158,-0.00699987393429391
0.012701526018723985,0.021265869083087807,0.022777448690184568,-0.010075922671460583,-0.010228766866555335
0.015436550983623398,0.006416130719105961,0.006765460248730739,0.00867109073489266,0.008518246539797906
0.004275541845599751,-0.010653512117636543,-0.01164017876674197,0.01591572061234172,0.015762876417246968
0.02270584027641931,0.010798495567894584,0.011490821301234922,0.011215018975184387,0.011062174780089635
-0.008325638214090048,-0.0021848931523151816,-0.0025087432044360513,-0.005816895009653996,-0.005969739204748749
-0.002332142871440235,0.0008246534476661349,0.0007363527152200065,-0.0030684955866602413,-0.003221339781754994
0.02103790443104092,0.017646000146633645,0.018874262105384707,0.002163642325656214,0.002010798130561462
-0.004578772013327015,0.0015743334544251475,0.0015447082100299224,-0.006123480223356938,-0.00627632441845169
0.0013799764011663829,-0.011156934922627149,-0.012183003154424473,0.013562979555590856,0.013410135360496104
-0.0013780746906143504,-0.003306980860763864,-0.003718653775086674,0.0023405790844723234,0.002187734889377571
-0.02437905668010265,-0.01973722070834405,-0.02143484540630575,-0.0029442112737969005,-0.0030970554688916525
-0.009429460830917002,0.005538521570653376,0.005819162933808289,-0.015248623764725291,-0.015401467959820045
0.013802903618252094,0.0037812354559083605,0.003924338643444185,0.009878564974807907,0.009725720779713155
0.012676078283321734,0.006728194715792668,0.007101948676032672,0.0055741296072890625,0.00542128541219431
-0.06444132634744415,-0.04839563335990149,-0.052336276857796134,-0.012105049489648016,-0.012257893684742768
-0.04311203300677158,-0.05974960534553109,-0.06457889445430869,0.02146686144753711,0.02131401725244235
-0.0005178782578152408,-0.0023314724921273955,-0.0026667949247627764,0.0021489166669475357,0.001996072471852783
-0.0036269273363390697,-0.015700524562941354,-0.01708220764006583,0.013455280303726759,0.013302436108632007
0.06656269979799756,0.09515387644904849,0.10244847661720995,-0.03588577681921239,-0.036038621014307146
-0.026328664529555845,-0.03460757958472693,-0.03746906827358779,0.011140403744031947,0.010987559548937195
0.011016586292819985,0.018092095201708958,0.019355271850511307,-0.008338685557691322,-0.008491529752786074
-0.004457659742805542,0.007944712390868913,0.008413679999150882,-0.012871339741956424,-0.013024183937051176
0.002985048000182955,-0.0017277808903947145,-0.0020158539645777724,0.005000901964760727,0.004848057769665974
-0.005456379523022803,-0.0224083715440897,-0.024315060212721406,0.018858680689698603,0.01870583649460385
-0.010473770197681254,0.0013268380955802073,0.0012778420385187342,-0.011751612236199988,-0.01190445643129474
-0.0005040437905707851,-0.023567493023827546,-0.02556490309081684,0.025060859300246055,0.024908015105151303
0.014624352831219989,0.025117204723895226,0.026930218271252925,-0.012305865440032936,-0.012458709635127688
0.024850893595641077,0.01666113847096007,0.017812317889211483,0.007038575706429594,0.006885731511334842
0.020368577070802862,0.020259113708281262,0.0216918972124647,-0.0013233201416618379,-0.00147616433675659
0.001901093461891934,0.007373133469998461,0.007797365095141873,-0.005896271633249939,-0.006049115828344692
0.0014231824835904128,0.0006407067039131409,0.0005380089422441817,0.000885173541346231,0.0007323293462514784
0.0052107389778563995,0.005802410694099036,0.006103705966881922,-0.0008929669890255223,-0.0010458111841202752
-0.009425017062321683,0.00147999135976562,0.0014429822070388609,-0.010867999269360544,-0.011020843464455296
0.009514693208151348,0.006299102138585644,0.006639272148127153,0.002875421060024195,0.0027225768649294423
-0.003770024801824756,0.01472657412963474,0.015726340270394778,-0.019496365072219534,-0.019649209267314286
-0.0014190529878430613,-0.006381597588933863,-0.007033912691214659,0.005614859703371598,0.005462015508276845
-0.0028423198273898054,-0.007693239651855532,-0.008448213538545878,0.005605893711156072,0.00545304951606132
0.007600943145423589,0.00434635623313584,0.004533689941844129,0.0030672532035794595,0.0029144090084847066
0.016501668862680674,0.005799775094835535,0.006100864086176074,0.0104008047765046,0.010247960581409848
0.002319162599617064,-0.0007114809122162891,-0.0009200108524113673,0.0032391734520284313,0.003086329256933679
0.06848678854397572,0.032558782749008364,0.03495422909243334,0.033532559451542376,0.033379715256447624
-0.0030316021811014338,0.0072482009835321826,0.007662654470602375,-0.010694256651703808,-0.010847100846798562
-0.01607301615446377,0.001024415597859818,0.0009517497250218369,-0.017024765879485607,-0.01717761007458036
0.02207505555942446,0.004132332074135769,0.004302914673209559,0.017772140886214902,0.01761929669112015
0.00691144060685156,0.007005272294898557,0.007400712390603591,-0.0004892717837520315,-0.0006421159788467844
0.010725010970732418,0.0008761131291423752,0.0007918400110094733,0.009933170959722945,0.009780326764628193
-0.0016977508100767258,-0.0038802294486252054,-0.004336769026543151,0.0026390182164664254,0.0024861740213716725
-0.008503433632946034,-0.01613513066101424,-0.017550829217655863,0.009047395584709829,0.008894551389615077
-0.0017152233577253373,-0.00044487103794299543,-0.0006325341224781439,-0.0010826892352471934,-0.0012355334303419461
-0.01890036602576317,-0.006708297825321674,-0.0073861828983147375,-0.011514183127448435,-0.011667027322543187
0.03021018079894522,0.0204590558452733,0.02190748829615957,0.00830269250278565,0.008149848307690898
-0.006374905291186006,-0.005571225417268844,-0.006160114814920171,-0.00021479047626583522,-0.00036763467136058815
-0.011120544519501063,0.004011194261904327,0.00417229572210551,-0.015292840241606574,-0.015445684436701326
-0.012110755903190218,-8.118516130162234e-05,-0.0002403835060587859,-0.011870372397131432,-0.012023216592226185
-0.0004378383894495519,0.0041020419271569075,0.004270253795864281,-0.0047080921853138325,-0.0048609363804085854
0.025405165380828487,0.005800290454605506,0.00610141978180368,0.019303745599024806,0.019150901403930054
-0.009824841680285301,7.36874595066439e-05,-7.338941138204467e-05,-0.009751452268903256,-0.009904296463998008
0.0017255827287361303,-0.005277383403094138,-0.005843274556913276,0.007568857285649406,0.007416013090554653
0.004306648769460297,0.010280683010067904,0.010932480912499803,-0.0066258321430395055,-0.0067786763381342575
0.02401369953991339,0.0009199480792858594,0.0008391058077410577,0.023174593732172333,0.02302174953707758
-0.004187540939506573,0.00548298940767844,0.005759284414073535,-0.009946825353580109,-0.010099669548674861
-0.0008410621188461587,-0.002743888954607865,-0.0031114901421761456,0.002270428023329987,0.0021175838282352344
-0.0067340002470883675,0.0038224199557175265,0.003968746546044739,-0.010702746793133107,-0.010855590988227859
-0.014830524398827594,-0.011296379879250695,-0.012333362102100677,-0.0024971622967269163,-0.0026500064918216684
0.023225845829133007,0.009392659896159117,0.009974954558356104,0.013250891270776903,0.013098047075682151
-0.004203462699509997,-0.008352184790166306,-0.009158732584711423,0.004955269885201426,0.004802425690106674
0.007176026697405247,-0.0003092402101070313,-0.0004862878254469589,0.007662314522852206,0.007509470327757453
-0.011316028954606594,-0.002178658486505891,-0.0025020205676846304,-0.008814008386921963,-0.008966852582016717
0.023314931475327372,0.009606504133156335,0.010205535822964516,0.013109395652362856,0.012956551457268104
0.011599034537075115,0.01112172017970181,0.011839343855733516,-0.00024030931865840106,-0.0003931535137531531
0.012284981004229145,-3.2861029504172024e-06,-0.00015638749270510856,0.012441368496934254,0.012288524301839502
0.01699029482039882,0.008020121275230219,0.008494990939127091,0.00849530388127173,0.008342459686176978
-0.025457414685219337,0.005218970885222163,0.00547460185426808,-0.030932016539487416,-0.031084860734582172
0.012653039426219648,0.005164427424532603,0.0054157894199536516,0.007237250006265996,0.007084405811171243
