nasdaq_Close,SPX_Close,Prediction,Residual,Excess
-0.11140308790010345,0.0031156756258232665,0.00010270844966652321,-0.11150579634976997,-0.11138862809957657
-0.046126593358005175,0.0005455206301101523,0.00011463649771270837,-0.04624122985571788,-0.04612406160552449
-0.05951637535156773,0.00400120187417663,9.85987365736806e-05,-0.05961497408814141,-0.05949780583794802
0.07844433276682872,0.0028817272914287706,0.00010379420012812456,0.07834053856670059,0.07845770681689399
-0.060513489477871496,0.0017467554316374923,0.00010906158629636701,-0.06062255106416786,-0.06050538281397447
0.061808706333024155,-0.009381166148364262,0.00016070609158178202,0.061648000241442374,0.06176516849163576
-0.1286764379328641,0.008325925658531075,7.852776296613492e-05,-0.12875496569583023,-0.12863779744563683
-0.07172998865047109,0.0024264254383745687,0.00010590724871383478,-0.07183589589918492,-0.07171872764899154
0.05303028934695919,-0.010823130159869354,0.00016739822339437353,0.05286289112356482,0.05298005937375821
-0.14028775991227826,0.012499626599363545,5.915768394922921e-05,-0.1403469175962275,-0.1402297493460341
0.015062787284416679,-0.010597829662970737,0.0001663526074076651,0.014896434677009013,0.015013602927202406
-0.22506186893275837,-0.01894490338978838,0.00020509124248010196,-0.22526696017523848,-0.22514979192504508
0.012766047245027723,-0.022140988764300484,0.00021992422335887285,0.01254612302166885,0.012663291271862243
0.11869738512933292,0.004598098012701168,9.582855118378055e-05,0.11860155657814914,0.11871872482834253
-0.08356802080066728,-0.004203199573680982,0.00013667523189145965,-0.08370469603255873,-0.08358752778236535
0.11577869753496683,0.004880152210944955,9.451954218086372e-05,0.11568417799278598,0.11580134624297936
0.037649204268712655,-0.011817740959567224,0.000172014196137589,0.037477190072575065,0.03759435832276846
-0.06017701714140944,-0.009829173828039273,0.00016278528802601857,-0.06033980242943546,-0.06022263417924206
0.12994351500110857,0.014266108894671836,5.095946799481495e-05,0.12989255553311374,0.13000972378330714
-0.009166638056437137,0.01297294837718499,5.696100518215996e-05,-0.009223599061619297,-0.009106430811425904
0.023549177871002636,-0.00547431142933863,0.00014257444159346174,0.023406603429409173,0.023523771679602568
0.13064914894167234,-0.031140677888039425,0.0002616916360043127,0.13038745730566803,0.13050462555586143
-0.023255860695907793,0.002897118921960873,0.0001037227678180879,-0.02335958346372588,-0.02324241521353249
-0.0662201947496679,-0.00886329049344714,0.000158302638986859,-0.06637849738865476,-0.06626132913846136
-0.13944222895645464,0.013040132316577413,5.664920559873348e-05,-0.13949887816205336,-0.13938170991185997
-0.05370369569100808,-0.0022325735201887964,0.0001275295880348341,-0.05383122527904292,-0.05371405702884952
-0.04011740085123361,0.009680437561949251,7.224149498227781e-05,-0.04018964234621589,-0.04007247409602249
0.049949006132388174,-0.002744592819371894,0.00012990586137687644,0.049819100271011295,0.04993626852120469
0.06504854989193398,0.01800074864554846,3.3627064907082335e-05,0.0650149228270269,0.06513209107722029
-0.2716499930147922,0.0042379594555796984,9.749994844184233e-05,-0.271747492963234,-0.27163032471304066
-0.20150184014985695,0.006584742448973557,8.660856627000354e-05,-0.20158844871612694,-0.20147128046593357
0.05485891823737665,0.002186622042297248,0.00010702017242264597,0.05475189806495401,0.0548690663151474
-0.07280835758790682,-0.0010458578339902491,0.00012202205959948758,-0.07293037964750632,-0.07281321139731292
0.40384624201870856,-0.012102809596931441,0.00017333719510403752,0.4036729048236045,0.4037900730737979
-0.15296804995163038,0.00972045942422195,7.205575416241177e-05,-0.1530401057057928,-0.1529229374555994
0.03504039748939447,-0.002081040179913507,0.000126826324236963,0.03491357116515751,0.0350307394153509
0.016927098612844693,0.0014053791778985136,0.00011064590800584253,0.01681645270483885,0.016933620955032244
0.024327792395967496,0.01015850827289455,7.002277649287121e-05,0.024257769619474623,0.024374937869668017
-0.05500000715255737,0.0023304422719907514,0.00010635270504707568,-0.055106359857604446,-0.05498919160741106
0.05952384781855513,0.00042920160206150193,0.00011517633245324506,0.059408671486101884,0.05952583973629528
-0.051186056496093535,0.0037361180334851696,9.982898641982177e-05,-0.05128588548251336,-0.051168717232319964
0.1026316078415872,0.014007480947064943,5.215975614486302e-05,0.10257944808544234,0.10269661633563573
0.08949880546034295,-0.00017559601339156572,0.0001179831884706351,0.08938082227187231,0.0894979905220657
0.09529023818773052,0.0017127370855292146,0.00010921946489415902,0.09518101872283637,0.09529818697302976
0.09300003051757799,0.00452455995494172,9.6169840128471e-05,0.09290386067744952,0.09302102892764291
0.046660499631094865,0.004041519314613495,9.841162398030305e-05,0.04656208800711456,0.046679256257307955
0.013111938610714802,-0.00021734594703937127,0.00011817694924199196,0.01299376166147281,0.013110929911666203
-0.11906817051531982,0.000452194832708086,0.00011506962123919497,-0.11918324013655901,-0.11906607188636562
0.0,0.0077791163013856135,8.106549640828672e-05,-8.106549640828672e-05,3.610275378510568e-05
0.03134179173639806,0.005821675803744153,9.014994631203181e-05,0.03125164179008603,0.03136881004027942
0.01994302407144688,-0.0003258460273372066,0.00011868049637162663,0.019824343575075253,0.019941511825268647
-0.016759716511867695,-0.005086446449439896,0.00014077436645270898,-0.016900490878320403,-0.016783322628127012
0.04450750896575739,0.005095296193887933,9.352106241226149e-05,0.04441398790334513,0.044531156153538524
0.03807797701376803,0.007170966908320198,8.388790797173016e-05,0.0379940891057963,0.03811125735598969
-0.013100403583316766,-0.005493304207041971,0.00014266258676966858,-0.013243066170086436,-0.013125897919893043
0.12743358903338686,-0.001704167338318907,0.00012507726343349366,0.12730851176995336,0.12742568002014676
0.0361067540354123,0.000737722599547963,0.00011374449146022572,0.03599300954395208,0.03611017779414547
-0.038636381534177366,0.005683234964352302,9.079244802363073e-05,-0.038727173982201,-0.0386100057320076
-0.06698183261639923,4.265937281555665e-05,0.00011697026872946792,-0.06709880288512869,-0.0669816346349353
0.054054001807470664,-0.00327287474868454,0.0001323576093240948,0.053921644198146566,0.05403881244833996
-0.030448651819301786,0.0074138011482498545,8.276091816529006e-05,-0.030531412737467078,-0.030414244487273683
-0.06363639946184396,0.00792799084446738,8.037457204547783e-05,-0.06371677403388944,-0.06359960578369604
-0.07590464805545571,0.0016842957106795176,0.00010935146085793264,-0.07601399951631364,-0.07589683126612025
0.06303723310213494,-0.005876707172041695,0.00014444195377095624,0.06289279114836398,0.06300995939855737
-0.014375547687956791,0.003374341747336196,0.00010150798435199048,-0.014477055672308782,-0.01435988742211539
0.04102094788617694,0.00668390656297202,8.614834720998422e-05,0.040934799538966955,0.04105196778916035
-0.012259224377184519,0.0017666094762833762,0.00010896944399411591,-0.012368193821178635,-0.012251025570985242
-0.02216312109203833,0.0006854008197059169,0.0001139873159999359,-0.022277108408038267,-0.022159940157844872
0.02357209747744915,0.011150066851666862,6.542096905793804e-05,0.02350667650839121,0.023623844758584603
0.052258649652914047,0.0008425387276917995,0.00011325804149335597,0.05214539161142069,0.052262559861614086
0.000841770099789807,-0.016126534744455467,0.00019201123887352362,0.0006497588609162834,0.0007669271111096758
-0.030277594613673298,0.004521331252766547,9.618482448339766e-05,-0.030373779438156695,-0.030256611187963304
0.029488305330626075,0.008058340784849571,7.97696200662044e-05,0.02940853571055987,0.029525703960753262
0.08087616237594908,-0.0010189969053922,0.00012189739846137837,0.0807542649774877,0.08087143322768109
-0.01948558078617546,0.002263879356942944,0.00010666162246649541,-0.019592242408641956,-0.019475074158448562
0.042130344688829924,0.0071235200993795544,8.410810784980217e-05,0.04204623658098012,0.042163404831173514
0.09000765340026362,-0.004296448099761374,0.0001371079968029837,0.08987054540346064,0.08998771365365403
-0.022393260719275943,-0.023381945257149872,0.00022568348250652046,-0.022618944201782464,-0.02250177595158907
-0.10880461193340774,0.006462752419523099,8.717472003694275e-05,-0.10889178665344468,-0.10877461840325128
0.11887554366139375,0.012943228020842135,5.7098936878496794e-05,0.11881844472451525,0.11893561297470864
-0.06748029529535271,-0.016647680109796337,0.00019442986614199616,-0.06767472516149471,-0.06755755691130132
0.13163972811985492,0.013120586781854904,5.6275817717862206e-05,0.13158345230213706,0.13170062055233045
-0.023809485192973323,-0.02383846584506677,0.00022780218722114976,-0.024037287380194474,-0.02392011913000108
0.018815295952048006,-0.006586554728659322,0.00014773634487768905,0.018667559607170318,0.01878472785736371
0.06566347781542836,-0.032353496411350324,0.0002673203072873618,0.065396157508141,0.06551332575833439
0.02439025136724937,-0.015308264998017185,0.00018821366212560945,0.02420203770512376,0.024319205955317155
0.08709275313285891,0.04397412445198401,-8.691495495457452e-05,0.0871796680878135,0.08729683633800688
0.048991375376426616,-0.003397292018489928,0.00013293502787452822,0.048858440348552086,0.04897560859874548
0.11978012672759153,0.013739523915341278,5.340334042442753e-05,0.1197267233871671,0.11984389163736049
0.0,-0.012145144968583543,0.0001735336728837674,-0.0001735336728837674,-5.6365422690375e-05
0.0,-0.018800014512092122,0.00020441881552631845,-0.00020441881552631845,-8.725056533292605e-05
0.0,0.0011093685155389998,0.00011201968873451323,-0.00011201968873451323,5.148561458879176e-06
0.0,-0.014195906037184347,0.00018305122205816238,-0.00018305122205816238,-6.588297186476997e-05
0.0,-0.005130263873571406,0.00014097772241418699,-0.00014097772241418699,-2.3809472220794574e-05
0.0,-0.03897590341661106,0.0002980547918114075,-0.0002980547918114075,-0.00018088654161801506
0.0,0.015024380686144978,4.7440340792041335e-05,-4.7440340792041335e-05,6.972790940135106e-05
0.0,-0.012908014000787449,0.00017707413580691893,-0.00017707413580691893,-5.9905885613526534e-05
0.0,0.00035393738571354305,0.00011552563247221448,-0.00011552563247221448,1.6426177211779173e-06
0.0,-0.0056609945338124135,0.0001434408348823056,-0.0001434408348823056,-2.627258468891319e-05
0.0,0.032876173067238,-3.540954086387746e-05,3.540954086387746e-05,0.00015257779105726986
0.0,-0.01237468831159061,0.0001745989798511048,-0.0001745989798511048,-5.7430729657712415e-05
0.0,-0.01716532127985071,0.0001968322304964381,-0.0001968322304964381,-7.96639803030457e-05
0.0,0.025842707133391096,-2.7673384558258343e-06,2.7673384558258343e-06,0.00011993558864921823
0.0,0.004051376711240895,9.836587596091198e-05,-9.836587596091198e-05,1.8802374232480417e-05
0.0,-0.034411425771964765,0.0002768711243898352,-0.0002768711243898352,-0.0001597028741964428
0.0,-0.01353207320412908,0.00017997038454426703,-0.00017997038454426703,-6.280213435087464e-05
0.0,0.010976067492112662,6.622849729037139e-05,-6.622849729037139e-05,5.0939752903021004e-05
0.0,-0.005941674758709992,0.0001447434672969952,-0.0001447434672969952,-2.7575217103602812e-05
0.0,0.029506792849203878,-1.9772301400260706e-05,1.9772301400260706e-05,0.0001369405515936531
0.0,0.004379678623643857,9.684223205954078e-05,-9.684223205954078e-05,2.0326018133851613e-05
0.0,-0.0018046635646612463,0.00012554366480550084,-0.00012554366480550084,-8.375414612108452e-06
0.0,0.023494191121040897,8.132086629148797e-06,-8.132086629148797e-06,0.0001090361635642436
0.0,-0.0005559347650669899,0.00011974833450711053,-0.00011974833450711053,-2.5800843137181415e-06
0.0,0.0012830081640498037,0.0001112138299152536,-0.0001112138299152536,5.9544202781387925e-06
0.0,0.0013171307943036226,0.00011105546733641745,-0.00011105546733641745,6.11278285697495e-06
0.0,-0.003856841152281021,0.00013506778802190681,-0.00013506778802190681,-1.789953782851442e-05
0.0,-0.016070691127224812,0.0001917520695430704,-0.0001917520695430704,-7.458381934967799e-05
0.0,-0.0029854738442266493,0.00013102378634353187,-0.00013102378634353187,-1.3855536150139476e-05
0.0,-0.01680350261882635,0.00019515303590315346,-0.00019515303590315346,-7.798478570976106e-05
0.0,0.002859362131449217,0.00010389799647629877,-0.00010389799647629877,1.3270253717093625e-05
0.0,-0.00203393834902843,0.0001266077253965049,-0.0001266077253965049,-9.439475203112504e-06
0.0,-0.03101701864061035,0.0002611177354235503,-0.0002611177354235503,-0.00014394948523015788
0.0,-0.0101129704925228,0.00016410238378676174,-0.00016410238378676174,-4.693413359336933e-05
0.0,-0.0032404516759250157,0.0001322071343642867,-0.0001322071343642867,-1.5038884170894298e-05
0.0,-0.004662369010297374,0.00013880622987035018,-0.00013880622987035018,-2.1637979676957786e-05
0.0,0.00535903441522545,9.229705756392491e-05,-9.229705756392491e-05,2.487119262946748e-05
0.0,0.03133081639370272,-2.823756536778203e-05,2.823756536778203e-05,0.00014540581556117443
0.0,0.00941267817151159,7.348416201180904e-05,-7.348416201180904e-05,4.368408818158335e-05
0.0,0.007203887818266752,8.373512255753467e-05,-8.373512255753467e-05,3.3433127635857724e-05
0.0,0.0007329020475055348,0.00011376686356481363,-0.00011376686356481363,3.4013866285787682e-06
0.0,0.015378879091830777,4.579511938618482e-05,-4.579511938618482e-05,7.137313080720758e-05
0.0,-0.0001551316306374062,0.00011788821359902842,-0.00011788821359902842,-7.199634056360158e-07
0.0,0.0011961033180916125,0.00011161715390924021,-0.00011161715390924021,5.551096284152192e-06
0.0,-0.028819473359129044,0.00025091896307522985,-0.00025091896307522985,-0.00013375071288183744
0.0,0.005981890060832162,8.940639451868971e-05,-8.940639451868971e-05,2.7761855674702688e-05
0.0,0.011416551196032687,6.418421949674289e-05,-6.418421949674289e-05,5.29840306966495e-05
0.0,-0.012819816608358736,0.00017666481312552708,-0.00017666481312552708,-5.949656293213469e-05
0.0,0.022513373250030444,1.2684046611906056e-05,-1.2684046611906056e-05,0.00010448420358148634
0.0,0.008220020548377116,7.901926688101942e-05,-7.901926688101942e-05,3.814898331237298e-05
0.0,0.011200166146517754,6.518845903536813e-05,-6.518845903536813e-05,5.1979791158024264e-05
0.0,-0.0010493573466290318,0.00012203830078142535,-0.00012203830078142535,-4.870050588032952e-06
0.0,-0.006921964711350426,0.0001492929772190781,-0.0001492929772190781,-3.2124727025685686e-05
0.0,-0.004158621107493432,0.00013646834394602552,-0.00013646834394602552,-1.930009375263311e-05
0.0,6.349921218862242e-05,0.00011687355136972451,-0.00011687355136972451,2.9469882366788604e-07
0.0,0.022022522061804883,1.4962079091055059e-05,-1.4962079091055059e-05,0.00010220617110233734
0.0,-0.004796355216742376,0.0001394280577020054,-0.0001394280577020054,-2.225980750861299e-05
0.0,0.006051112519185553,8.90851342015137e-05,-8.90851342015137e-05,2.8083115991878698e-05
0.0,-0.001268524584838171,0.00012305545241308522,-0.00012305545241308522,-5.8872022196928076e-06
0.0,-0.003704038628435491,0.00013435863396347536,-0.00013435863396347536,-1.7190383770082963e-05
0.0,0.005483064382283187,9.172143647932143e-05,-9.172143647932143e-05,2.5446813714070967e-05
0.0,-0.0059674054882985494,0.00014486288319965775,-0.00014486288319965775,-2.769463300626535e-05
0.0,-0.028178764954173263,0.00024794544566065585,-0.00024794544566065585,-0.00013077719546726347
0.0,-0.0053787488495717906,0.00014213093719595362,-0.00014213093719595362,-2.4962687002561223e-05
0.0,-0.004023574358396065,0.00013584159415295805,-0.00013584159415295805,-1.8673343959565646e-05
0.0,0.00012045854325926086,0.00011660920402926358,-0.00011660920402926358,5.590461641288194e-07
0.0,0.012192216013040102,6.058437154187947e-05,-6.058437154187947e-05,5.658387865151293e-05
0.0,0.0014827787168125717,0.0001102866979891473,-0.0001102866979891473,6.881552204245107e-06
0.0,-0.016935392189468268,0.00019576513328172852,-0.00019576513328172852,-7.85968830883361e-05
0.0,-0.0036630286052607985,0.00013416830710473774,-0.00013416830710473774,-1.7000056911345336e-05
0.0,-0.004040306703826824,0.00013591924869930111,-0.00013591924869930111,-1.875099850590871e-05
0.0,-0.014512432962598854,0.00018452021843408246,-0.00018452021843408246,-6.735196824069006e-05
0.0,0.0032893427453595248,0.00010190246335467577,-0.00010190246335467577,1.526578683871663e-05
0.0,-0.007684786454732473,0.00015283322067556707,-0.00015283322067556707,-3.566497048217466e-05
0.0,0.01658676839931239,4.018932451461271e-05,-4.018932451461271e-05,7.697892567877969e-05
0.0,-0.01471920868888299,0.00018547986125796502,-0.00018547986125796502,-6.831161106457263e-05
0.0,0.000390794428747121,0.00011535457952759514,-0.00011535457952759514,1.813670665797256e-06
0.0,0.029504621333996228,-1.9762223433066867e-05,1.9762223433066867e-05,0.00013693047362645926
0.0,0.009080835857702363,7.502423685923103e-05,-7.502423685923103e-05,4.2144013334161366e-05
0.0,0.013219002387319545,5.581907247392374e-05,-5.581907247392374e-05,6.134917771946866e-05
0.0,-0.011471189788493708,0.0001704058577198977,-0.0001704058577198977,-5.32376075265053e-05
0.0,0.006438699367075529,8.728634986694545e-05,-8.728634986694545e-05,2.9881900326446955e-05
0.0,0.0048322900955937165,9.474166948931549e-05,-9.474166948931549e-05,2.2426580704076908e-05
0.0,0.004863332840635781,9.459760060826947e-05,-9.459760060826947e-05,2.2570649585122927e-05
0.0,0.011130616053760978,6.551123989854689e-05,-6.551123989854689e-05,5.165701029484551e-05
0.0,-0.0007131195389205036,0.00012047782651742926,-0.00012047782651742926,-3.309576324036862e-06
0.0,0.00354113887216001,0.00010073388157523868,-0.00010073388157523868,1.6434368618153707e-05
0.0,-0.00036434366656679096,0.00011885916329683585,-0.00011885916329683585,-1.6909131034434518e-06
0.0,0.0008268557718451586,0.00011333082583949733,-0.00011333082583949733,3.837424353895068e-06
0.0,0.015209797205957498,4.657982570226305e-05,-4.657982570226305e-05,7.058842449112935e-05
0.0,-0.002564020390809607,0.00012906782763677133,-0.00012906782763677133,-1.1899577443378943e-05
0.0,-0.004825492514895946,0.00013956328343465245,-0.00013956328343465245,-2.2395033241260047e-05
0.0,-0.008331340584428193,0.00015583386800474894,-0.00015583386800474894,-3.866561781135653e-05
0.0,0.021194392772258208,1.880541382014412e-05,-1.880541382014412e-05,9.836283637324828e-05
0.0,-0.005667432349210744,0.0001434707126801473,-0.0001434707126801473,-2.630246248675489e-05
0.0,0.004850385958537151,9.465768688010067e-05,-9.465768688010067e-05,2.251056331329172e-05
0.0,-0.0025877588476783675,0.0001291779974337467,-0.0001291779974337467,-1.2009747240354284e-05
0.0,-0.003083722237648967,0.00013147975555906813,-0.00013147975555906813,-1.4311505365675737e-05
0.0,0.004416438203773465,9.667163143869305e-05,-9.667163143869305e-05,2.0496618754699348e-05
0.0,-0.008034932488803492,0.00015445824279467917,-0.00015445824279467917,-3.728999260128678e-05
0.0,0.02086134059079603,2.0351103643907213e-05,-2.0351103643907213e-05,9.681714654948518e-05
0.0,-0.0006720045633211713,0.00012028701257617492,-0.00012028701257617492,-3.1187623827825155e-06
0.0,-0.0016465185803191673,0.00012480971647373026,-0.00012480971647373026,-7.64146628033785e-06
0.0,0.00612227817348443,8.875485554317166e-05,-8.875485554317166e-05,2.8413394650220734e-05
0.0,0.00014583690635494584,0.00011649142345383379,-0.00011649142345383379,6.768267395586184e-07
0.0,0.003818756605307172,9.944546213556455e-05,-9.944546213556455e-05,1.772278805782784e-05
0.0,0.007121020299379444,8.411970938144399e-05,-8.411970938144399e-05,3.3048540811948405e-05
0.0,-0.0036413861990395313,0.00013406786504514487,-0.00013406786504514487,-1.6899614851752464e-05
0.0,0.002027485447987365,0.00010775872280034718,-0.00010775872280034718,9.409527393045216e-06
0.0,0.007243744595420987,8.355014789505137e-05,-8.355014789505137e-05,3.3618102298341024e-05
0.0,-0.015877250249970554,0.00019085431353931437,-0.00019085431353931437,-7.368606334592196e-05
0.0,0.01052407519882892,6.83261862623542e-05,-6.83261862623542e-05,4.88420639310382e-05
0.0,0.0017739084702186325,0.00010893556948051895,-0.00010893556948051895,8.232680712873445e-06
0.0,0.0023892585241640507,0.0001060797397656083,-0.0001060797397656083,1.1088510427784105e-05
0.0,0.002146971596890701,0.00010720418950280292,-0.00010720418950280292,9.964060690589471e-06
0.0,1.688528477283846e-05,0.00011708988585801967,-0.00011708988585801967,7.836433537272073e-08
0.0,-0.002690583513671685,0.00012965520505676823,-0.00012965520505676823,-1.248695486337584e-05
0.0,0.0011248494058304637,0.0001119478421713673,-0.0001119478421713673,5.220408022025096e-06
0.0,-0.0004392872986367369,0.00011920697548932111,-0.00011920697548932111,-2.0387252959287183e-06
0.0,0.0009465333975153811,0.00011277540390135399,-0.00011277540390135399,4.392846292038412e-06
0.0,0.007759284493458862,8.115753551028157e-05,-8.115753551028157e-05,3.601071468311083e-05
0.0,0.003678053944041082,0.0001000984609261462,-0.0001000984609261462,1.7069789267246193e-05
0.0,0.01928286287479275,2.767679336601508e-05,-2.767679336601508e-05,8.949145682737732e-05
0.0,0.00392275298702649,9.896281659868196e-05,-9.896281659868196e-05,1.8205433594710432e-05
0.0,-0.0021209574072836856,0.0001270115794479274,-0.0001270115794479274,-9.843329254534987e-06
0.0,-0.008052299681943542,0.00015453884365904238,-0.00015453884365904238,-3.7370593465649985e-05
0.0,0.004376080778473401,9.685892960117836e-05,-9.685892960117836e-05,2.0309320592214043e-05
0.0,-0.004242126544221403,0.00013685589133638536,-0.00013685589133638536,-1.9687641142992948e-05
0.0,-0.011808492232419865,0.00017197127294347667,-0.00017197127294347667,-5.4803022750084284e-05
0.0,-0.0012174356326716262,0.00012281834940681196,-0.00012281834940681196,-5.650099213419553e-06
0.0,-0.016205413633636034,0.00019237731453104035,-0.00019237731453104035,-7.520906433764794e-05
0.0,0.00021216287934855416,0.00011618360567868118,-0.00011618360567868118,9.846445147112141e-07
0.0,0.015357313493959523,4.5895204979459195e-05,-4.5895204979459195e-05,7.12730452139332e-05
0.0,0.002540373205550228,0.0001053784189569159,-0.0001053784189569159,1.1789831236476488e-05
0.0,-0.0015753666901773267,0.0001244795016946199,-0.0001244795016946199,-7.3112515012275e-06
0.0,-0.014284032792181156,0.0001834602169123675,-0.0001834602169123675,-6.629196671897511e-05
0.0,0.014922967493543604,4.7910997789725864e-05,-4.7910997789725864e-05,6.925725240366653e-05
0.0,-0.007468562068020934,0.00015182972677043138,-0.00015182972677043138,-3.4661476577038974e-05
0.0,-0.001378858764733426,0.00012356751156948712,-0.00012356751156948712,-6.399261376094729e-06
0.0,-0.006070216944686235,0.00014534002951711178,-0.00014534002951711178,-2.817177932371938e-05
0.0,0.02161695515261708,1.6844308601261207e-05,-1.6844308601261207e-05,0.00010032394159213119
0.0,0.012818562518186694,5.76775074735995e-05,-5.76775074735995e-05,5.9490742719792896e-05
0.0,0.0026032365675492386,0.00010508667110376324,-0.00010508667110376324,1.2081579089629165e-05
0.0,-0.001298238661417761,0.00012319335496514163,-0.00012319335496514163,-6.02510477174922e-06
0.0,0.0005150801927265025,0.00011477777129358762,-0.00011477777129358762,2.3904788998047787e-06
0.0,0.003701760406026544,9.998843961691026e-05,-9.998843961691026e-05,1.7179810576482135e-05
0.0,0.0038427480627742927,9.933411816687663e-05,-9.933411816687663e-05,1.7834132026515774e-05
0.0,0.006001641860553519,8.931472673349079e-05,-8.931472673349079e-05,2.7853523459901614e-05
0.0,4.832031784740565e-05,0.00011694399637451682,-0.00011694399637451682,2.2425381887557133e-07
0.0,0.00091095635360805,0.00011294051639059128,-0.00011294051639059128,4.227733802801109e-06
0.0,-0.005122452280258649,0.00014094146893511383,-0.00014094146893511383,-2.377321874172143e-05
0.0,0.006185094896691501,8.846332413990315e-05,-8.846332413990315e-05,2.8704926053489258e-05
0.0,0.0008368043854836138,0.00011328465448342333,-0.00011328465448342333,3.883595709969062e-06
0.0,0.0025483530061645165,0.00010534138483045858,-0.00010534138483045858,1.1826865362933829e-05
0.0,0.006030102155631267,8.918264296124272e-05,-8.918264296124272e-05,2.7985607232149675e-05
0.0,0.0033795554893063517,0.00010148378745926449,-0.00010148378745926449,1.5684462734127905e-05
0.0,-0.0016443283858672553,0.00012479955181646387,-0.00012479955181646387,-7.63130162307147e-06
0.0,0.0006126972471360848,0.00011432473211226716,-0.00011432473211226716,2.8435180811252425e-06
0.0,0.0007713239125555216,0.00011358854830635462,-0.00011358854830635462,3.5797018870377726e-06
0.0,0.0010091453555356455,0.00011248482281002792,-0.00011248482281002792,4.683427383364473e-06
0.0,-0.0015082191889665975,0.0001241678712202093,-0.0001241678712202093,-6.999621026816899e-06
0.0,-0.0001907894500615681,0.00011805370096614169,-0.00011805370096614169,-8.854507727492924e-07
0.0,0.011314828013585299,6.465631515232287e-05,-6.465631515232287e-05,5.251193504106953e-05
0.0,-0.0013130618315739806,0.00012326214905970597,-0.00012326214905970597,-6.093898866313585e-06
0.0,0.0050071702616640845,9.393005344799054e-05,-9.393005344799054e-05,2.3238196745401848e-05
0.0,-0.002122957701494954,0.00012702086278122763,-0.00012702086278122763,-9.85261258783524e-06
0.0,-0.001844782063018524,0.000125729854111883,-0.000125729854111883,-8.561603918490589e-06
0.0,-0.001376327172630698,0.00012355576249120778,-0.00012355576249120778,-6.387512297815384e-06
0.0,0.0037251273626697223,9.987999394651378e-05,-9.987999394651378e-05,1.728825624687861e-05
0.0,0.00900758006769764,7.536421580380638e-05,-7.536421580380638e-05,4.180403438958603e-05
0.0,-0.001710746243041017,0.00012510779602462047,-0.00012510779602462047,-7.93954583122806e-06
0.0,0.007384542591010179,8.289670665940772e-05,-8.289670665940772e-05,3.427154353398467e-05
0.0,0.00137641065101346,0.00011078035047374367,-0.00011078035047374367,6.387899719648722e-06
0.0,-0.010115654884377157,0.0001641148420062337,-0.0001641148420062337,-4.69465918128413e-05
0.0,-0.0012949592195925508,0.00012317813512831426,-0.00012317813512831426,-6.00988493492186e-06
0.0,0.0024135455272700224,0.00010596702417435831,-0.00010596702417435831,1.1201226019034079e-05
0.0,0.00583628034196626,9.008216688476139e-05,-9.008216688476139e-05,2.708608330863101e-05
0.0,0.0002634624737614111,0.00011594552508512671,-0.00011594552508512671,1.2227251082656863e-06
0.0,0.00422090718967616,9.757908773396012e-05,-9.757908773396012e-05,1.958916245943228e-05
0.0,0.0022443057531671418,0.00010675246324717369,-0.00010675246324717369,1.0415786946218714e-05
0.0,-0.017852526697772375,0.00020002153980122346,-0.00020002153980122346,-8.285328960783106e-05
0.0,0.007662558220206783,8.160644059056024e-05,-8.160644059056024e-05,3.5561809602832156e-05
0.0,0.01669359840810869,3.9693528159987385e-05,-3.9693528159987385e-05,7.747472203340501e-05
0.0,-0.00272251746839014,0.00012980341002760532,-0.00012980341002760532,-1.2635159834212917e-05
0.0,0.0023541990752451447,0.00010624245010481936,-0.00010624245010481936,1.0925800088573042e-05
0.0,0.002884262567260709,0.00010378243395371712,-0.00010378243395371712,1.3385816239675272e-05
0.0,0.006240171597036381,8.820771405839644e-05,-8.820771405839644e-05,2.8960536134995957e-05
0.0,0.004184752099316791,9.774688292749515e-05,-9.774688292749515e-05,1.9421367265897245e-05
0.0,-0.0027857656113878804,0.0001300969436431917,-0.0001300969436431917,-1.2928693449799287e-05
0.0,0.0007494929370688297,0.000113689865512879,-0.000113689865512879,3.4783846805133853e-06
0.0,0.005507371620330659,9.160862697803302e-05,-9.160862697803302e-05,2.5559623215359375e-05
0.0,0.002384924061824778,0.00010609985593569277,-0.00010609985593569277,1.1068394257699631e-05
0.0,-0.003234911055292722,0.00013218142043294094,-0.00013218142043294094,-1.5013170239548554e-05
0.0,0.006257435156610036,8.812759415575002e-05,-8.812759415575002e-05,2.9040656037642372e-05
0.0,0.003075691142146564,0.0001028940170129257,-0.0001028940170129257,1.4274233180466693e-05
0.0,0.0019247226272978146,0.00010823564340030749,-0.00010823564340030749,8.932606793084914e-06
0.0,-0.02052856505826517,0.00021244099084236044,-0.00021244099084236044,-9.527274064896804e-05
0.0,-0.006111960522950599,0.00014553376079323618,-0.00014553376079323618,-2.836551059984379e-05
0.0,-0.000994377240208233,0.00012178313899076856,-0.00012178313899076856,-4.6148887973761576e-06
0.0,0.01055051646463201,6.82034727725346e-05,-6.82034727725346e-05,4.896477742085779e-05
0.0,0.005561085699577806,9.135934079915073e-05,-9.135934079915073e-05,2.580890939424167e-05
0.0,-0.015739677754675885,0.00019021584179872072,-0.00019021584179872072,-7.304759160532832e-05
0.0,0.0016152009236127807,0.0001096721286547183,-0.0001096721286547183,7.496121538674101e-06
0.0,0.017219001487115193,3.725514091079179e-05,-3.725514091079179e-05,7.99131092826006e-05
0.0,-0.0073780374502926405,0.00015140960347381047,-0.00015140960347381047,-3.424135328041808e-05
0.0,-0.008341232507744434,0.00015587977626194824,-0.00015587977626194824,-3.8711526068555846e-05
0.0,0.008922733898683255,7.575798551116891e-05,-7.575798551116891e-05,4.1410264682223484e-05
0.0,-0.0013617034323515353,0.00012348789394749904,-0.00012348789394749904,-6.319643754106646e-06
0.0,-0.018870951812180237,0.0002047480343964368,-0.0002047480343964368,-8.75797842030444e-05
0.0,0.007080513662183874,8.430770003393928e-05,-8.430770003393928e-05,3.286055015945311e-05
0.0,-0.006049325659529536,0.00014524307339831299,-0.00014524307339831299,-2.807482320492059e-05
0.0,-0.01120034817237281,0.00016914888613048576,-0.00016914888613048576,-5.198063593709338e-05
0.0,-0.019494949042855536,0.00020764399551963602,-0.00020764399551963602,-9.047574532624362e-05
0.0,0.013398228752857344,5.49872857906911e-05,-5.49872857906911e-05,6.21809644027013e-05
0.0,0.004310201897316901,9.716467243029735e-05,-9.716467243029735e-05,2.0003577763095045e-05
0.0,0.014985846366661448,4.761917794971985e-05,-4.761917794971985e-05,6.954907224367255e-05
0.0,-0.003550567117658776,0.0001336463751474434,-0.0001336463751474434,-1.6478124954050993e-05
0.0,0.00291397966743423,0.00010364451736920985,-0.00010364451736920985,1.3523732824182544e-05
0.0,0.009340748456551973,7.381798666340314e-05,-7.381798666340314e-05,4.335026352998927e-05
0.0,0.003161136890789118,0.00010249746466614094,-0.00010249746466614094,1.4670785527251468e-05
0.0,-0.002747836267090409,0.00012992091416563287,-0.00012992091416563287,-1.2752663972240478e-05
0.0,0.007060045042073693,8.44026945710472e-05,-8.44026945710472e-05,3.27655556223452e-05
0.0,0.006684706201916635,8.614463609848828e-05,-8.614463609848828e-05,3.102361409490413e-05
0.0,-0.0018295015230987977,0.0001256589373715937,-0.0001256589373715937,-8.490687178201322e-06
0.0,0.004962987972138233,9.413510274390222e-05,-9.413510274390222e-05,2.3033147449490183e-05
0.0,0.0003452097520288966,0.00011556613727993759,-0.00011556613727993759,1.6021129134548008e-06
0.0,-0.0001800552456384663,0.00011800388369585648,-0.00011800388369585648,-8.35633502464079e-07
0.0,0.002183677516658822,0.00010703383791883081,-0.00010703383791883081,1.0134412274561581e-05
0.0,-0.0015200063176690204,0.00012422257509515987,-0.00012422257509515987,-7.054324901767467e-06
0.0,-0.00400444374710851,0.00013575280929330115,-0.00013575280929330115,-1.8584559099908755e-05
0.0,-0.0027933795260068894,0.0001301322796986228,-0.0001301322796986228,-1.2964029505230407e-05
0.0,-0.007776699229565143,0.00015325978638700894,-0.00015325978638700894,-3.609153619361655e-05
0.0,0.00019023558280406583,0.00011628536990968742,-0.00011628536990968742,8.82880283704968e-07
0.0,8.367659155239515e-05,0.00011677990847624198,-0.00011677990847624198,3.8834171715042805e-07
0.0,0.003925413156908419,9.895047079299491e-05,-9.895047079299491e-05,1.821777940039748e-05
0.0,-0.011017851653977395,0.00016830192272037516,-0.00016830192272037516,-5.113367252698276e-05
0.0,0.00573117089721964,9.05699781292726e-05,-9.05699781292726e-05,2.6598272064119794e-05
0.0,0.013514947433656221,5.444559626816093e-05,-5.444559626816093e-05,6.272265392523147e-05
0.0,0.0052767819301140495,9.267879002596062e-05,-9.267879002596062e-05,2.4489460167431783e-05
0.0,-0.0015926699031209024,0.00012455980562791908,-0.00012455980562791908,-7.391555434526697e-06
0.0,0.008979584523029382,7.54941426768701e-05,-7.54941426768701e-05,4.1674107516522304e-05
0.0,0.006249847099511818,8.816281020684255e-05,-8.816281020684255e-05,2.900543998654985e-05
0.0,0.0035554240499382495,0.00010066758429465781,-0.00010066758429465781,1.6500665898734585e-05
0.0,0.002300662213150728,0.00010649091382174278,-0.00010649091382174278,1.0677336371649618e-05
0.0,-0.00175271131343413,0.00012530255524215617,-0.00012530255524215617,-8.134305048763775e-06
0.0,-0.0033793036283190636,0.00013285154404472438,-0.00013285154404472438,-1.568329385133199e-05
0.0,-0.006855308680100647,0.0001489836276488609,-0.0001489836276488609,-3.181537745546851e-05
0.0,-0.009069835815006422,0.00015926121250611492,-0.00015926121250611492,-4.209296231272253e-05
0.0,0.0038199203649145197,9.944006114592237e-05,-9.944006114592237e-05,1.772818904747002e-05
0.0,0.004544163641626575,9.607885973349509e-05,-9.607885973349509e-05,2.1089390459897316e-05
0.0,0.008074036650198346,7.969677580727102e-05,-7.969677580727102e-05,3.747147438612138e-05
0.0,-0.011111495877577093,0.0001687365240577295,-0.0001687365240577295,-5.156827386433712e-05
0.0,0.004895437361786659,9.444860404135963e-05,-9.444860404135963e-05,2.271964615203277e-05
0.0,-0.00806733006032423,0.00015460859940364774,-0.00015460859940364774,-3.744034921025535e-05
0.0,-0.006204391417766519,0.00014596273109119686,-0.00014596273109119686,-2.8794480897804467e-05
0.0,-0.0003685605881837972,0.00011887873396231655,-0.00011887873396231655,-1.7104837689241504e-06
0.0,0.00880379946585852,7.630995830325556e-05,-7.630995830325556e-05,4.085829189013683e-05
0.0,0.0021779408643529674,0.00010706046163002435,-0.00010706046163002435,1.0107788563368044e-05
0.0,-0.007688267521873571,0.00015284937625224639,-0.00015284937625224639,-3.5681126058853995e-05
0.0,-0.01192558460112425,0.0001725146967455731,-0.0001725146967455731,-5.5346446552180706e-05
0.0,-0.0008273801774386635,0.00012100810830522247,-0.00012100810830522247,-3.839858111830075e-06
0.0,0.0031831687125787322,0.00010239521533515122,-0.00010239521533515122,1.477303485824117e-05
0.0,0.0039531157988739185,9.882190327666929e-05,-9.882190327666929e-05,1.8346346916723108e-05
0.0,0.004080919686204165,9.82287674887082e-05,-9.82287674887082e-05,1.8939482704684193e-05
0.0,0.010592724697279676,6.800758504288184e-05,-6.800758504288184e-05,4.916066515051055e-05
0.0,-0.02278464425831217,0.000222911418166411,-0.000222911418166411,-0.0001057431679730186
0.0,-0.0012248353901096465,0.0001228526915622065,-0.0001228526915622065,-5.684441368814089e-06
0.0,-0.009733809463420173,0.00016234270354182682,-0.00016234270354182682,-4.517445334843443e-05
0.0,-0.010760206333523925,0.00016710619492716047,-0.00016710619492716047,-4.993794473376806e-05
0.0,-0.0009564073932939454,0.00012160692154121577,-0.00012160692154121577,-4.438671347823372e-06
0.0,-0.004186874918536865,0.00013659946942918741,-0.00013659946942918741,-1.943121923579503e-05
0.0,0.007377489898070522,8.292943809404087e-05,-8.292943809404087e-05,3.4238812099351524e-05
0.0,-0.013979844477308045,0.00018204848382975323,-0.00018204848382975323,-6.488023363636083e-05
0.0,0.0006687560771996282,0.00011406456398251382,-0.00011406456398251382,3.103686210878579e-06
0.0,0.012611779574887017,5.863718379153525e-05,-5.863718379153525e-05,5.853106640185715e-05
0.0,-0.01743184580508239,0.00019806916653638618,-0.00019806916653638618,-8.09009163429938e-05
0.0,0.0017543350239683786,0.00010902640953012369,-0.00010902640953012369,8.141840663268705e-06
0.0,0.003045016966140013,0.00010303637537099887,-0.00010303637537099887,1.4131874822393521e-05
0.0,0.005395190996116739,9.212925545285518e-05,-9.212925545285518e-05,2.503899474053721e-05
0.0,0.013423475684721353,5.487011518549609e-05,-5.487011518549609e-05,6.229813500789631e-05
0.0,-0.006468448774604507,0.0001471882170422643,-0.0001471882170422643,-3.0019966848871894e-05
0.0,-0.002827986549257977,0.00013029289033757762,-0.00013029289033757762,-1.3124640144185234e-05
0.0,-0.011725787945559007,0.00017158744367677984,-0.00017158744367677984,-5.441919348338744e-05
0.0,0.009184457300265958,7.454333140894684e-05,-7.454333140894684e-05,4.2624918784445556e-05
0.0,0.012944354874931063,5.7093707166772714e-05,-5.7093707166772714e-05,6.0074543026619684e-05
0.0,0.008282747245164312,7.872815328891929e-05,-7.872815328891929e-05,3.844009690447312e-05
0.0,0.01011922818616795,7.020507474434425e-05,-7.020507474434425e-05,4.6963175449048143e-05
0.0,0.014409702179091433,5.029305386861504e-05,-5.029305386861504e-05,6.687519632477736e-05
0.0,-0.0013361790618444669,0.00012336943575401858,-0.00012336943575401858,-6.2011855606261904e-06
0.0,0.0010015590452223666,0.00011252003075431961,-0.00011252003075431961,4.648219439072789e-06
0.0,0.010453846497412655,6.865211653741995e-05,-6.865211653741995e-05,4.851613365597245e-05
0.0,-0.006961116506509657,0.00014947468007144794,-0.00014947468007144794,-3.230642987805555e-05
0.0,-0.01809053260189253,0.00020112612137873772,-0.00020112612137873772,-8.395787118534531e-05
0.0,-0.004433512667192274,0.0001377441112585213,-0.0001377441112585213,-2.057586106512891e-05
0.0,0.003105840267646931,0.00010275409540581693,-0.00010275409540581693,1.4414154787575475e-05
0.0,-0.0067161276923011215,0.00014833769092039228,-0.00014833769092039228,-3.116944072699988e-05
0.0,0.005554424471774233,9.13902554503761e-05,-9.13902554503761e-05,2.577799474301631e-05
0.0,-0.008129889770918997,0.00015489893801551142,-0.00015489893801551142,-3.7730687822119024e-05
0.0,0.01630870818887753,4.147979748427076e-05,-4.147979748427076e-05,7.568845270912164e-05
0.0,-0.0006708332980633891,0.00012028157675292964,-0.00012028157675292964,-3.113326559537242e-06
0.0,0.013546192203295337,5.430058979420548e-05,-5.430058979420548e-05,6.286766039918692e-05
0.0,0.0009078513609139804,0.00011295492661180351,-0.00011295492661180351,4.213323581588889e-06
0.0,-0.0056430132712504966,0.00014335738413162038,-0.00014335738413162038,-2.6189133938227974e-05
0.0,-0.004104971538103408,0.00013621935715635379,-0.00013621935715635379,-1.9051106962961388e-05
0.0,-0.020308668519432915,0.00021142045453822475,-0.00021142045453822475,-9.425220434483235e-05
0.0,-0.0032339665839667964,0.00013217703715669003,-0.00013217703715669003,-1.500878696329764e-05
0.0,-0.006450532698506817,0.00014710506882091234,-0.00014710506882091234,-2.9936818627519948e-05
0.0,-0.004132299323336697,0.00013634618496860722,-0.00013634618496860722,-1.917793477521481e-05
0.0,-0.025556664705103427,0.0002357763205281301,-0.0002357763205281301,-0.0001186080703347377
0.0,0.005015682586245518,9.389054788635656e-05,-9.389054788635656e-05,2.327770230703584e-05
0.0,-0.047820446201610634,0.00033910217279114633,-0.00033910217279114633,-0.00022193392259775395
0.0,-0.0005749176607442452,0.00011983643382099304,-0.00011983643382099304,-2.668183627600648e-06
0.0,-0.06663446415643826,0.00042641772787684593,-0.00042641772787684593,-0.00030924947768345355
0.0,0.0474068481332115,-0.00010284617041327427,0.00010284617041327427,0.00022001442060666667
0.0,-0.04415240397919251,0.00032207884776311644,-0.00032207884776311644,-0.00020491059756972402
0.0,0.04629002144148742,-9.766299567853393e-05,9.766299567853393e-05,0.00021483124587192632
0.0,0.00526166928318772,9.274892757756468e-05,-9.274892757756468e-05,2.4419322615827714e-05
0.0,0.021784622088531824,1.6066169045209707e-05,-1.6066169045209707e-05,0.00010110208114818269
0.0,-0.00973854541245922,0.00016236468300523518,-0.00016236468300523518,-4.519643281184277e-05
0.0,0.0009473866272851073,0.00011277144407569962,-0.00011277144407569962,4.3968061176927815e-06
0.0,-0.0445937143129993,0.00032412696193276976,-0.00032412696193276976,-0.00020695871173937737
0.0,-0.015008981502439234,0.0001868246922305493,-0.0001868246922305493,-6.965644203715688e-05
0.0,0.00025804116011829414,0.00011597068531465232,-0.00011597068531465232,1.1975648787400752e-06
0.0,0.034284877594586316,-4.1947315944802937e-05,4.1947315944802937e-05,0.00015911556613819533
0.0,0.013119972745138542,5.627866745239849e-05,-5.627866745239849e-05,6.088958274099391e-05
0.0,-0.01556552007023193,0.0001894075787830175,-0.0001894075787830175,-7.223932858962508e-05
0.0,0.015121610152536658,4.6989100400485445e-05,-4.6989100400485445e-05,7.017914979290695e-05
0.0,0.028280001568408375,-1.4078782774194459e-05,1.4078782774194459e-05,0.00013124703296758686
0.0,0.002347024984931334,0.00010627574494271572,-0.00010627574494271572,1.0892505250676677e-05
0.0,0.004921982065451136,9.432541049808705e-05,-9.432541049808705e-05,2.2842839695305356e-05
0.0,-0.01187143263889856,0.00017226337835882187,-0.00017226337835882187,-5.5095128165429475e-05
0.0,-0.025281938303220453,0.00023450131971040452,-0.00023450131971040452,-0.00011733306951701212
0.0,-0.007436289416773878,0.00015167994991444614,-0.00015167994991444614,-3.451169972105373e-05
0.0,0.028646463529026667,-1.5779526846301055e-05,1.5779526846301055e-05,0.00013294777703969345
0.0,-0.010612179635699603,0.00016641920540057093,-0.00016641920540057093,-4.925095520717854e-05
0.0,-0.026705492278710663,0.00024110801084160373,-0.00024110801084160373,-0.00012393976064821132
0.0,0.006965716710316983,8.484047084336821e-05,-8.484047084336821e-05,3.232777935002418e-05
0.0,0.00912006281484623,7.484218518129793e-05,-7.484218518129793e-05,4.2326065012094464e-05
0.0,0.013479804803234297,5.4608692651391216e-05,-5.4608692651391216e-05,6.255955754200118e-05
0.0,0.017187073659429952,3.740331744616615e-05,-3.740331744616615e-05,7.976493274722625e-05
0.0,0.0057066970727697175,9.068356075537861e-05,-9.068356075537861e-05,2.6484689438013785e-05
0.0,-0.0098025870260805,0.00016266189910523846,-0.00016266189910523846,-4.5493648911846064e-05
0.0,-0.0016610054537223862,0.00012487694982046647,-0.00012487694982046647,-7.708699627074065e-06
0.0,-0.02939044252863232,0.0002535688218184127,-0.0002535688218184127,-0.0001364005716250203
0.0,-0.031883121516435575,0.0002651373049565216,-0.0002651373049565216,-0.0001479690547631292
0.0,0.006082009597382809,8.894174135795434e-05,-8.894174135795434e-05,2.8226508835438062e-05
0.0,0.023336145831710953,8.86557227796966e-06,-8.86557227796966e-06,0.00010830267791542274
0.0,0.010688382331855317,6.756363949753311e-05,-6.756363949753311e-05,4.9604610695859294e-05
0.0,-0.020691134941917988,0.00021319547506074726,-0.00021319547506074726,-9.602722486735485e-05
0.0,0.008114229792425487,7.951024007988798e-05,-7.951024007988798e-05,3.765801011350442e-05
0.0,-0.024974129488995245,0.0002330727839484596,-0.0002330727839484596,-0.00011590453375506721
0.0,-0.0284510281118181,0.00024920901460144366,-0.00024920901460144366,-0.00013204076440805128
0.0,0.022488442948566112,1.2799747740502746e-05,-1.2799747740502746e-05,0.00010436850245288965
0.0,0.017865633700204997,3.425413119783237e-05,-3.425413119783237e-05,8.291411899556003e-05
0.0,0.018303664125949304,3.222123902880607e-05,-3.222123902880607e-05,8.494701116458633e-05
0.0,-0.008163308930517088,0.00015505403579833544,-0.00015505403579833544,-3.788578560494304e-05
0.0,0.034124984892549115,-4.120525648328593e-05,4.120525648328593e-05,0.00015837350667667833
0.0,0.0005440035535435594,0.00011464353844068247,-0.00011464353844068247,2.5247117527099326e-06
0.0,0.009794704112697561,7.171118575591945e-05,-7.171118575591945e-05,4.5457064437472944e-05
0.0,-0.002973672247100878,0.00013096901532086097,-0.00013096901532086097,-1.380076512746858e-05
0.0,0.01738025794738407,3.650675226923003e-05,-3.650675226923003e-05,8.066149792416237e-05
0.0,-0.019369883187983272,0.0002070635668963266,-0.0002070635668963266,-8.989531670293422e-05
0.0,0.020418716445174567,2.2405315193086407e-05,-2.2405315193086407e-05,9.476293500030599e-05
0.0,-0.01264913736003248,0.00017587269347596585,-0.00017587269347596585,-5.870444328257345e-05
0.0,0.0045541787147385104,9.603237994007231e-05,-9.603237994007231e-05,2.1135870253320077e-05
0.0,0.01880876515031682,2.987707328904241e-05,-2.987707328904241e-05,8.729117690434999e-05
0.0,0.012872958939026846,5.742505455834572e-05,-5.742505455834572e-05,5.9743195635046676e-05
0.0,-0.02004472508361621,0.00021019549729278696,-0.00021019549729278696,-9.302724709939458e-05
0.0,0.010536553156824224,6.826827625975337e-05,-6.826827625975337e-05,4.8899973933639026e-05
0.0,0.034291437858544604,-4.19777620244443e-05,4.19777620244443e-05,0.0001591460122178367
0.0,0.0003892292585989665,0.00011536184345710865,-0.00011536184345710865,1.8064067362837516e-06
0.0,-0.02473750308360323,0.00023197460460238132,-0.00023197460460238132,-0.00011480635440898893
0.0,-0.027942247001422227,0.0002468477696415421,-0.0002468477696415421,-0.0001296795194481497
0.0,0.016104667765514558,4.242674581123818e-05,-4.242674581123818e-05,7.474150438215422e-05
0.0,0.01878180753005876,3.000218317159241e-05,-3.000218317159241e-05,8.716606702179999e-05
0.0,-0.006280017279460592,0.00014631370950040785,-0.00014631370950040785,-2.9145459307015456e-05
0.0,0.006295743615618132,8.79498052129096e-05,-8.79498052129096e-05,2.9218444980482803e-05
0.0,0.011735638864999398,6.270333875113475e-05,-6.270333875113475e-05,5.446491144225765e-05
0.0,-0.036695142913972245,0.00028746981895852745,-0.00028746981895852745,-0.00017030156876513507
0.0,0.008624176874533207,7.714358386400279e-05,-7.714358386400279e-05,4.002466632938961e-05
0.0,0.019480539941325148,2.6759377275872563e-05,-2.6759377275872563e-05,9.040887291751984e-05
0.0,-0.009550141648312915,0.00016149030416249313,-0.00016149030416249313,-4.432205396910074e-05
0.0,0.004817163683512371,9.481187092478285e-05,-9.481187092478285e-05,2.235637926860954e-05
0.0,-0.016616200730203312,0.00019428377084701356,-0.00019428377084701356,-7.711552065362116e-05
0.0,-0.016799952076269054,0.00019513655789218367,-0.00019513655789218367,-7.796830769879126e-05
0.0,-0.00039467858438069214,0.00011899994716308703,-0.00011899994716308703,-1.8316969696946374e-06
0.0,-0.018648495446902502,0.00020371561797889062,-0.00020371561797889062,-8.654736778549822e-05
0.0,-0.004140841830647446,0.00013638583060780307,-0.00013638583060780307,-1.921758041441068e-05
0.0,-0.02209521492281885,0.0002197117876959023,-0.0002197117876959023,-0.00010254353750250989
0.0,-0.002685506857766806,0.00012963164437826896,-0.00012963164437826896,-1.2463394184876549e-05
0.0,0.029240425313361795,-1.853609394554774e-05,1.853609394554774e-05,0.00013570434413894014
0.0,0.002213653490450218,0.00010689471990602173,-0.00010689471990602173,1.027353028737067e-05
0.0,0.0433153072475978,-8.385739489275743e-05,8.385739489275743e-05,0.00020102564508614983
0.0,-0.0019086457924624156,0.00012602624465427669,-0.00012602624465427669,-8.857994460884297e-06
0.0,-0.00024098633145541726,0.00011828666388628977,-0.00011828666388628977,-1.1184136928973677e-06
0.0,0.010287014543699957,6.942638095448552e-05,-6.942638095448552e-05,4.774186923890687e-05
0.0,0.0011057487964409862,0.0001120364877926972,-0.0001120364877926972,5.131762400695208e-06
0.0,0.002018354924337773,0.00010780109741392528,-0.00010780109741392528,9.367152779467119e-06
0.0,-0.02114181011508598,0.00021528705129943206,-0.00021528705129943206,-9.811880110603966e-05
0.0,0.01688335256005491,3.881288218915961e-05,-3.881288218915961e-05,7.835536800423279e-05
0.0,-0.014914054108935981,0.00018638413572228632,-0.00018638413572228632,-6.921588552889394e-05
0.0,-0.00868600976072853,0.0001574798819542841,-0.0001574798819542841,-4.0311631760891716e-05
0.0,-0.01134836742295231,0.0001698358410945317,-0.0001698358410945317,-5.266759090113932e-05
0.0,0.0032431003656709922,0.00010211707349593758,-0.00010211707349593758,1.5051176697454815e-05
0.0,0.0032161498496299235,0.00010224215040793066,-0.00010224215040793066,1.4926099785461746e-05
0.0,-0.011732825699560245,0.00017162010578003977,-0.00017162010578003977,-5.4451855586647365e-05
0.0,0.029825423296426123,-2.1251060187097958e-05,2.1251060187097958e-05,0.00013841931038049036
0.0,0.0019495059855065833,0.00010812062423299925,-0.00010812062423299925,9.047625960393145e-06
0.0,0.008265549753183832,7.880796657292713e-05,-7.880796657292713e-05,3.836028362046527e-05
0.0,0.009035052675189448,7.523671587377769e-05,-7.523671587377769e-05,4.19315343196147e-05
0.0,7.9107947907886e-05,0.00011680111147800198,-0.00011680111147800198,3.67138715390418e-07
0.0,-0.0124780022540123,0.00017507845819817033,-0.00017507845819817033,-5.791020800477794e-05
0.0,0.01070708742195392,6.747682947487823e-05,-6.747682947487823e-05,4.969142071851416e-05
0.0,-0.0042913365279230176,0.00013708427408019804,-0.00013708427408019804,-1.9916023886805637e-05
0.0,0.015473984880403524,4.5353734949270236e-05,-4.5353734949270236e-05,7.181451524412216e-05
0.0,0.00018792399994027598,0.00011629609792862326,-0.00011629609792862326,8.721522647691398e-07
0.0,0.002943716919978634,0.00010350650725787306,-0.00010350650725787306,1.3661742935519342e-05
0.0,-0.002536961462655807,0.0001289422475859047,-0.0001289422475859047,-1.1773997392512304e-05
0.0,0.0022615979258335805,0.00010667221055162332,-0.00010667221055162332,1.0496039641769079e-05
0.0,0.00888576974833133,7.592953553913205e-05,-7.592953553913205e-05,4.1238714654260344e-05
0.0,0.0003095972599744812,0.00011573141428345606,-0.00011573141428345606,1.4368359099363444e-06
0.0,0.002336608362904613,0.00010632408831820122,-0.00010632408831820122,1.084416187519118e-05
0.0,-0.004947922948427275,0.000140131481109856,-0.000140131481109856,-2.2963230916463594e-05
0.0,0.003552954600872571,0.00010067904496810052,-0.00010067904496810052,1.6489205225291873e-05
0.0,0.011107929092462498,6.561652972147258e-05,-6.561652972147258e-05,5.1551720471919824e-05
0.0,0.004938656879440728,9.424802295423821e-05,-9.424802295423821e-05,2.292022723915419e-05
0.0,0.0006694597815233294,0.00011406129810205237,-0.00011406129810205237,3.1069520913400363e-06
0.0,0.00047134296924533636,0.00011498075504513578,-0.00011498075504513578,2.1874951482566205e-06
0.0,-0.00102581731454221,0.00012192905187067535,-0.00012192905187067535,-4.760801677282943e-06
0.0,0.008679141952454561,7.688849182037048e-05,-7.688849182037048e-05,4.027975837302191e-05
0.0,-0.005753890884025226,0.0001438719653512858,-0.0001438719653512858,-2.6703715157893417e-05
0.0,-0.0015928775670267514,0.00012456076939277008,-0.00012456076939277008,-7.392519199377672e-06
0.0,-0.0025221231757218687,0.0001288733833346178,-0.0001288733833346178,-1.1705133141225393e-05
0.0,-0.0004569466961219515,0.00011928893246935604,-0.00011928893246935604,-2.1206822759636428e-06
0.0,0.008899605562620927,7.586532374728304e-05,-7.586532374728304e-05,4.1302926446109355e-05
0.0,0.0010951470667548424,0.00011208569024985636,-0.00011208569024985636,5.082559943536042e-06
0.0,0.014605356896842503,4.938502346667812e-05,-4.938502346667812e-05,6.778322672671428e-05
0.0,-0.0004238741534883239,0.00011913544333029579,-0.00011913544333029579,-1.9671931369033887e-06
0.0,0.00202338180532724,0.0001077777677400088,-0.0001077777677400088,9.390482453383606e-06
0.0,0.0021602108339675574,0.00010714274641621438,-0.00010714274641621438,1.0025503777178014e-05
0.0,0.0014741105602813498,0.00011032692676435685,-0.00011032692676435685,6.841323429035548e-06
0.0,-0.006886302644093845,0.0001491274701378428,-0.0001491274701378428,-3.19592199444504e-05
0.0,0.006800039312997219,8.560937698276186e-05,-8.560937698276186e-05,3.155887321063054e-05
0.0,-0.0009395233752043097,0.00012152856308449944,-0.00012152856308449944,-4.360312891107046e-06
0.0,-0.0053832058728249255,0.00014215162216927042,-0.00014215162216927042,-2.4983371975878018e-05
0.0,0.01102570580548079,6.599812667545742e-05,-6.599812667545742e-05,5.117012351793497e-05
0.0,0.0023489303072772305,0.00010626690237231697,-0.00010626690237231697,1.0901347821075438e-05
0.0,0.000719922777789872,0.00011382710014705519,-0.00011382710014705519,3.341150046337211e-06
0.0,-0.0033401068031253534,0.0001326696322086879,-0.0001326696322086879,-1.5501382015295512e-05
0.0,0.004272002277298181,9.734195625313656e-05,-9.734195625313656e-05,1.982629394025584e-05
0.0,0.0016722378083675604,0.00010940742138885514,-0.00010940742138885514,7.760828804537252e-06
0.0,0.0013545591394890089,0.0001108817629876894,-0.0001108817629876894,6.286487205703001e-06
0.0,0.0033563334079245166,0.00010159156076590045,-0.00010159156076590045,1.557668942749194e-05
0.0,-0.0047369876733168725,0.00013915253388669288,-0.00013915253388669288,-2.1984283693300478e-05
0.0,0.006158039788692005,8.858888646149503e-05,-8.858888646149503e-05,2.8579363731897373e-05
0.0,-0.003245756135652589,0.0001322317522766675,-0.0001322317522766675,-1.50635020832751e-05
0.0,-0.003869693865664492,0.00013512743725824377,-0.00013512743725824377,-1.7959187064851374e-05
0.0,-0.015370160722531612,0.00018850091918874105,-0.00018850091918874105,-7.133266899534865e-05
0.0,0.0069006220464606915,8.514257413259522e-05,-8.514257413259522e-05,3.202567606079719e-05
0.0,0.009817931917032618,7.160338588914952e-05,-7.160338588914952e-05,4.556486430424288e-05
0.0,0.0036312500921620305,0.00010031567685082431,-0.00010031567685082431,1.6852573342568094e-05
0.0,0.00016046065922270536,0.00011642355485170156,-0.00011642355485170156,7.446953416908317e-07
0.0,0.018131549330308916,3.3020021030390475e-05,-3.3020021030390475e-05,8.414822916300192e-05
0.0,-0.0011962619960680376,0.00012272008289948406,-0.00012272008289948406,-5.551832706091658e-06
0.0,0.005967198922915307,8.947457585375225e-05,-8.947457585375225e-05,2.7693674339640145e-05
0.0,0.0011193985360786751,0.00011197313957031844,-0.00011197313957031844,5.195110623073951e-06
0.0,0.00397384638616094,9.87256929541021e-05,-9.87256929541021e-05,1.8442557239290295e-05
0.0,-0.003000518154814724,0.00013109360674728792,-0.00013109360674728792,-1.3925356553895515e-05
0.0,-0.0018711970276237277,0.0001258524455382657,-0.0001258524455382657,-8.68419534487331e-06
0.0,-0.0072065416718331,0.00015061369432101801,-0.00015061369432101801,-3.344544412762563e-05
0.0,0.003108858515779689,0.00010274008776472022,-0.00010274008776472022,1.4428162428672178e-05
0.0,0.013885824750712539,5.2724360597757104e-05,-5.2724360597757104e-05,6.44438895956353e-05
0.0,-0.0028167751776319028,0.000130240858541969,-0.000130240858541969,-1.30726083485766e-05
0.0,-0.00494150905632218,0.00014010171433963386,-0.00014010171433963386,-2.2933464146241476e-05
0.0,-0.001607929836799582,0.00012463062673497469,-0.00012463062673497469,-7.4623765415823e-06
0.0,0.0036984360198231148,0.00010000386803987492,-0.00010000386803987492,1.716438215351748e-05
0.0,0.007504645877610239,8.233930923572715e-05,-8.233930923572715e-05,3.4828940957665246e-05
0.0,-0.003988635996082901,0.000135679445774739,-0.000135679445774739,-1.8511195581346606e-05
0.0,-0.010202524371008104,0.00016451800189815058,-0.00016451800189815058,-4.7349751704758196e-05
0.0,-0.0006290422223540482,0.00012008762504192613,-0.00012008762504192613,-2.9193748485337305e-06
0.0,-0.011358438273891824,0.0001698825797519562,-0.0001698825797519562,-5.271432955856382e-05
0.0,-0.017081454337735447,0.00019644300536538335,-0.00019644300536538335,-7.927475517199094e-05
0.0,0.007448895819775148,8.25980443585286e-05,-8.25980443585286e-05,3.4570205834863805e-05
0.0,0.013779387810288313,5.321833272838219e-05,-5.321833272838219e-05,6.394991746501021e-05
0.0,-0.012475001040294531,0.00017506452961351995,-0.00017506452961351995,-5.7896279420127555e-05
0.0,-0.000503600390907244,0.00011950545151737425,-0.00011950545151737425,-2.337201323981844e-06
0.0,0.015486673802446171,4.529484586591478e-05,-4.529484586591478e-05,7.187340432747762e-05
0.0,-0.004055288780130728,0.0001359887802747441,-0.0001359887802747441,-1.882053008135169e-05
0.0,-0.005934396967956612,0.00014470969118702474,-0.00014470969118702474,-2.754144099363233e-05
0.0,0.0011692656800530443,0.00011174170695623703,-0.00011174170695623703,5.426543237155372e-06
0.0,-0.008407570124922548,0.00015618764807757407,-0.00015618764807757407,-3.901939788418167e-05
0.0,0.003679773444691614,0.00010009048075125045,-0.00010009048075125045,1.707776944214195e-05
0.0,0.013644592157896263,5.3843917185674095e-05,-5.3843917185674095e-05,6.33243330077183e-05
0.0,0.006680165568110796,8.616570910703698e-05,-8.616570910703698e-05,3.100254108635542e-05
0.0,0.002414323726029899,0.0001059634125664153,-0.0001059634125664153,1.120483762697709e-05
0.0,-0.0038835019016946193,0.00013519152013163682,-0.00013519152013163682,-1.802326993824443e-05
0.0,0.005658384242170911,9.090777982605372e-05,-9.090777982605372e-05,2.626047036733868e-05
0.0,-0.002496683664631072,0.00012875531897232502,-0.00012875531897232502,-1.1587068778932608e-05
0.0,-0.0076588713308223255,0.00015271294900182027,-0.00015271294900182027,-3.5544698808427876e-05
0.0,-0.016147208958519288,0.00019210718756886757,-0.00019210718756886757,-7.493893737547518e-05
0.0,0.00035058102206497743,0.00011554120930198831,-0.00011554120930198831,1.6270408914040957e-06
0.0,-0.004278673417828949,0.00013702550478968126,-0.00013702550478968126,-1.985725459628887e-05
0.0,-0.006702266480503982,0.00014827336125911877,-0.00014827336125911877,-3.1105111065726373e-05
0.0,0.002517410777005402,0.00010548498721890658,-0.00010548498721890658,1.168326297448582e-05
0.0,-0.0033873413051768164,0.00013288884677389789,-0.00013288884677389789,-1.572059658050548e-05
0.0,-0.01111286391927968,0.00016874287311729395,-0.00016874287311729395,-5.1574622923901566e-05
0.0,-0.005745837446504476,0.00014383458947712853,-0.00014383458947712853,-2.6666339283736145e-05
0.0,-0.004403818556987793,0.00013760630137009102,-0.00013760630137009102,-2.043805117669862e-05
0.0,-0.015051375861739213,0.00018702144377100535,-0.00018702144377100535,-6.985319357761293e-05
0.0,-0.007387777046316768,0.0001514548047824942,-0.0001514548047824942,-3.4286554589101805e-05
0.0,0.016035901237667627,4.2745890162258125e-05,-4.2745890162258125e-05,7.442236003113427e-05
0.0,0.0004863370186602989,0.00011491116790267672,-0.00011491116790267672,2.2570822907156783e-06
0.0,0.0016937032123527374,0.00010930780079379647,-0.00010930780079379647,7.860449399595927e-06
0.0,0.001380031526917458,0.00011076354604684172,-0.00011076354604684172,6.404704146550679e-06
0.0,-0.002165632329979128,0.0001272189150464651,-0.0001272189150464651,-1.0050664853072689e-05
0.0,0.011078977592776207,6.57508931664178e-05,-6.57508931664178e-05,5.141735702697459e-05
0.0,-0.014334892170861036,0.0001836962544717772,-0.0001836962544717772,-6.65280042783848e-05
0.0,-0.0022766655169013106,0.0001277342182832496,-0.0001277342182832496,-1.0565968089857201e-05
0.0,-0.024642584749729912,0.0002315340901397154,-0.0002315340901397154,-0.00011436583994632298
0.0,0.00010955419561042845,0.0001166598109315261,-0.0001166598109315261,5.084392618663001e-07
0.0,0.005726850663809513,9.05900282631255e-05,-9.05900282631255e-05,2.65782219302669e-05
0.0,0.023049400920118535,1.0196350806182303e-05,-1.0196350806182303e-05,0.0001069718993872101
0.0,-0.00010646449242102118,0.000117662350192392,-0.000117662350192392,-4.940999989995967e-07
0.0,0.008114163624478143,7.951054716426862e-05,-7.951054716426862e-05,3.765770302912377e-05
0.0,-0.012620113782869202,0.00017573799552060782,-0.00017573799552060782,-5.8569745327215433e-05
0.0,0.011650737147309576,6.309736625900763e-05,-6.309736625900763e-05,5.4070883934384776e-05
0.0,-0.007023250955987548,0.0001497630450532999,-0.0001497630450532999,-3.259479485990751e-05
0.0,0.010814652782245693,6.697762036577567e-05,-6.697762036577567e-05,5.0190629827616736e-05
0.0,0.010337815429059649,6.919061486163516e-05,-6.919061486163516e-05,4.797763533175724e-05
0.0,0.0014447466011910937,0.00011046320442676981,-0.00011046320442676981,6.7050457666225815e-06
0.0,0.009815695418065262,7.16137654449282e-05,-7.16137654449282e-05,4.555448474846419e-05
0.0,-0.0016863570122068738,0.00012499460599612632,-0.00012499460599612632,-7.826355802733905e-06
0.0,-0.022261677039013494,0.00022048433570298794,-0.00022048433570298794,-0.00010331608550959554
0.0,0.007174604262178752,8.387102707090583e-05,-8.387102707090583e-05,3.3297223122486575e-05
0.0,-0.015954853497705423,0.00019121446896537444,-0.00019121446896537444,-7.404621877198206e-05
0.0,0.004772721486371312,9.501812644776135e-05,-9.501812644776135e-05,2.215012374563105e-05
0.0,0.008984905521485453,7.546944800851602e-05,-7.546944800851602e-05,4.169880218487638e-05
0.0,-0.002109799583246086,0.00012695979616581663,-0.00012695979616581663,-9.791545972424234e-06
0.0,0.02492023877666627,1.513822368502679e-06,-1.513822368502679e-06,0.00011565442782488972
0.0,0.0024593113157624913,0.00010575462588518112,-0.00010575462588518112,1.1413624308211286e-05
0.0,0.0062321108631679945,8.824512379478588e-05,-8.824512379478588e-05,2.8923126398606517e-05
0.0,-0.0046870230309741245,0.0001389206487842501,-0.0001389206487842501,-2.17523985908577e-05
0.0,-0.00943264946713962,0.0001609450248371514,-0.0001609450248371514,-4.377677464375899e-05
0.0,-0.0016388318166757898,0.00012477404232714734,-0.00012477404232714734,-7.605792133754935e-06
0.0,-0.008125926498228409,0.00015488054453062343,-0.00015488054453062343,-3.771229433723102e-05
0.0,-1.4923577632885987e-05,0.00011723751027744296,-0.00011723751027744296,-6.92600840505528e-08
0.0,-0.004987097282612596,0.00014031328856548386,-0.00014031328856548386,-2.314503837209145e-05
0.0,0.01649736234989274,4.060425655368271e-05,-4.060425655368271e-05,7.656399363970969e-05
0.0,-0.002314313728559836,0.00012790894302874739,-0.00012790894302874739,-1.0740692835354987e-05
0.0,0.007409672577889825,8.278007879400647e-05,-8.278007879400647e-05,3.438817139938593e-05
0.0,0.006680490923747229,8.616419913675506e-05,-8.616419913675506e-05,3.100405105663734e-05
0.0,0.002717099891568653,0.00010455823324617594,-0.00010455823324617594,1.261001694721646e-05
0.0,-0.010061659913606968,0.00016386425221430543,-0.00016386425221430543,-4.669600202091303e-05
0.0,-0.00890905606969361,0.00015851503629100598,-0.00015851503629100598,-4.1346786097613565e-05
0.0,-0.009040932945028057,0.00015912707475086298,-0.00015912707475086298,-4.1958824557470575e-05
0.0,-0.000313861457302278,0.00011862487617462375,-0.00011862487617462375,-1.456625981231349e-06
0.0,0.016540974699349675,4.040185234047494e-05,-4.040185234047494e-05,7.676639785291746e-05
0.0,0.01908056557933535,2.8615651864375666e-05,-2.8615651864375666e-05,8.855259832901673e-05
0.0,-0.0004833595887074882,0.00011941151427952878,-0.00011941151427952878,-2.243264086136377e-06
0.0,-0.0043168283608459035,0.000137202581267273,-0.000137202581267273,-2.003433107388061e-05
0.0,-0.0028999798130677767,0.00013062700991836452,-0.00013062700991836452,-1.3458759724972115e-05
0.0,-0.0075036694675360005,0.0001519926596475889,-0.0001519926596475889,-3.48244094541965e-05
0.0,0.01904028588598905,2.8802589274112307e-05,-2.8802589274112307e-05,8.836566091928009e-05
0.0,0.0023292692665812798,0.000106358148946337,-0.000106358148946337,1.0810101247055402e-05
0.0,0.005106758007594747,9.346786831897944e-05,-9.346786831897944e-05,2.370038187441296e-05
0.0,0.0006208264404641284,0.00011428700465662524,-0.00011428700465662524,2.881245536767165e-06
0.0,0.0004136855394443195,0.00011524834225058961,-0.00011524834225058961,1.9199079428027884e-06
0.0,0.002188441817939202,0.00010701172687312592,-0.00010701172687312592,1.0156523320266474e-05
0.0,-0.0012519007957618733,0.00012297830167503927,-0.00012297830167503927,-5.810051481646867e-06
0.0,-0.00012814640056846294,0.00011776297557978966,-0.00011776297557978966,-5.947253863972549e-07
0.0,0.0011396405267545262,0.00011187919681677451,-0.00011187919681677451,5.289053376617884e-06
0.0,0.007100510313353237,8.421489589710365e-05,-8.421489589710365e-05,3.295335429628875e-05
0.0,0.0018721339981915275,0.00010847970638316613,-0.00010847970638316613,8.688543810226263e-06
0.0,-2.1174829462955458e-05,0.00011726652223676146,-0.00011726652223676146,-9.827204336905406e-08
0.0,-0.003497536135912971,0.00013340025921309103,-0.00013340025921309103,-1.6232009019698626e-05
0.0,0.0002264032488046297,0.00011611751635280364,-0.00011611751635280364,1.050733840588764e-06
0.0,-0.008072242646582573,0.00015463139863755321,-0.00015463139863755321,-3.746314844416081e-05
0.0,0.006454730908207917,8.721194774209287e-05,-8.721194774209287e-05,2.9956302451299532e-05
0.0,-0.0004890148137838279,0.00011943776008825825,-0.00011943776008825825,-2.269509894865845e-06
0.0,-0.0008081822874276279,0.00012091901120609073,-0.00012091901120609073,-3.750761012698326e-06
0.0,0.0008443492265819419,0.00011324963899709204,-0.00011324963899709204,3.918611196300353e-06
0.0,-0.00780580496271055,0.0001533948656269602,-0.0001533948656269602,-3.622661543356781e-05
0.0,0.0050732955705157234,9.362316695189722e-05,-9.362316695189722e-05,2.3545083241495185e-05
0.0,-0.0011659590635981765,0.00012257944747670073,-0.00012257944747670073,-5.4111972833083255e-06
0.0,-0.0010676612969652277,0.00012212324912088708,-0.00012212324912088708,-4.954998927494695e-06
0.0,0.020435540463669577,2.2327235193524858e-05,-2.2327235193524858e-05,9.484101499986754e-05
0.0,0.0040499740579702515,9.837238565220776e-05,-9.837238565220776e-05,1.8795864541184646e-05
0.0,-0.006147829935223559,0.00014570023015936153,-0.00014570023015936153,-2.8531979965969146e-05
0.0,0.0031349558295050706,0.00010261897055096777,-0.00010261897055096777,1.4549279642424631e-05
0.0,0.002092692232889659,0.00010745609915914689,-0.00010745609915914689,9.71215103424551e-06
0.0,0.01630974737217783,4.1474974651268306e-05,-4.1474974651268306e-05,7.569327554212409e-05
0.0,0.003958951318527193,9.879482072370466e-05,-9.879482072370466e-05,1.837342946968774e-05
0.0,-0.003124690820504483,0.0001316698900939502,-0.0001316698900939502,-1.4501639900557796e-05
0.0,-0.0012797755200721905,0.00012310766782276273,-0.00012310766782276273,-5.939417629370334e-06
0.0,0.001185553958514829,0.00011166611331756315,-0.00011166611331756315,5.502136875829254e-06
0.0,-0.0005407337436069692,0.00011967778681071532,-0.00011967778681071532,-2.5095366173229246e-06
0.0,-7.531901909729743e-05,0.0001175178045510411,-0.0001175178045510411,-3.495543576487029e-07
0.0,-0.002232653981520283,0.00012752996145458094,-0.00012752996145458094,-1.036171126118854e-05
0.0,-0.0105018557847808,0.0001659071941807828,-0.0001659071941807828,-4.87389439873904e-05
0.0,-0.0057367349435899495,0.00014379234490733173,-0.00014379234490733173,-2.662409471393934e-05
0.0,0.009648981834660786,7.238748050729492e-05,-7.238748050729492e-05,4.478076968609748e-05
0.0,-0.004477753072888002,0.00013794943027064374,-0.00013794943027064374,-2.078118007725135e-05
0.0,0.002651506710448004,0.00010486265014601825,-0.00010486265014601825,1.2305600047374144e-05
0.0,0.0008722869484341089,0.0001131199804787889,-0.0001131199804787889,4.048269714603505e-06
0.0,0.0036244096381636837,0.00010034742328794039,-0.00010034742328794039,1.6820826905452008e-05
0.0,0.007174435557619541,8.387181002605492e-05,-8.387181002605492e-05,3.329644016733747e-05
0.0,-0.00032158936312698394,0.00011866074126140926,-0.00011866074126140926,-1.4924910680168681e-06
0.0,-0.0034567355331607263,0.0001332109042711697,-0.0001332109042711697,-1.604265407777729e-05
0.0,-0.00989094181235195,0.00016307195224892596,-0.00016307195224892596,-4.590370205553356e-05
0.0,-0.006188030354815854,0.00014588679966087936,-0.00014588679966087936,-2.8718549467486957e-05
0.0,0.00019538952303133073,0.0001162614505558895,-0.0001162614505558895,9.067996375028992e-07
0.0,-0.0029661372528556607,0.00013093404553361678,-0.00013093404553361678,-1.376579534022439e-05
0.0,0.008077922524027725,7.96787415292545e-05,-7.96787415292545e-05,3.74895086641379e-05
0.0,0.010269933278491461,6.950565483191176e-05,-6.950565483191176e-05,4.766259536148064e-05
0.0,0.004117058019306619,9.806105006533332e-05,-9.806105006533332e-05,1.9107200128059085e-05
0.0,-0.0024437290975140025,0.00012850955767703702,-0.00012850955767703702,-1.1341307483644622e-05
0.0,-0.016571304555192734,0.00019407540842003568,-0.00019407540842003568,-7.690715822664328e-05
0.0,0.00043958226653084687,0.0001151281559562057,-0.0001151281559562057,2.040094237186695e-06
0.0,-0.01444390628760639,0.00018420218723630693,-0.00018420218723630693,-6.703393704291453e-05
0.0,-0.0030853828766044256,0.00013148746255778267,-0.00013148746255778267,-1.4319212364390256e-05
0.0,0.002995542646406335,0.00010326598489408988,-0.00010326598489408988,1.3902265299302522e-05
0.0,-0.0007289817322603254,0.00012055144270189706,-0.00012055144270189706,-3.383192508504669e-06
0.0,0.00015587969925845435,0.00011644481501330364,-0.00011644481501330364,7.234351800887584e-07
0.0,0.010926475234507071,6.64586541612313e-05,-6.64586541612313e-05,5.07095960321611e-05
0.0,-0.009379454163327194,0.00016069814628672763,-0.00016069814628672763,-4.352989609333524e-05
0.0,0.002163809008205897,0.00010712604734737806,-0.00010712604734737806,1.0042202846014347e-05
0.0,0.007853184882181896,8.072174531470504e-05,-8.072174531470504e-05,3.644650487868736e-05
0.0,-0.023705000038029778,0.00022718277455478704,-0.00022718277455478704,-0.00011001452436139464
0.0,-0.01220484261628385,0.00017381072870771623,-0.00017381072870771623,-5.664247851432383e-05
0.0,0.001698692425988746,0.00010928464593346227,-0.00010928464593346227,7.88360425993013e-06
0.0,0.00013048788935265954,0.00011656265799516314,-0.00011656265799516314,6.055921982292595e-07
0.0,-0.0039854205221913075,0.00013566452281206393,-0.00013566452281206393,-1.849627261867153e-05
0.0,-0.013852035718884714,0.00018145532543512738,-0.00018145532543512738,-6.428707524173499e-05
0.0,-0.0015935449138314572,0.00012456386653856994,-0.00012456386653856994,-7.395616345177547e-06
0.0,0.00483994963594836,9.470612168557826e-05,-9.470612168557826e-05,2.246212850781414e-05
0.0,0.019862053761098286,2.498877776723282e-05,-2.498877776723282e-05,9.217947242615958e-05
0.0,0.0006633863793055195,0.00011408948466417748,-0.00011408948466417748,3.0787655292149205e-06
0.0,0.002320181125065268,0.00010640032686511401,-0.00010640032686511401,1.0767923328278392e-05
0.0,0.013026314842639719,5.6713332273303934e-05,-5.6713332273303934e-05,6.0454917920088464e-05
0.0,-0.0020295818770267315,0.0001265875070799307,-0.0001265875070799307,-9.41925688653829e-06
0.0,-0.0052265872985560735,0.00014142475788212825,-0.00014142475788212825,-2.4256507688735852e-05
0.0,0.007856028682432292,8.070854728342791e-05,-8.070854728342791e-05,3.6459702909964485e-05
0.0,0.004269642628790704,9.735290734395258e-05,-9.735290734395258e-05,1.981534284943982e-05
0.0,0.00016250753698754394,0.00011641405532487755,-0.00011641405532487755,7.541948685148505e-07
0.0,-0.004745224843287543,0.0001391907624601986,-0.0001391907624601986,-2.2022512266806214e-05
0.0,-0.0017098123935156417,0.00012510346204397526,-0.00012510346204397526,-7.93521185058286e-06
0.0,0.0015848622233496368,0.00010981293007525565,-0.00010981293007525565,7.355320118136744e-06
0.0,0.0033065906083264984,0.0001018224162997288,-0.0001018224162997288,1.53458338936636e-05
0.0,0.0029209195962771606,0.00010361230927093809,-0.00010361230927093809,1.3555940922454304e-05
0.0,0.0003385605486661003,0.00011559699612592649,-0.00011559699612592649,1.5712540674659097e-06
0.0,0.0065488820784729285,8.677499367340877e-05,-8.677499367340877e-05,3.0393256519983632e-05
0.0,0.0004482397633895907,0.00011508797665236488,-0.00011508797665236488,2.0802735410275284e-06
0.0,-0.0063214251654488685,0.00014650588283407175,-0.00014650588283407175,-2.9337632640679353e-05
0.0,-0.004135401260425775,0.00013636058100880574,-0.00013636058100880574,-1.919233081541335e-05
0.0,0.011870590853387819,6.207702874099519e-05,-6.207702874099519e-05,5.509122145239721e-05
0.0,0.011486656421599406,6.385886227111128e-05,-6.385886227111128e-05,5.330938792228112e-05
0.0,-0.007589201039747917,0.00015238961030018035,-0.00015238961030018035,-3.522136010678795e-05
0.0,0.00548810949285139,9.169802220222289e-05,-9.169802220222289e-05,2.5470227991169514e-05
0.0,-0.009378687628036508,0.00016069458880875776,-0.00016069458880875776,-4.352633861536537e-05
0.0,-0.002440296594621194,0.00012849362748625383,-0.00012849362748625383,-1.1325377292861429e-05
0.0,-0.00478746019469678,0.00013938677604758817,-0.00013938677604758817,-2.221852585419576e-05
0.0,-0.001218442012279497,0.00012282301999840483,-0.00012282301999840483,-5.654769805012436e-06
0.0,-0.011049941573072375,0.00016845085151937815,-0.00016845085151937815,-5.128260132598576e-05
0.0,0.016941941334216226,3.854097262949144e-05,-3.854097262949144e-05,7.862727756390096e-05
0.0,0.025403420320955883,-7.286154163505811e-07,7.286154163505811e-07,0.00011789686560974298
0.0,-0.0020856174946130013,0.0001268475674809499,-0.0001268475674809499,-9.679317287557503e-06
0.0,0.004865096315322948,9.458941635057613e-05,-9.458941635057613e-05,2.2578833842816273e-05
0.0,-0.0031231161538831653,0.00013166258209145728,-0.00013166258209145728,-1.44943318980649e-05
0.0,-0.003242371304872038,0.00013221604333139145,-0.00013221604333139145,-1.5047793137999054e-05
0.0,0.002655865938542279,0.00010484241903846267,-0.00010484241903846267,1.2325831154929727e-05
0.0,0.007597415119266371,8.190876867551651e-05,-8.190876867551651e-05,3.525948151787589e-05
0.0,-4.7513986152325494e-05,0.00011738876183982463,-0.00011738876183982463,-2.205116464322283e-07
0.0,-0.0009306715612543703,0.00012148748195816002,-0.00012148748195816002,-4.319231764767631e-06
0.0,0.0011286697641588184,0.00011193011194973855,-0.00011193011194973855,5.238138243653855e-06
0.0,0.00019699191031485874,0.00011625401390224862,-0.00011625401390224862,9.14236291143788e-07
0.0,0.005642922184040833,9.097953898944118e-05,-9.097953898944118e-05,2.6188711203951218e-05
0.0,0.0034032703971196288,0.00010137372695307734,-0.00010137372695307734,1.5794523240315057e-05
0.0,0.004428106846314561,9.661747745611375e-05,-9.661747745611375e-05,2.055077273727865e-05
0.0,0.001507477027169024,0.00011017207352755538,-0.00011017207352755538,6.99617666583701e-06
0.0,6.614683421224399e-06,0.00011713755155389778,-0.00011713755155389778,3.0698639494610526e-08
0.0,0.005445481690718124,9.189585714711803e-05,-9.189585714711803e-05,2.5272393046274375e-05
0.0,-0.0018496216125600817,0.00012575231438355917,-0.00012575231438355917,-8.584064190166763e-06
0.0,0.005105995170664235,9.347140863291916e-05,-9.347140863291916e-05,2.3696841560473246e-05
0.0,-0.0038996213232838084,0.00013526633010827764,-0.00013526633010827764,-1.809807991488524e-05
0.0,-0.0025633010773032927,0.00012906448931434414,-0.00012906448931434414,-1.1896239120951736e-05
0.0,0.010052705569688847,7.0513805138754e-05,-7.0513805138754e-05,4.66544450546384e-05
0.0,-0.011538744820964397,0.00017071937954033888,-0.00017071937954033888,-5.3551129346946486e-05
0.0,0.010416510240551347,6.882539350571532e-05,-6.882539350571532e-05,4.834285668767707e-05
0.0,0.0005491705981217621,0.00011461955826980236,-0.00011461955826980236,2.5486919235900473e-06
0.0,-0.0018053993582290984,0.00012554707961162892,-0.00012554707961162892,-8.378829418236507e-06
0.0,0.005657940611518475,9.090983870878486e-05,-9.090983870878486e-05,2.6258411484607545e-05
0.0,-0.000606117484177382,0.0001199812317003286,-0.0001199812317003286,-2.812981506936206e-06
0.0,0.001595272232703504,0.00010976461738907864,-0.00010976461738907864,7.403632804313755e-06
0.0,0.000592263093356804,0.00011441956669168706,-0.00011441956669168706,2.748683501705347e-06
0.0,0.0006906716689645265,0.00011396285407320161,-0.00011396285407320161,3.2053961201907825e-06
0.0,-0.0010450813177572682,0.00012201845580012487,-0.00012201845580012487,-4.850205606732468e-06
0.0,0.007336475471722448,8.311978538783543e-05,-8.311978538783543e-05,3.404846480555697e-05
0.0,-0.012404137955230099,0.00017473565517413426,-0.00017473565517413426,-5.756740498074187e-05
0.0,-0.006303057332801343,0.00014642063801782938,-0.00014642063801782938,-2.9252387824436984e-05
0.0,0.008772467921830174,7.645536749575743e-05,-7.645536749575743e-05,4.071288269763497e-05
0.0,-0.018309580659152336,0.00020214271989352635,-0.00020214271989352635,-8.497446970013393e-05
0.0,0.006109463971145868,8.881432605036786e-05,-8.881432605036786e-05,2.835392414302453e-05
0.0,0.012725994077109837,5.810711612154754e-05,-5.810711612154754e-05,5.9061134071844856e-05
0.0,-0.0008640799292052304,0.00012117843126359847,-0.00012117843126359847,-4.010181070206061e-06
0.0,0.002323855425648391,0.00010638327449513448,-0.00010638327449513448,1.0784975698257913e-05
0.0,0.00461072337316093,9.576995708871016e-05,-9.576995708871016e-05,2.139829310468224e-05
0.0,0.00956601649469957,7.277252131723678e-05,-7.277252131723678e-05,4.439572887615563e-05
0.0,0.001084512714484509,0.00011213504410790468,-0.00011213504410790468,5.033206085487726e-06
0.0,0.0018164914425815581,0.00010873794258986778,-0.00010873794258986778,8.430307603524616e-06
0.0,0.004481139122655131,9.637135551356787e-05,-9.637135551356787e-05,2.079689467982452e-05
0.0,0.0032490857396794137,0.00010208929547131808,-0.00010208929547131808,1.507895472207431e-05
0.0,-0.0024032529493148713,0.0001283217085234844,-0.0001283217085234844,-1.1153458330092002e-05
0.0,0.00131405176760091,0.00011106975704988092,-0.00011106975704988092,6.098493143511482e-06
0.0,0.005602990523162488,9.116486118608509e-05,-9.116486118608509e-05,2.6003389007307308e-05
0.0,-0.0016184626244926115,0.00012467950923345135,-0.00012467950923345135,-7.511259040058959e-06
0.0,-0.005510332450180511,0.00014274161457251993,-0.00014274161457251993,-2.5573364379127522e-05
0.0,-0.0024225306518709244,0.00012841117603135541,-0.00012841117603135541,-1.1242925837963009e-05
0.0,0.006697492376419811,8.608529566802583e-05,-8.608529566802583e-05,3.108295452536656e-05
0.0,-0.008282433828555424,0.00015560689253641863,-0.00015560689253641863,-3.8438642343026236e-05
0.0,0.007174256352702191,8.387264171319747e-05,-8.387264171319747e-05,3.329560848019493e-05
0.0,-0.0033400389194234714,0.000132669317161518,-0.000132669317161518,-1.550106696812561e-05
0.0,0.0077851108025177584,8.103767602483265e-05,-8.103767602483265e-05,3.613057416855975e-05
0.0,-0.0005883499068413123,0.00011989877265934374,-0.00011989877265934374,-2.730522465951346e-06
0.0,0.00405666949441863,9.83413122392114e-05,-9.83413122392114e-05,1.8826937954181e-05
0.0,-0.0044735804606589324,0.00013793006524432064,-0.00013793006524432064,-2.0761815050928245e-05
0.0,0.005172264111710456,9.316385554211818e-05,-9.316385554211818e-05,2.400439465127422e-05
0.0,-0.010546128701639845,0.0001661126640766919,-0.0001661126640766919,-4.894441388329951e-05
0.0,0.004048451943253761,9.837944976215458e-05,-9.837944976215458e-05,1.878880043123782e-05
0.0,-0.00429489561132812,0.0001371007917291053,-0.0001371007917291053,-1.99325415357129e-05
0.0,0.006302737952936344,8.791734460577812e-05,-8.791734460577812e-05,2.9250905587614282e-05
0.0,0.0035443321494683655,0.00010071906162654985,-0.00010071906162654985,1.6449188566842555e-05
0.0,0.01218913260513399,6.059868158843754e-05,-6.059868158843754e-05,5.656956860495486e-05
0.0,0.0035522505198095633,0.00010068231259700305,-0.00010068231259700305,1.6485937596389348e-05
0.0,-0.002836767069231527,0.00013033364058971794,-0.00013033364058971794,-1.3165390396325546e-05
0.0,-0.022966290584432447,0.00022375443584783083,-0.00022375443584783083,-0.00010658618565443844
0.0,0.014307223290395576,5.0768656744753916e-05,-5.0768656744753916e-05,6.639959344863848e-05
0.0,-0.014327681394279534,0.00018366278937350183,-0.00018366278937350183,-6.649453918010943e-05
0.0,-0.006701003439812281,0.00014826749950755904,-0.00014826749950755904,-3.109924931416663e-05
0.0,0.008847902373522176,7.61052774172911e-05,-7.61052774172911e-05,4.10629727761013e-05
0.0,0.004661629963028435,9.553370042293715e-05,-9.553370042293715e-05,2.1634549770455258e-05
0.0,0.01041921875000007,6.881282335687536e-05,-6.881282335687536e-05,4.835542683651704e-05
0.0,6.340190171760796e-06,0.00011713882547265888,-0.00011713882547265888,2.942472073351771e-08
0.0,0.0040347322693841114,9.844312254818038e-05,-9.844312254818038e-05,1.872512764521202e-05
0.0,-0.0018421130247733286,0.00012571746714826448,-0.00012571746714826448,-8.549216954872091e-06
0.0,0.007186011722218666,8.381808523211867e-05,-8.381808523211867e-05,3.3350164961273724e-05
0.0,0.002484899676771457,0.00010563587071280934,-0.00010563587071280934,1.1532379480583056e-05
0.0,-0.009307883608932754,0.00016036598849354671,-0.00016036598849354671,-4.3197738300154316e-05
0.0,0.009407983261396247,7.350595101423177e-05,-7.350595101423177e-05,4.3662299179160636e-05
0.0,0.010534666895180678,6.827703036973873e-05,-6.827703036973873e-05,4.889121982365367e-05
0.0,0.0019077786269059427,0.00010831428023392489,-0.00010831428023392489,8.853969959467512e-06
0.0,0.005230269513137653,9.289465340593732e-05,-9.289465340593732e-05,2.4273596787455076e-05
0.0,0.004139081299929126,9.795884037376294e-05,-9.795884037376294e-05,1.9209409819629457e-05
0.0,-0.0036871039064235722,0.00013428004019067026,-0.00013428004019067026,-1.711178999727787e-05
0.0,0.004321655306021466,9.71115173444957e-05,-9.71115173444957e-05,2.0056732848896685e-05
0.0,4.2889368592202715e-05,0.00011696920132276334,-0.00011696920132276334,1.990488706290629e-07
0.0,0.010142153479971716,7.009867882409029e-05,-7.009867882409029e-05,4.706957136930211e-05
0.0,0.0051141362697153525,9.34336259230077e-05,-9.34336259230077e-05,2.373462427038469e-05
0.0,-0.005009741163373271,0.00014041837845232567,-0.00014041837845232567,-2.325012825893327e-05
0.0,0.010300096519028301,6.936566771714546e-05,-6.936566771714546e-05,4.780258247624694e-05
0.0,-0.000707617924973758,0.00012045229361548451,-0.00012045229361548451,-3.284043422092115e-06
0.0,0.001722386289245481,0.00010917468309472396,-0.00010917468309472396,7.993567098668446e-06
0.0,-0.008273657594813577,0.00015556616217661079,-0.00015556616217661079,-3.8397911983218393e-05
0.0,-0.002923832356719225,0.00013073770919026553,-0.00013073770919026553,-1.3569458996873131e-05
0.0,-0.0005513654411685165,0.00011972712834830281,-0.00011972712834830281,-2.5588781549104113e-06
0.0,0.006340981548631053,8.77398566925331e-05,-8.77398566925331e-05,2.9428393500859298e-05
0.0,-0.007047981897774669,0.00014987782095683732,-0.00014987782095683732,-3.270957076344493e-05
0.0,0.00367034439193481,0.00010013424083361932,-0.00010013424083361932,1.7034009359773078e-05
0.0,-0.014307241527974024,0.0001835679282823395,-0.0001835679282823395,-6.639967808894708e-05
0.0,0.005935988427895333,8.961942325975088e-05,-8.961942325975088e-05,2.7548826933641515e-05
0.0,-0.005510807488524838,0.00014274381921784457,-0.00014274381921784457,-2.557556902445217e-05
0.0,-0.013779732742503992,0.00018111976848327432,-0.00018111976848327432,-6.395151828988192e-05
0.0,0.008490293972530871,7.776493226139914e-05,-7.776493226139914e-05,3.940331793199326e-05
0.0,0.012831541229424204,5.761727348324608e-05,-5.761727348324608e-05,5.955097671014632e-05
0.0,-0.00034681344994402785,0.0001187778058431083,-0.0001187778058431083,-1.6095556497159052e-06
0.0,-0.010153367167240024,0.00016428986410516155,-0.00016428986410516155,-4.712161391176915e-05
0.0,-0.008369555515669425,0.00015601122288672585,-0.00015601122288672585,-3.884297269333344e-05
0.0,0.014784291377196501,4.8554591417894445e-05,-4.8554591417894445e-05,6.861365877549795e-05
0.0,-0.005885016114436148,0.00014448051543912774,-0.00014448051543912774,-2.7312265245735344e-05
0.0,0.007567364431436019,8.204823343498012e-05,-8.204823343498012e-05,3.512001675841227e-05
0.0,0.007791157767295331,8.100961215844296e-05,-8.100961215844296e-05,3.615863803494944e-05
0.0,-0.013851474486292426,0.00018145272076368265,-0.00018145272076368265,-6.428447057029025e-05
0.0,-0.02501035094286319,0.00023324088713397182,-0.00023324088713397182,-0.00011607263694057943
0.0,0.002669776576555538,0.00010477785999091418,-0.00010477785999091418,1.2390390202478222e-05
0.0,-0.012145015629135836,0.0001735330726214684,-0.0001735330726214684,-5.6364822428076e-05
0.0,0.009497272121224087,7.309156285017473e-05,-7.309156285017473e-05,4.407668734321767e-05
0.0,0.009590486444071455,7.265895667530567e-05,-7.265895667530567e-05,4.4509293518086725e-05
0.0,0.0061998311850259835,8.839493326247772e-05,-8.839493326247772e-05,2.877331693091468e-05
0.0,-0.004289562412875814,0.0001370760404407647,-0.0001370760404407647,-1.990779024737229e-05
0.0,0.005403747467634501,9.20895450059989e-05,-9.20895450059989e-05,2.5078705187393498e-05
0.0,-0.0005449081736377259,0.00011969716027342686,-0.00011969716027342686,-2.528910080034456e-06
0.0,0.0008240472350893313,0.00011334386021346267,-0.00011334386021346267,3.8243899799297384e-06
0.0,0.010201732142340214,6.982217520915492e-05,-6.982217520915492e-05,4.7346074984237485e-05
0.0,0.0052515464964768555,9.279590726806968e-05,-9.279590726806968e-05,2.4372342925322714e-05
0.0,0.007229670722828763,8.361546451165851e-05,-8.361546451165851e-05,3.355278568173388e-05
0.0,0.00018159245054127915,0.00011632548254766919,-0.00011632548254766919,8.427676457232078e-07
0.0,0.013554249906357896,5.426319412373719e-05,-5.426319412373719e-05,6.290505606965521e-05
0.0,0.003086483632862347,0.00010284392923689252,-0.00010284392923689252,1.4324320956499885e-05
0.0,0.001374879432867404,0.00011078745683256087,-0.00011078745683256087,6.380793360831527e-06
0.0,-0.003708760911961373,0.00013438055000545662,-0.00013438055000545662,-1.7212299812064237e-05
0.0,0.0027740472164057284,0.00010429394162645209,-0.00010429394162645209,1.2874308566940305e-05
0.0,0.0050329647425946256,9.381034167637401e-05,-9.381034167637401e-05,2.335790851701838e-05
0.0,0.0016100503211176065,0.00010969603251815522,-0.00010969603251815522,7.472217675237183e-06
0.0,0.0020330263437824403,0.0001077330075919754,-0.0001077330075919754,9.435242601417008e-06
0.0,-0.0018519369130487462,0.0001257630596559323,-0.0001257630596559323,-8.59480946253991e-06
0.0,-0.0038112215188927934,0.00013485606803622044,-0.00013485606803622044,-1.7687817842828052e-05
0.0,0.0025564722015867236,0.00010530370377493701,-0.00010530370377493701,1.186454641845538e-05
0.0,0.0008282942843145236,0.00011332414972623636,-0.00011332414972623636,3.844100467156035e-06
0.0,-0.003736037754951127,0.0001345071413955762,-0.0001345071413955762,-1.733889120218379e-05
0.0,0.00037381693747806644,0.00011543337179183552,-0.00011543337179183552,1.7348784015568717e-06
0.0,-0.00013640921141577778,0.00011780132315219198,-0.00011780132315219198,-6.33072958799582e-07
0.0,0.01254056989753427,5.896766676016307e-05,-5.896766676016307e-05,5.8200583433229326e-05
0.0,0.0016404581697111453,0.00010955491018132735,-0.00010955491018132735,7.613340012065052e-06
0.0,-0.0014798348405500317,0.00012403613991519572,-0.00012403613991519572,-6.86788972180332e-06
0.0,-0.005723033522392118,0.00014372875683166264,-0.00014372875683166264,-2.6560506638270226e-05
0.0,-0.0038058649299111957,0.00013483120819280915,-0.00013483120819280915,-1.7662957999416766e-05
0.0,0.003885449938943575,9.913593944557032e-05,-9.913593944557032e-05,1.8032310747822083e-05
0.0,-0.003569960525698801,0.00013373637964260673,-0.00013373637964260673,-1.656812944921433e-05
0.0,-0.0011529207361400395,0.00012251893680842509,-0.00012251893680842509,-5.350686615032694e-06
0.0,0.002776056134700333,0.00010428461826891962,-0.00010428461826891962,1.2883631924472778e-05
0.0,-0.005176618120080079,0.00014119285172756394,-0.00014119285172756394,-2.4024601534171546e-05
0.0,-0.014281601380197961,0.00018344893276841357,-0.00018344893276841357,-6.628068257502116e-05
0.0,-0.0033045953891290836,0.0001325048243068135,-0.0001325048243068135,-1.5336574113421114e-05
0.0,-0.005900302398330837,0.00014455145883711254,-0.00014455145883711254,-2.7383208643720135e-05
0.0,0.0038211953199089876,9.94341441002749e-05,-9.94341441002749e-05,1.7734106093117503e-05
0.0,-0.005779602928505545,0.0001439912945366612,-0.0001439912945366612,-2.6823044343268793e-05
0.0,0.008619376484360286,7.71658623976782e-05,-7.71658623976782e-05,4.0002387795714195e-05
0.0,0.003947010921615535,9.885023591395207e-05,-9.885023591395207e-05,1.8318014279440328e-05
0.0,-0.00403965777164117,0.00013591623701545243,-0.00013591623701545243,-1.8747986822060026e-05
0.0,-0.015874194741040237,0.00019084013297145477,-0.00019084013297145477,-7.367188277806238e-05
0.0,0.002747645185721348,0.00010441647302671606,-0.00010441647302671606,1.2751777166676342e-05
0.0,0.0019634016027962886,0.00010805613489638747,-0.00010805613489638747,9.11211529700493e-06
0.0,-0.0031743183568806455,0.00013190021069301757,-0.00013190021069301757,-1.4731960499625177e-05
0.0,0.004164221602432239,9.784216463371888e-05,-9.784216463371888e-05,1.9326085559673513e-05
0.0,0.008116953209842404,7.949760074340712e-05,-7.949760074340712e-05,3.767064944998528e-05
0.0,0.0012098628337211537,0.0001115532962182468,-0.0001115532962182468,5.6149539751455965e-06
0.0,5.443114110303959e-05,0.00011691563614195633,-0.00011691563614195633,2.5261405143606846e-07
0.0,0.009992880823750605,7.079145082358328e-05,-7.079145082358328e-05,4.637679936980911e-05
0.0,0.007345789391592916,8.307655963534245e-05,-8.307655963534245e-05,3.409169055804994e-05
0.0,0.0030522833735622257,0.00010300265209088547,-0.00010300265209088547,1.416559810250693e-05
0.0,-0.0033804153149811222,0.00013285670336466403,-0.00013285670336466403,-1.5688453171271623e-05
0.0,0.002714679741101511,0.00010456946512561482,-0.00010456946512561482,1.2598785067777587e-05
0.0,0.0056931530442476674,9.07464183741679e-05,-9.07464183741679e-05,2.64218318192245e-05
0.0,0.004217739327674108,9.75937897306207e-05,-9.75937897306207e-05,1.9574460462771698e-05
0.0,0.012177672896303449,6.065186591302262e-05,-6.065186591302262e-05,5.651638428036978e-05
0.0,-0.0018429538196846895,0.00012572136926394096,-0.00012572136926394096,-8.55311907054855e-06
0.0,-0.007216886263627376,0.00015066170340535188,-0.00015066170340535188,-3.349345321195949e-05
0.0,-0.004719586526811925,0.00013907177544530863,-0.00013907177544530863,-2.1903525251916235e-05
0.0,-0.0025971430708935372,0.000129221549462933,-0.000129221549462933,-1.2053299269540606e-05
0.0,-0.00273946595048713,0.00012988206766074417,-0.00012988206766074417,-1.2713817467351775e-05
0.0,0.0034854258676535466,0.00010099244473413722,-0.00010099244473413722,1.6175805459255174e-05
0.0,-0.004073801130465626,0.0001360746957952519,-0.0001360746957952519,-1.8906445601859514e-05
0.0,-0.0060292307798877065,0.00014514981338471463,-0.00014514981338471463,-2.7981563191322248e-05
0.0,0.007998543475556064,8.004713841800622e-05,-8.004713841800622e-05,3.712111177538617e-05
0.0,-0.0006666695473820372,0.00012026225285290713,-0.00012026225285290713,-3.0940026595147372e-06
0.0,-0.008979414583967338,0.00015884156902545778,-0.00015884156902545778,-4.167331883206539e-05
0.0,0.0070532243451535415,8.443434931588077e-05,-8.443434931588077e-05,3.273390087751163e-05
0.0,-0.008506361953748875,0.00015664613936809018,-0.00015664613936809018,-3.947788917469778e-05
0.0,-0.012332078852067663,0.0001744012300339695,-0.0001744012300339695,-5.72329798405771e-05
0.0,0.0005739063518743759,0.00011450476003401038,-0.00011450476003401038,2.6634901593820173e-06
0.0,0.02183049604365883,1.5853268756419286e-05,-1.5853268756419286e-05,0.00010131498143697311
0.0,0.006286271807078414,8.799376372418011e-05,-8.799376372418011e-05,2.917448646921229e-05
0.0,0.004074720335558668,9.825753857546288e-05,-9.825753857546288e-05,1.8910711617929514e-05
0.0,-0.007063723409320266,0.00014995087705903687,-0.00014995087705903687,-3.278262686564447e-05
0.0,0.013827532394934838,5.2994894484468795e-05,-5.2994894484468795e-05,6.41733557089236e-05
0.0,0.0067439531397044394,8.586967201200282e-05,-8.586967201200282e-05,3.1298578181389583e-05
0.0,0.006548755402622897,8.677558157399375e-05,-8.677558157399375e-05,3.0392668619398654e-05
0.0,9.173641713244862e-05,0.0001167425029552041,-0.0001167425029552041,4.257472381883045e-07
0.0,0.005737513079636436,9.054054416256188e-05,-9.054054416256188e-05,2.6627706030830518e-05
0.0,-0.004724557241463034,0.0001390948444521511,-0.0001390948444521511,-2.19265942587587e-05
0.0,0.003258134764679621,0.00010204729909166252,-0.00010204729909166252,1.512095110172987e-05
0.0,0.004394843515520774,9.677185203996034e-05,-9.677185203996034e-05,2.039639815343206e-05
0.0,0.001329699787098182,0.00011099713484277573,-0.00011099713484277573,6.171115350616666e-06
0.0,0.00558419502875096,9.125209077370392e-05,-9.125209077370392e-05,2.5916159419688487e-05
0.0,-0.004875923596155185,0.00013979733327261344,-0.00013979733327261344,-2.2629083079221033e-05
0.0,-0.0038393812241105385,0.00013498675677575713,-0.00013498675677575713,-1.7818506582364742e-05
0.0,0.002903421198789946,0.00010369351905256872,-0.00010369351905256872,1.3474731140823672e-05
0.0,0.003570558689741876,0.00010059734467446352,-0.00010059734467446352,1.657090551892888e-05
0.0,-0.0028055878101066467,0.00013018893814900663,-0.00013018893814900663,-1.3020687955614245e-05
0.0,0.004265540341705787,9.737194599241143e-05,-9.737194599241143e-05,1.979630420098097e-05
0.0,-0.013182771972194418,0.00017834928313829822,-0.00017834928313829822,-6.118103294490582e-05
0.0,0.013427559516743681,5.485116218668625e-05,-5.485116218668625e-05,6.231708800670615e-05
0.0,0.000722931253898329,0.00011381313785776628,-0.00011381313785776628,3.3551123356261177e-06
0.0,-0.0023703916199453445,0.00012816919962178975,-0.00012816919962178975,-1.100094942839735e-05
0.0,0.008095344244797742,7.959788760303658e-05,-7.959788760303658e-05,3.757036259035581e-05
0.0,0.00483725876385388,9.471860997974053e-05,-9.471860997974053e-05,2.2449640213651873e-05
0.0,0.004222034052096646,9.757385798356941e-05,-9.757385798356941e-05,1.9594392209822985e-05
0.0,-0.00369819718572606,0.00013433152392170226,-0.00013433152392170226,-1.716327372830986e-05
0.0,-0.0020429655768170463,0.00012664962061565164,-0.00012664962061565164,-9.481370422259236e-06
0.0,-0.0036356111002209257,0.0001340410629043033,-0.0001340410629043033,-1.6872812710910885e-05
0.0,0.00812856425584818,7.944371406542295e-05,-7.944371406542295e-05,3.7724536127969446e-05
0.0,0.004961457973002625,9.414220344531151e-05,-9.414220344531151e-05,2.3026046748080893e-05
0.0,-0.0012633420978621634,0.00012303140057428496,-0.00012303140057428496,-5.8631503808925585e-06
0.0,0.00014980445507073448,0.00011647301012398152,-0.00011647301012398152,6.952400694108814e-07
0.0,0.0024850813860768373,0.00010563502740284219,-0.00010563502740284219,1.1533222790550209e-05
0.0,-0.0007856896412440362,0.0001208146231964916,-0.0001208146231964916,-3.646373003099206e-06
0.0,-0.002719020284730922,0.0001297871796544243,-0.0001297871796544243,-1.2618929461031898e-05
0.0,-0.0031928479771501372,0.0001319862063630144,-0.0001319862063630144,-1.4817956169622013e-05
0.0,-0.0013034931835718133,0.00012321774111804596,-0.00012321774111804596,-6.049490924653547e-06
0.0,-0.004339572538419101,0.0001373081366300105,-0.0001373081366300105,-2.0139886436618096e-05
0.0,0.011237870620775636,6.501347317605058e-05,-6.501347317605058e-05,5.215477701734182e-05
0.0,0.0018171001772671058,0.00010873511746197134,-0.00010873511746197134,8.433132731421066e-06
0.0,-0.003179659038540561,0.00013192499671080447,-0.00013192499671080447,-1.4756746517412083e-05
0.0,-0.01131687458772268,0.0001696896833521558,-0.0001696896833521558,-5.25214331587634e-05
0.0,-0.0037705618911193506,0.000134667367356911,-0.000134667367356911,-1.7499117163518606e-05
0.0,-0.00010141014414954963,0.00011763889304326098,-0.00011763889304326098,-4.706428498685816e-07
0.0,0.006320039831068547,8.783704686731705e-05,-8.783704686731705e-05,2.9331203326075344e-05
0.0,-0.003100987910356179,0.00013155988526873343,-0.00013155988526873343,-1.4391635075341043e-05
0.0,0.01664796429762072,3.9905315333661084e-05,-3.9905315333661084e-05,7.726293485973131e-05
0.0,-0.0005799292044108562,0.00011985969231464054,-0.00011985969231464054,-2.6914421212481506e-06
0.0,0.0048187283492318045,9.480460933631495e-05,-9.480460933631495e-05,2.2363640857077457e-05
0.0,0.00531812014989308,9.248694001205465e-05,-9.248694001205465e-05,2.4681310181337744e-05
0.0,0.0029157468493599126,0.00010363631590628211,-0.00010363631590628211,1.3531934287110286e-05
0.0,0.004745529147706984,9.514432565466415e-05,-9.514432565466415e-05,2.202392453872826e-05
0.0,-0.00033658435338035364,0.00011873033277028425,-0.00011873033277028425,-1.5620825768918594e-06
0.0,-0.00017925389411521664,0.00011800016463631059,-0.00011800016463631059,-8.31914442918196e-07
0.0,0.003959675229718407,9.879146106349569e-05,-9.879146106349569e-05,1.8376789129896707e-05
0.0,-0.008861912729460575,0.00015829624480633082,-0.00015829624480633082,-4.112799461293842e-05
0.0,-0.00033296507498215,0.00011871353575738103,-0.00011871353575738103,-1.5452855639886298e-06
0.0,-0.0025117674736410134,0.0001288253226876224,-0.0001288253226876224,-1.1657072494229997e-05
0.0,0.006081764662643874,8.894287809614292e-05,-8.894287809614292e-05,2.822537209724948e-05
0.0,-0.0002122089839386998,0.00011815310867876582,-0.00011815310867876582,-9.84858485373421e-07
0.0,0.0003483091890779111,0.00011555175284238483,-0.00011555175284238483,1.6164973510075692e-06
0.0,0.002306686808393188,0.0001064629537720062,-0.0001064629537720062,1.0705296421386206e-05
0.0,-0.012576216507389826,0.00017553426897030718,-0.00017553426897030718,-5.836601877691478e-05
0.0,0.010817971767347556,6.696221700923662e-05,-6.696221700923662e-05,5.020603318415579e-05
0.0,0.005166188100786506,9.319205421120658e-05,-9.319205421120658e-05,2.3976195982185818e-05
0.0,-0.0013471203041567348,0.00012342021388382141,-0.00012342021388382141,-6.25196369042901e-06
0.0,-0.0038951743709020326,0.00013524569187371304,-0.00013524569187371304,-1.8077441680320634e-05
0.0,0.0027737519941737343,0.00010429531174808811,-0.00010429531174808811,1.2872938445304295e-05
0.0,0.0005748652214816463,0.00011450030993556704,-0.00011450030993556704,2.6679402578253503e-06
0.0,-0.00888957673985069,0.0001584246330341357,-0.0001584246330341357,-4.1256382840743305e-05
0.0,-0.02087544856898549,0.0002140508716430136,-0.0002140508716430136,-9.68826214496212e-05
0.0,-0.004876293940238585,0.000139799052033555,-0.000139799052033555,-2.2630801840162605e-05
0.0,0.00614065260021901,8.86695801238772e-05,-8.86695801238772e-05,2.849867006951519e-05
0.0,-0.010209232261157553,0.00016454913310857356,-0.00016454913310857356,-4.7380882915181156e-05
0.0,0.011267044743841437,6.487807653957745e-05,-6.487807653957745e-05,5.2290173653814956e-05
0.0,-0.0064652996420466735,0.00014717360196865343,-0.00014717360196865343,-3.0005351775261042e-05
0.0,-0.02283191982018462,0.00022313082328959057,-0.00022313082328959057,-0.00010596257309619816
0.0,0.007641088938743268,8.170607918093359e-05,-8.170607918093359e-05,3.5462171012458806e-05
0.0,-0.0020282227794392593,0.0001265811995298608,-0.0001265811995298608,-9.412949336468407e-06
0.0,0.012439792925644788,5.9435371067744446e-05,-5.9435371067744446e-05,5.773287912564795e-05
0.0,0.013301886798946505,5.543440725108108e-05,-5.543440725108108e-05,6.173384294231132e-05
0.0,0.0015692347655638095,0.00010988545685578834,-0.00010988545685578834,7.2827933376040554e-06
0.0,0.011062113608869106,6.582915864481482e-05,-6.582915864481482e-05,5.1339091548577575e-05
0.0,-0.00026926239009483766,0.00011841789262018727,-0.00011841789262018727,-1.2496424267948636e-06
0.0,0.005810025082904069,9.020401712028462e-05,-9.020401712028462e-05,2.6964233073107778e-05
0.0,0.004809216724759979,9.484875263268673e-05,-9.484875263268673e-05,2.2319497560705664e-05
0.0,0.0011584739056558213,0.00011179179140784728,-0.00011179179140784728,5.37645878554511e-06
0.0,-0.006524484290135191,0.00014744827696964516,-0.00014744827696964516,-3.028002677625277e-05
0.0,0.006031458262132583,8.917634929275564e-05,-8.917634929275564e-05,2.7991900900636755e-05
0.0,-0.0019187235651341172,0.00012607301543534908,-0.00012607301543534908,-8.90476524195668e-06
0.0,0.00618651346579302,8.845674058349196e-05,-8.845674058349196e-05,2.8711509609900438e-05
0.0,-0.0013476817370097205,0.00012342281948467284,-0.00012342281948467284,-6.254569291280433e-06
0.0,2.1699977565736717e-05,0.00011706754094611472,-0.00011706754094611472,1.0070924727768441e-07
0.0,0.004948082937896281,9.420427676837334e-05,-9.420427676837334e-05,2.2963973425019058e-05
0.0,0.0027826887923012578,0.00010425383621154577,-0.00010425383621154577,1.2914413981846627e-05
0.0,-0.007378510346287226,0.0001514117981765244,-0.0001514117981765244,-3.4243547983132e-05
0.0,0.01526770113133269,4.631109451480936e-05,-4.631109451480936e-05,7.085715567858304e-05
0.0,-5.335132643191631e-05,0.00011741585284228674,-0.00011741585284228674,-2.4760264889434725e-07
0.0,0.0017184082710823834,0.00010919314501311299,-0.00010919314501311299,7.97510518027941e-06
0.0,0.0005380892952486782,0.00011467098641841788,-0.00011467098641841788,2.49726377497452e-06
0.0,-0.0004632463094992323,0.00011931816887383824,-0.00011931816887383824,-2.1499186804458353e-06
0.0,-0.005082138985368356,0.00014075437558115132,-0.00014075437558115132,-2.358612538775893e-05
0.0,0.00030517087837123036,0.00011575195704936799,-0.00011575195704936799,1.416293144024409e-06
0.0,-0.011701095130556172,0.00017147284471903578,-0.00017147284471903578,-5.430459452564339e-05
0.0,-0.0028217776974703845,0.00013026407515617512,-0.00013026407515617512,-1.3095824962782722e-05
0.0,0.009613634629240364,7.255152631980678e-05,-7.255152631980678e-05,4.461672387358562e-05
0.0,0.0072196189337276895,8.366211470339704e-05,-8.366211470339704e-05,3.350613548999536e-05
0.0,-0.006131649335692324,0.00014562513625687452,-0.00014562513625687452,-2.845688606348211e-05
0.0,0.006040504799839086,8.913436445659021e-05,-8.913436445659021e-05,2.8033885736802192e-05
0.0,-0.0029326714097337447,0.00013077873109330865,-0.00013077873109330865,-1.3610480899916267e-05
0.0,-0.004864709743258144,0.00013974528996146612,-0.00013974528996146612,-2.2577039768073706e-05
0.0,0.004403939814465518,9.672963626268763e-05,-9.672963626268763e-05,2.0438613930704773e-05
0.0,-0.007000319763734719,0.0001496566217584386,-0.0001496566217584386,-3.24883715650462e-05
0.0,-0.0019000838946738874,0.00012598650902418497,-0.00012598650902418497,-8.818258830792558e-06
0.0,0.0046402218845611465,9.563305497118822e-05,-9.563305497118822e-05,2.1535195222204182e-05
0.0,0.007924102207026662,8.039261914937019e-05,-8.039261914937019e-05,3.677563104402222e-05
0.0,0.0070393485966973035,8.449874644155562e-05,-8.449874644155562e-05,3.2669503751836775e-05
0.0,0.002853326841976367,0.0001039260061577868,-0.0001039260061577868,1.3242244035605596e-05
0.0,-0.0011264502910314222,0.0001223960878979173,-0.0001223960878979173,-5.22783770452491e-06
0.0,-0.012537288005457836,0.0001753536024182178,-0.0001753536024182178,-5.8185352224825396e-05
0.0,-0.010750112394172895,0.00016705934911678903,-0.00016705934911678903,-4.989109892339663e-05
0.0,0.0037505537703756975,9.976199039681946e-05,-9.976199039681946e-05,1.740625979657294e-05
0.0,0.010918212704340347,6.649700043099953e-05,-6.649700043099953e-05,5.067124976239288e-05
0.0,-0.020884795550912827,0.00021409425083598137,-0.00021409425083598137,-9.692600064258897e-05
0.0,-0.009486773662544357,0.00016119621435853264,-0.00016119621435853264,-4.402796416514025e-05
0.0,0.008217286225508769,7.903195682952518e-05,-7.903195682952518e-05,3.813629336386722e-05
0.0,0.006757307791485534,8.580769328762601e-05,-8.580769328762601e-05,3.136055690576639e-05
0.0,0.010488490558689278,6.849133400558361e-05,-6.849133400558361e-05,4.867691618780878e-05
0.0,0.001363852909705754,0.00011083863074941565,-0.00011083863074941565,6.32961944397674e-06
0.0,0.003775123551313042,9.964796243819684e-05,-9.964796243819684e-05,1.7520287755195558e-05
0.0,0.004092139025126507,9.817669871700559e-05,-9.817669871700559e-05,1.899155147638681e-05
0.0,-0.002213313863220212,0.00012744020427624464,-0.00012744020427624464,-1.0271954082852242e-05
0.0,0.0017169605671216726,0.00010919986378393763,-0.00010919986378393763,7.968386409454768e-06
0.0,-0.008096390978489132,0.00015474347065799442,-0.00015474347065799442,-3.757522046460203e-05
0.0,0.0032360358580392212,0.00010214985976236703,-0.00010214985976236703,1.5018390431025374e-05
0.0,0.004760757069291355,9.507365311522396e-05,-9.507365311522396e-05,2.209459707816844e-05
0.0,0.002992016977140688,0.00010328234746851272,-0.00010328234746851272,1.3885902724879679e-05
0.0,-0.0001432614814260713,0.00011783312442722969,-0.00011783312442722969,-6.648742338372913e-07
0.0,-0.0013484450597095465,0.00012342636205306013,-0.00012342636205306013,-6.2581118596677315e-06
0.0,0.001871216126306141,0.00010848396621184083,-0.00010848396621184083,8.684283981551575e-06
0.0,-0.008988392160571124,0.00015888323381425335,-0.00015888323381425335,-4.171498362086096e-05
0.0,0.005616468420812426,9.11023104796109e-05,-9.11023104796109e-05,2.6065939713781502e-05
0.0,-0.0013736249452109828,0.0001235432214971635,-0.0001235432214971635,-6.3749713037711165e-06
0.0,0.001519476431128819,0.00011011638448654551,-0.00011011638448654551,7.051865706846892e-06
0.0,0.009672737603931392,7.227723036374074e-05,-7.227723036374074e-05,4.489101982965166e-05
0.0,0.0004217577030636299,0.00011521087946890976,-0.00011521087946890976,1.957370724482649e-06
0.0,-0.004701005088166399,0.00013898553928706108,-0.00013898553928706108,-2.181728909366867e-05
0.0,-0.00936180703333589,0.00016061624623993486,-0.00016061624623993486,-4.344799604654247e-05
0.0,0.00374696520677964,9.977864486281936e-05,-9.977864486281936e-05,1.7389605330573043e-05
0.0,0.0038447864907102947,9.932465785557249e-05,-9.932465785557249e-05,1.784359233781991e-05
0.0,-0.00649839809746755,0.00014732721136854305,-0.00014732721136854305,-3.015896117515064e-05
0.0,0.008116098951240547,7.950156534385487e-05,-7.950156534385487e-05,3.766668484953753e-05
0.0,0.0023622298736216685,0.00010620517929856675,-0.00010620517929856675,1.0963070894825653e-05
0.0,0.004248391856225497,9.745153183803917e-05,-9.745153183803917e-05,1.9716718355353225e-05
0.0,0.005987805879090757,8.937893930118776e-05,-8.937893930118776e-05,2.7789310892204637e-05
0.0,-0.0011140717108722997,0.0001223386391062577,-0.0001223386391062577,-5.170388912865324e-06
0.0,0.0053671102654548886,9.225957767274667e-05,-9.225957767274667e-05,2.4908672520645722e-05
0.0,0.0018436779311643559,0.0001086117705330994,-0.0001086117705330994,8.556479660293005e-06
0.0,0.0007278261010281728,0.00011379042095087121,-0.00011379042095087121,3.377829242521186e-06
0.0,-0.00037921654875650024,0.00011892818810414903,-0.00011892818810414903,-1.7599379107566314e-06
0.0,0.001891663548679423,0.00010838907005308933,-0.00010838907005308933,8.779180140303074e-06
0.0,0.006525279593556643,8.688453242673702e-05,-8.688453242673702e-05,3.0283717766655375e-05
0.0,0.004627758701298612,9.569089640449161e-05,-9.569089640449161e-05,2.147735378890079e-05
0.0,0.0009387712266117898,0.00011281142801182015,-0.00011281142801182015,4.356822181572246e-06
0.0,-0.00024598362294592224,0.00011830985623581692,-0.00011830985623581692,-1.1416060424245203e-06
0.0,-0.0035370410325543666,0.00013358360080376711,-0.00013358360080376711,-1.641535061037472e-05
0.0,-0.00708889350376507,0.0001500676910630037,-0.0001500676910630037,-3.289944086961131e-05
0.0,0.003134561695468774,0.00010262079972069855,-0.00010262079972069855,1.4547450472693847e-05
0.0,0.0008367051734305964,0.00011328511492496757,-0.00011328511492496757,3.883135268424827e-06
0.0,0.0021725690603942027,0.00010708539208590024,-0.00010708539208590024,1.0082858107492152e-05
0.0,0.007718881307192449,8.134504604867656e-05,-8.134504604867656e-05,3.582320414471584e-05
0.0,0.0012774785766593855,0.00011123949264150105,-0.00011123949264150105,5.928757551891348e-06
0.0,0.0017300583227324307,0.00010913907731056038,-0.00010913907731056038,8.029172882832015e-06
0.0,-0.00013246407875799893,0.00011778301385490483,-0.00011778301385490483,-6.14763661512434e-07
0.0,-0.006435310620591883,0.00014703442340184816,-0.00014703442340184816,-2.986617320845575e-05
0.0,0.0048975112174378665,9.443897931059836e-05,-9.443897931059836e-05,2.2729270882794035e-05
0.0,-0.00117888399729138,0.00012263943188633495,-0.00012263943188633495,-5.471181692942544e-06
0.0,0.001910868625069062,0.00010829993960208993,-0.00010829993960208993,8.868310591302474e-06
0.0,-0.0003722566922789161,0.00011889588752204497,-0.00011889588752204497,-1.7276373286525773e-06
0.0,0.006677770440579822,8.617682485543109e-05,-8.617682485543109e-05,3.099142533796131e-05
0.0,0.0006588129971369927,0.00011411070965735133,-0.00011411070965735133,3.057540536041068e-06
0.0,0.005479508115899812,9.173794105447612e-05,-9.173794105447612e-05,2.5430309138916284e-05
0.0,-0.003923521850109468,0.00013537725206931933,-0.00013537725206931933,-1.8209001875926936e-05
0.0,-0.00704880201475111,0.00014988162710655,-0.00014988162710655,-3.271337691315761e-05
0.0,0.004644267890169251,9.56142775241591e-05,-9.56142775241591e-05,2.1553972669233295e-05
0.0,-0.004131071874054704,0.00013634048839620815,-0.00013634048839620815,-1.9172238202815754e-05
0.0,0.0014709227452411877,0.00011034172136274676,-0.00011034172136274676,6.826528830645634e-06
0.0,0.004843552990250188,9.468939857615048e-05,-9.468939857615048e-05,2.2478851617241913e-05
0.0,-0.0019320956634630848,0.0001261350751288743,-0.0001261350751288743,-8.966824935481887e-06
0.0,0.004201084929208676,9.767108252634988e-05,-9.767108252634988e-05,1.9497167667042515e-05
0.0,-0.01183402645755216,0.0001720897768721145,-0.0001720897768721145,-5.4921526678722104e-05
0.0,0.010264935568841116,6.952884912211202e-05,-6.952884912211202e-05,4.763940107128038e-05
0.0,-0.0023202504717819705,0.00012793649535866898,-0.00012793649535866898,-1.0768245165276568e-05
0.0,0.005016150134305564,9.388837800332093e-05,-9.388837800332093e-05,2.3279872190071466e-05
0.0,0.0017544380056517817,0.0001090259315937854,-0.0001090259315937854,8.142318599607003e-06
0.0,0.00048815592189166424,0.00011490272640200019,-0.00011490272640200019,2.265523791392204e-06
0.0,-0.004849150767687549,0.00013967308100579416,-0.00013967308100579416,-2.250483081240176e-05
0.0,0.0002881549022029084,0.00011583092792140762,-0.00011583092792140762,1.337322271984775e-06
0.0,-0.004527786939807377,0.00013818163664323457,-0.00013818163664323457,-2.1013386449842176e-05
0.0,6.091277451791832e-05,0.00011688555498540375,-0.00011688555498540375,2.8269520798864493e-07
0.0,-0.019999240340662028,0.00020998440333143805,-0.00020998440333143805,-9.281615313804563e-05
0.0,-0.002859121137017251,0.00013043738545919878,-0.00013043738545919878,-1.326913526580639e-05
0.0,0.007189032358413172,8.380406650806576e-05,-8.380406650806576e-05,3.3364183685326634e-05
0.0,-0.009685469956760784,0.0001621183606679831,-0.0001621183606679831,-4.49501104745907e-05
0.0,1.563854864095049e-05,0.00011709567194037925,-0.00011709567194037925,7.257825301314355e-08
0.0,-0.0055566200056119674,0.00014295643437367892,-0.00014295643437367892,-2.5788184180286512e-05
0.0,0.011531402436471216,6.365119673492514e-05,-6.365119673492514e-05,5.351705345846727e-05
0.0,0.0027594252503462258,0.00010436180193603589,-0.00010436180193603589,1.2806448257356507e-05
0.0,-0.00163664161317445,0.0001247638776278827,-0.0001247638776278827,-7.5956274344903075e-06
0.0,0.006707160027472625,8.60404282547982e-05,-8.60404282547982e-05,3.1127821938594195e-05
0.0,0.004345814053963171,9.699939698340272e-05,-9.699939698340272e-05,2.0168853209989684e-05
0.0,-6.137292417629503e-05,0.00011745308094855338,-0.00011745308094855338,-2.848307551609781e-07
0.0,0.008531672245722488,7.757289636024881e-05,-7.757289636024881e-05,3.959535383314359e-05
0.0,0.005000651911710952,9.396030500540733e-05,-9.396030500540733e-05,2.3207945187985076e-05
0.0,0.002477812999687634,0.00010566875986730961,-0.00010566875986730961,1.1499490326082789e-05
0.0,0.0029498896671826813,0.00010347785963726277,-0.00010347785963726277,1.3690390556129632e-05
0.0,-0.0019925870761225983,0.00012641581480324715,-0.00012641581480324715,-9.247564609854753e-06
0.0,0.004787778824361766,9.494824558404015e-05,-9.494824558404015e-05,2.222000460935225e-05
0.0,0.0010510808940034089,0.00011229020064968333,-0.00011229020064968333,4.8780495437090635e-06
0.0,4.9987292607633904e-05,0.00011693625997143416,-0.00011693625997143416,2.3199022195824367e-07
0.0,-0.0016899010514689339,0.0001250110538254074,-0.0001250110538254074,-7.842803632014991e-06
0.0,0.00332041473363498,0.00010175825875625337,-0.00010175825875625337,1.540999143713903e-05
0.0,-0.0005440661600049079,0.00011969325250168369,-0.00011969325250168369,-2.5250023082912932e-06
0.0,-0.0007791410646480479,0.00012078423135771093,-0.00012078423135771093,-3.6159811643185264e-06
0.0,-0.0015344207755288997,0.00012428947236252277,-0.00012428947236252277,-7.121222169130382e-06
0.0,0.005035885365550108,9.379678711215672e-05,-9.379678711215672e-05,2.337146308123567e-05
0.0,-0.003073114142502442,0.0001314305235599096,-0.0001314305235599096,-1.4262273366517203e-05
0.0,-0.006545009043329442,0.0001475435320194945,-0.0001475435320194945,-3.0375281826102084e-05
0.0,0.0036460744169486414,0.00010024687739763884,-0.00010024687739763884,1.6921372795753556e-05
0.0,0.0008819054148185845,0.00011307534133081688,-0.00011307534133081688,4.092908862575516e-06
0.0,-0.005962558462297207,0.00014484038822985183,-0.00014484038822985183,-2.7672138036459425e-05
0.0,-0.0007101514711097545,0.00012046405176240086,-0.00012046405176240086,-3.295801569008468e-06
0.0,0.007484376300642026,8.243338001681077e-05,-8.243338001681077e-05,3.473487017658163e-05
0.0,0.0012956437010964716,0.00011115518859080687,-0.00011115518859080687,6.013061602585527e-06
0.0,0.0048911800862372345,9.44683619887924e-05,-9.44683619887924e-05,2.2699888204599995e-05
0.0,-0.00047726958102545236,0.00011938325065171095,-0.00011938325065171095,-2.215000458318552e-06
0.0,-0.00801332329681892,0.00015435795488182523,-0.00015435795488182523,-3.718970468843282e-05
0.0,-0.0057765015647701645,0.00014397690115738795,-0.00014397690115738795,-2.6808650963995552e-05
0.0,0.00783249148610099,8.081778303348211e-05,-8.081778303348211e-05,3.6350467159910286e-05
0.0,-0.016168772358634453,0.00019220726296239124,-0.00019220726296239124,-7.503901276899884e-05
0.0,0.008575824615237426,7.736798592262713e-05,-7.736798592262713e-05,3.980026427076526e-05
0.0,-0.002546802239196233,0.00012898791847173912,-0.00012898791847173912,-1.1819668278346723e-05
0.0,-0.002785928622506484,0.00013009770017517438,-0.00013009770017517438,-1.292944998178199e-05
0.0,-0.013248560995234304,0.00017865460893734156,-0.00017865460893734156,-6.148635874394915e-05
0.0,5.143341477165109e-06,0.00011714438002822341,-0.00011714438002822341,2.3870165168984404e-08
0.0,0.0111655096821337,6.534929912982678e-05,-6.534929912982678e-05,5.181895106356561e-05
0.0,-0.0015651598591330806,0.00012443213195571383,-0.00012443213195571383,-7.26388176232143e-06
0.0,-0.015126053030587783,0.00018736801931196087,-0.00018736801931196087,-7.019976911856846e-05
0.0,0.017461650296527242,3.612901168440501e-05,-3.612901168440501e-05,8.103923850898739e-05
0.0,-0.02066141501469354,0.00021305754535594205,-0.00021305754535594205,-9.588929516254964e-05
0.0,-0.011451012338901223,0.00017031221450048483,-0.00017031221450048483,-5.314396430709244e-05
0.0,-0.016467929557809624,0.00019359564671787505,-0.00019359564671787505,-7.642739652448265e-05
0.0,0.0015788647774723774,0.0001098407641252245,-0.0001098407641252245,7.327486068167903e-06
0.0,-0.008100314924121665,0.0001547616816266378,-0.0001547616816266378,-3.759343143324538e-05
0.0,0.0001449777086941495,0.00011649541097637473,-0.00011649541097637473,6.728392170176655e-07
0.0,0.012884107385910504,5.737331479545577e-05,-5.737331479545577e-05,5.979493539793663e-05
0.0,0.00914265720638352,7.473732497314682e-05,-7.473732497314682e-05,4.243092522024558e-05
0.0,0.019574487182363987,2.632336963945106e-05,-2.632336963945106e-05,9.084488055394134e-05
0.0,-0.0072993302004167315,0.00015104432439154935,-0.00015104432439154935,-3.3876074198156956e-05
0.0,0.012303377138681793,6.006847454355303e-05,-6.006847454355303e-05,5.709977564983937e-05
0.0,0.007053449392805167,8.443330487334491e-05,-8.443330487334491e-05,3.273494532004748e-05
0.0,-0.0015015683952100956,0.00012413700499322878,-0.00012413700499322878,-6.968754799836369e-06
0.0,0.011939073060167393,6.17592039194813e-05,-6.17592039194813e-05,5.54090462739111e-05
0.0,-0.0013853554985293615,0.0001235976628066656,-0.0001235976628066656,-6.429412613273205e-06
0.0,0.0062301242403934864,8.825434367916777e-05,-8.825434367916777e-05,2.891390651422464e-05
0.0,0.011731393541549506,6.272304122906559e-05,-6.272304122906559e-05,5.4445208964326804e-05
0.0,-0.00011892184463624389,0.00011772016456389848,-0.00011772016456389848,-5.519143705060899e-07
0.0,-0.0028298416808328897,0.00013030149997341457,-0.00013030149997341457,-1.3133249780022162e-05
0.0,0.005700497411807115,9.071233328230999e-05,-9.071233328230999e-05,2.6455916911082403e-05
0.0,0.0037755130048497954,9.964615499058924e-05,-9.964615499058924e-05,1.7522095202803153e-05
0.0,0.00034958621780534216,0.00011554582617257598,-0.00011554582617257598,1.6224240208164187e-06
0.0,0.003120184693883088,0.00010268752315409466,-0.00010268752315409466,1.4480727039297737e-05
0.0,0.0006966942090356198,0.00011393490356148232,-0.00011393490356148232,3.233346631910075e-06
0.0,-0.0007011166816754955,0.00012042212144977818,-0.00012042212144977818,-3.2538712563857822e-06
0.0,0.0005298447465655887,0.00011470924923640941,-0.00011470924923640941,2.4590009569829853e-06
0.0,0.00024027020881067784,0.00011605316001418493,-0.00011605316001418493,1.1150901792074695e-06
0.0,0.0007353590216279127,0.00011375546078738237,-0.00011375546078738237,3.4127894060100277e-06
0.0,0.005133983312177293,9.33415161177798e-05,-9.33415161177798e-05,2.382673407561261e-05
0.0,-0.0015011590075549863,0.00012413510503169812,-0.00012413510503169812,-6.966854838305721e-06
0.0,0.0019670962134916703,0.00010803898826750323,-0.00010803898826750323,9.129261925889168e-06
0.0,0.0052368773596394025,9.286398649647616e-05,-9.286398649647616e-05,2.4304263696916238e-05
0.0,0.0028640233144536786,0.00010387636400085584,-0.00010387636400085584,1.3291886192536553e-05
0.0,-0.0011500296768531815,0.00012250551944871895,-0.00012250551944871895,-5.337269255326555e-06
0.0,0.0028059818899186517,0.00010414573331970143,-0.00010414573331970143,1.3022516873690963e-05
0.0,-0.002542427180532325,0.0001289676138947642,-0.0001289676138947642,-1.1799363701371788e-05
0.0,-0.006829362527492333,0.0001488632119714244,-0.0001488632119714244,-3.1694961778032004e-05
0.0,0.006384461097458161,8.753806880491495e-05,-8.753806880491495e-05,2.9630181388477452e-05
0.0,0.0037647427417917267,9.969613960842007e-05,-9.969613960842007e-05,1.7472110584972333e-05
0.0,-0.0011618962070774064,0.00012256059182485664,-0.00012256059182485664,-5.39234163146424e-06
0.0,0.0016652165347093018,0.00010944000700710806,-0.00010944000700710806,7.72824318628434e-06
0.0,-0.007256565211683386,0.00015084585276584712,-0.00015084585276584712,-3.367760257245471e-05
0.0,-0.00023782354133117245,0.0001182719854281326,-0.0001182719854281326,-1.1037352347402073e-06
0.0,-0.01635096881921505,0.00019305283380900365,-0.00019305283380900365,-7.588458361561125e-05
0.0,0.0045356892119050585,9.611818942569298e-05,-9.611818942569298e-05,2.1050060767699422e-05
0.0,-0.016213587335965784,0.00019241524855224414,-0.00019241524855224414,-7.524699835885176e-05
0.0,-0.006342586611898127,0.00014660409276708922,-0.00014660409276708922,-2.9435842573696833e-05
0.0,-0.008489022887163578,0.00015656566903861574,-0.00015656566903861574,-3.939741884522333e-05
0.0,0.020352415732846962,2.271301573389388e-05,-2.271301573389388e-05,9.445523445949852e-05
0.0,0.02401520473971619,5.714070794834736e-06,-5.714070794834736e-06,0.00011145417939855766
0.0,0.004570048934014581,9.595872650736332e-05,-9.595872650736332e-05,2.1209523686029077e-05
0.0,0.003810463907886641,9.948394841107306e-05,-9.948394841107306e-05,1.7684301782319334e-05
0.0,0.0017463617463617798,0.00010906341338340713,-0.00010906341338340713,8.10483680998526e-06
0.0,-0.00013929653841071588,0.00011781472319039127,-0.00011781472319039127,-6.464729969988788e-07
0.0,0.003309574570383944,0.00010180856777975683,-0.00010180856777975683,1.5359682413635576e-05
0.0,0.0008617745425745227,0.00011316876838550397,-0.00011316876838550397,3.999481807888427e-06
0.0,-0.0048886047197381766,0.0001398561861634429,-0.0001398561861634429,-2.268793597005051e-05
0.0,-0.010310858415930158,0.00016502077846027358,-0.00016502077846027358,-4.7852528266881175e-05
0.0,-0.0003399636723855348,0.00011874601613549935,-0.00011874601613549935,-1.5777659421069615e-06
0.0,-0.018278105145113743,0.00020199664253851975,-0.00020199664253851975,-8.482839234512736e-05
0.0,-0.008893471722946522,0.00015844270958811148,-0.00015844270958811148,-4.1274459394719095e-05
0.0,0.01162984267174294,6.319433718444766e-05,-6.319433718444766e-05,5.397391300894473e-05
0.0,0.017888280629516196,3.414902716271655e-05,-3.414902716271655e-05,8.301922303067585e-05
0.0,-0.008403811034715436,0.00015617020220031174,-0.00015617020220031174,-3.9001952006919337e-05
0.0,-0.008093685160912578,0.00015473091300208995,-0.00015473091300208995,-3.756266280869755e-05
0.0,-0.0025785552362955766,0.00012913528362117294,-0.00012913528362117294,-1.1967033427780545e-05
0.0,-0.005813067327385291,0.0001441466022742646,-0.0001441466022742646,-2.6978352080872203e-05
0.0,-0.009247875921837956,0.00016008749378174875,-0.00016008749378174875,-4.291924358835636e-05
0.0,0.013424199395820402,5.486675645391166e-05,-5.486675645391166e-05,6.230149373948074e-05
0.0,0.0015499523698385698,0.00010997494614458216,-0.00010997494614458216,7.1933040488102485e-06
0.0,0.004731623968765364,9.520885936674885e-05,-9.520885936674885e-05,2.1959390826643544e-05
0.0,0.015269721916580492,4.630171608293774e-05,-4.630171608293774e-05,7.086653411045466e-05
0.0,-0.005491522439307173,0.00014265431761423505,-0.00014265431761423505,-2.548606742084264e-05
0.0,0.002568460857030219,0.00010524806461761861,-0.00010524806461761861,1.1920185575773787e-05
0.0,-0.013387862410411011,0.00017930110456733305,-0.00017930110456733305,-6.213285437394065e-05
0.0,-0.013495609366348305,0.0001798011564589092,-0.0001798011564589092,-6.263290626551681e-05
0.0,0.009534685287099887,7.291792894837862e-05,-7.291792894837862e-05,4.425032124501378e-05
0.0,-0.012991965252009852,0.00017746375221518553,-0.00017746375221518553,-6.0295502021793125e-05
0.0,0.01296246371066978,5.70096643510234e-05,-5.70096643510234e-05,6.0158585842369e-05
0.0,0.014439495293299576,5.015478450419424e-05,-5.015478450419424e-05,6.701346568919816e-05
0.0,-0.0041560462088314765,0.0001364563938827005,-0.0001364563938827005,-1.92881436893081e-05
0.0,0.010291406686777416,6.940599708902176e-05,-6.940599708902176e-05,4.7762253104370634e-05
0.0,-0.0034181723141418763,0.00013303193299121202,-0.00013303193299121202,-1.586368279781961e-05
0.0,-0.004247194360987749,0.0001368794109925847,-0.0001368794109925847,-1.971116079919231e-05
0.0,0.010675561019232394,6.76231430034448e-05,-6.76231430034448e-05,4.95451071899476e-05
0.0,-2.903358867545336e-05,0.00011730299461201758,-0.00011730299461201758,-1.3474441862518773e-07
0.0,0.009644506431775834,7.240825078018772e-05,-7.240825078018772e-05,4.475999941320468e-05
0.0,0.004074738491730789,9.825745431295975e-05,-9.825745431295975e-05,1.8910795880432654e-05
0.0,0.0015975744623728527,0.00010975393277816796,-0.00010975393277816796,7.414317415224439e-06
0.0,-0.0003143092177338991,0.00011862695422359374,-0.00011862695422359374,-1.4587040302013392e-06
0.0,-0.0010620573331896477,0.00012209724121503096,-0.00012209724121503096,-4.928991021638553e-06
0.0,0.006126533626735764,8.873510605299505e-05,-8.873510605299505e-05,2.8433144140397345e-05
0.0,-0.0003033391953459752,0.00011857604252592214,-0.00011857604252592214,-1.4077923325297452e-06
0.0,0.002758770892866691,0.00010436483879858631,-0.00010436483879858631,1.280341139480608e-05
0.0,-0.0007657236475081541,0.00012072196134031224,-0.00012072196134031224,-3.553711146919846e-06
0.0,-0.001476028227480719,0.00012401847348509335,-0.00012401847348509335,-6.85022329170096e-06
0.0,-0.0029563045487578377,0.0001308884121118588,-0.0001308884121118588,-1.372016191846641e-05
0.0,0.006124919257840311,8.874259831310441e-05,-8.874259831310441e-05,2.8425651880287993e-05
0.0,-0.0045385421527393,0.00013823155141367172,-0.00013823155141367172,-2.1063301220279332e-05
0.0,-0.00438850348301556,0.00013753522435781885,-0.00013753522435781885,-2.0366974164426455e-05
0.0,0.0011960799848387271,0.000111617262198492,-0.000111617262198492,5.5509879949003945e-06
0.0,-0.014173946589881803,0.00018294930861600446,-0.00018294930861600446,-6.578105842261207e-05
0.0,0.0039444211911976446,9.886225481121811e-05,-9.886225481121811e-05,1.8305995382174293e-05
0.0,-0.01696133008584244,0.000195885510642115,-0.000195885510642115,-7.87172604487226e-05
0.0,-0.0019176795748703235,0.00012606817029330627,-0.00012606817029330627,-8.899920099913864e-06
0.0,0.012601439566208406,5.868517160570294e-05,-5.868517160570294e-05,5.848307858768946e-05
0.0,-0.006074710968194674,0.00014536088620801906,-0.00014536088620801906,-2.8192636014626643e-05
0.0,0.013533671171787054,5.4358699700288076e-05,-5.4358699700288076e-05,6.280955049310432e-05
0.0,-0.003320173700583018,0.00013257712300000942,-0.00013257712300000942,-1.540887280661701e-05
0.0,0.012158421402569175,6.074121178617279e-05,-6.074121178617279e-05,5.642703840721961e-05
0.0,-0.004872579408787825,0.00013978181295276506,-0.00013978181295276506,-2.2613562759372677e-05
0.0,0.00901275466979845,7.534020055858525e-05,-7.534020055858525e-05,4.1828049634807156e-05
0.0,-0.0017457310425351702,0.00012527015991705047,-0.00012527015991705047,-8.10190972365807e-06
0.0,-0.006139421956948832,0.00014566120886726067,-0.00014566120886726067,-2.849295867386828e-05
0.0,-0.014558905652342857,0.00018473589744061184,-0.00018473589744061184,-6.756764724721944e-05
0.0,-0.002377499996742527,0.0001282021894843111,-0.0001282021894843111,-1.1033939290918717e-05
0.0,0.0023685613495147972,0.00010617579502066037,-0.00010617579502066037,1.0992455172732033e-05
0.0,0.012236645187396533,6.0378176457435236e-05,-6.0378176457435236e-05,5.679007373595716e-05
0.0,-0.008795775050879251,0.00015798930090252074,-0.00015798930090252074,-4.082105070912833e-05
0.0,-0.003965371271123064,0.00013557147455994258,-0.00013557147455994258,-1.840322436655019e-05
0.0,0.0035296669586522,0.00010078712254153491,-0.00010078712254153491,1.638112765185748e-05
0.0,0.0066088151237357895,8.649684537315373e-05,-8.649684537315373e-05,3.067140482023867e-05
0.0,-0.0020619040578628844,0.00012673751380194324,-0.00012673751380194324,-9.569263608550847e-06
0.0,0.002682533127767339,0.00010471865704167112,-0.00010471865704167112,1.2449593151721276e-05
0.0,0.004457481018385057,9.648115239542356e-05,-9.648115239542356e-05,2.0687097797968837e-05
0.0,0.005202865037342352,9.302183713785703e-05,-9.302183713785703e-05,2.414641305553537e-05
0.0,-0.00458128059365126,0.0001384298998313614,-0.0001384298998313614,-2.1261649637969008e-05
0.0,0.0016297588743277025,0.00010960456543932031,-0.00010960456543932031,7.56368475407209e-06
0.0,0.005148195696902835,9.327555666858707e-05,-9.327555666858707e-05,2.3892693524805327e-05
0.0,-0.0007784436134247175,0.00012078099449778784,-0.00012078099449778784,-3.612744304395435e-06
0.0,-0.011311245518606405,0.0001696635589328168,-0.0001696635589328168,-5.2495308739424405e-05
0.0,0.009235131672624686,7.430815246090154e-05,-7.430815246090154e-05,4.286009773249086e-05
0.0,-0.0014806053255762563,0.00012403971572382477,-0.00012403971572382477,-6.871465530432373e-06
0.0,0.005087480356207541,9.355733558937665e-05,-9.355733558937665e-05,2.3610914604015752e-05
0.0,0.002357715893671175,0.00010622612860700098,-0.00010622612860700098,1.0942121586391411e-05
0.0,0.002252800575326619,0.00010671303891399882,-0.00010671303891399882,1.0455211279393582e-05
0.0,-0.004141314249916261,0.00013638802309804034,-0.00013638802309804034,-1.921977290464795e-05
0.0,0.0027692316953564777,0.00010431629038228149,-0.00010431629038228149,1.2851959811110915e-05
0.0,-0.0037403355807980043,0.00013452708753628801,-0.00013452708753628801,-1.7358837342895615e-05
0.0,-0.010128906614839228,0.00016417634307442231,-0.00016417634307442231,-4.700809288102992e-05
0.0,0.010923001659165044,6.647477496859151e-05,-6.647477496859151e-05,5.0693475224800894e-05
0.0,0.002940748690645867,0.00010352028276252254,-0.00010352028276252254,1.3647967430869857e-05
0.0,-0.011837383677612334,0.00017210535767648083,-0.00017210535767648083,-5.493710748308844e-05
0.0,-0.004455724813014705,0.00013784719747045044,-0.00013784719747045044,-2.0678947277058055e-05
0.0,0.0037738134388320965,9.965404264917426e-05,-9.965404264917426e-05,1.751420754421813e-05
0.0,0.013457901176364917,5.4710347031815525e-05,-5.4710347031815525e-05,6.245790316157687e-05
0.0,-0.005089560528435566,0.00014078881884330095,-0.00014078881884330095,-2.362056864990855e-05
0.0,-0.0029496376848567873,0.00013085747130359558,-0.00013085747130359558,-1.3689221110203193e-05
0.0,-0.00030495478248648844,0.00011858354043988725,-0.00011858354043988725,-1.4152902464948498e-06
0.0,0.010779286625573148,6.714175413074418e-05,-6.714175413074418e-05,5.002649606264822e-05
0.0,0.0007684139066803652,0.00011360205359687268,-0.00011360205359687268,3.5661965965197138e-06
0.0,0.003047948049283322,0.00010302277226121792,-0.00010302277226121792,1.4145477932174477e-05
0.0,-0.0006433745436266181,0.00012015414111470685,-0.00012015414111470685,-2.985890921314447e-06
0.0,-0.0009305162517933008,0.00012148676116944622,-0.00012148676116944622,-4.3185109760538165e-06
0.0,0.0023378744854138933,0.0001063182122639756,-0.0001063182122639756,1.0850037929416799e-05
0.0,-0.002233886303356414,0.00012753568064042547,-0.00012753568064042547,-1.0367430447033072e-05
0.0,-0.010281980197837881,0.00016488675511402892,-0.00016488675511402892,-4.7718504920636524e-05
0.0,0.009162641262365545,7.464457929037328e-05,-7.464457929037328e-05,4.252367090301913e-05
0.0,-0.0012667608976734135,0.00012304726716928676,-0.00012304726716928676,-5.879016975894376e-06
0.0,-0.0063184691730722164,0.00014649216412093903,-0.00014649216412093903,-2.9323913927546615e-05
0.0,0.002059461282371222,0.00010761032346665576,-0.00010761032346665576,9.55792672673664e-06
0.0,-0.0010085961899480855,0.00012184912890808721,-0.00012184912890808721,-4.6808787146948195e-06
0.0,0.0021188711112078984,0.0001073346034054293,-0.0001073346034054293,9.8336467879631e-06
0.0,-0.008623167576889856,0.00015718823238863335,-0.00015718823238863335,-4.001998219524094e-05
0.0,-0.0014361829335245435,0.00012383355211594777,-0.00012383355211594777,-6.665301922555375e-06
0.0,-0.006474509789282434,0.00014721634611401582,-0.00014721634611401582,-3.0048095920623418e-05
0.0,0.00041835300422188304,0.00011522668062153863,-0.00011522668062153863,1.9415695718537665e-06
0.0,0.012042424827124476,6.127955002935466e-05,-6.127955002935466e-05,5.5888700164037735e-05
0.0,0.0017386264178671507,0.00010909931291868453,-0.00010909931291868453,8.06893727470787e-06
0.0,-0.0069942998817651425,0.00014962868358292574,-0.00014962868358292574,-3.2460433389533344e-05
0.0,-0.004622572493653387,0.00013862153487592687,-0.00013862153487592687,-2.1453284682534476e-05
0.0,0.0056898566086796,9.076171707868286e-05,-9.076171707868286e-05,2.6406533114709537e-05
0.0,0.0019796413026920145,0.00010798076671005827,-0.00010798076671005827,9.187483483334137e-06
0.0,0.009902710578908236,7.120992948133351e-05,-7.120992948133351e-05,4.595832071205889e-05
0.0,-0.0053035017498218595,0.00014178171661484069,-0.00014178171661484069,-2.4613466421448278e-05
0.0,0.006094866554531064,8.88820724263732e-05,-8.88820724263732e-05,2.8286177767019204e-05
0.0,0.0006358685039113965,0.00011421719468181358,-0.00011421719468181358,2.951055511578819e-06
0.0,-0.00735329696164333,0.000151294783263439,-0.000151294783263439,-3.412653307004661e-05
0.0,-0.0029735743006855664,0.000130968560753121,-0.000130968560753121,-1.3800310559728604e-05
0.0,-0.0003900796440671206,0.00011897860355497261,-0.00011897860355497261,-1.8103533615802175e-06
0.0,-0.02086619391956246,0.000214007920963715,-0.000214007920963715,-9.683967077032263e-05
0.0,0.0026584898861461426,0.00010483024133978622,-0.00010483024133978622,1.2338008853606173e-05
0.0,0.006936040108400654,8.497819947611446e-05,-8.497819947611446e-05,3.219005071727794e-05
0.0,-0.0003080227407983305,0.00011859777878512649,-0.00011859777878512649,-1.4295285917340992e-06
0.0,-0.003861756863082544,0.00013509060175676698,-0.00013509060175676698,-1.7922351563374582e-05
0.0,0.00608097510857486,8.894654240389322e-05,-8.894654240389322e-05,2.8221707789499183e-05
0.0,-0.016652749054007043,0.0001944533910306467,-0.0001944533910306467,-7.728514083725428e-05
0.0,0.0022622025726091177,0.00010666940439565156,-0.00010666940439565156,1.0498845797740842e-05
0.0,0.012338485100151564,5.9905539058372745e-05,-5.9905539058372745e-05,5.7262711135019654e-05
0.0,0.011066049239604414,6.581089344579721e-05,-6.581089344579721e-05,5.135735674759518e-05
0.0,0.004453159211633695,9.650120983112785e-05,-9.650120983112785e-05,2.066704036226455e-05
0.0,-0.000734986066058041,0.00012057930871859409,-0.00012057930871859409,-3.4110585252016943e-06
0.0,0.008014680412562258,7.997224715259647e-05,-7.997224715259647e-05,3.719600304079592e-05
0.0,0.001106182994042637,0.0001120344726886032,-0.0001120344726886032,5.13377750478919e-06
0.0,0.00077123387202227,0.00011358896618302296,-0.00011358896618302296,3.5792840103694313e-06
0.0,-0.0042616893616069795,0.00013694668205759987,-0.00013694668205759987,-1.977843186420747e-05
0.0,-0.0023877098952062026,0.00012824957345906147,-0.00012824957345906147,-1.1081323265669082e-05
0.0,-0.005676040278268291,0.00014351066194061906,-0.00014351066194061906,-2.6342411747226663e-05
0.0,-0.01070332804283558,0.00016684222369381185,-0.00016684222369381185,-4.967397350041946e-05
0.0,-0.005775015185050969,0.0001439700028929895,-0.0001439700028929895,-2.6801752699597095e-05
0.0,0.012386154626733425,5.9684305551305753e-05,-5.9684305551305753e-05,5.7483944642086645e-05
0.0,0.007318795346650031,8.320183856426957e-05,-8.320183856426957e-05,3.396641162912282e-05
0.0,2.836730636679441e-05,0.00011703659798025804,-0.00011703659798025804,1.3165221313436595e-07
0.0,-0.002271519985995063,0.0001277103379569754,-0.0001277103379569754,-1.0542087763583017e-05
0.0,-0.002756886733696673,0.00012996291723575899,-0.00012996291723575899,-1.279466704236659e-05
0.0,-0.002249704779339723,0.000127609093933344,-0.000127609093933344,-1.0440843739951612e-05
0.0,0.0031146787487494887,0.00010271307615700802,-0.00010271307615700802,1.4455174036384382e-05
0.0,-0.00775298528243118,0.00015314973033931907,-0.00015314973033931907,-3.598148014592666e-05
0.0,-0.0028748824444340126,0.0001305105334337184,-0.0001305105334337184,-1.3342283240325983e-05
0.0,0.012808166466444781,5.772575538272366e-05,-5.772575538272366e-05,5.944249481066874e-05
0.0,-0.00955710249815489,0.00016152260935478537,-0.00016152260935478537,-4.435435916139297e-05
0.0,0.0009500546545004873,0.00011275906180425426,-0.00011275906180425426,4.409188389138147e-06
0.0,-0.0012752120935421996,0.0001230864890335474,-0.0001230864890335474,-5.918238840154992e-06
0.0,0.003911964108786803,9.901288760927163e-05,-9.901288760927163e-05,1.815536258412077e-05
0.0,0.00521142418513576,9.298211427044846e-05,-9.298211427044846e-05,2.4186135922943933e-05
0.0,-0.002625530186397551,0.00012935329360995497,-0.00012935329360995497,-1.2185043416562579e-05
0.0,-0.008254876246131082,0.00015547899823909316,-0.00015547899823909316,-3.8310748045700765e-05
0.0,-0.021100170073477753,0.0002150938005352655,-0.0002150938005352655,-9.792555034187309e-05
0.0,-0.031850965718637325,0.000264988070415515,-0.000264988070415515,-0.00014781982022212263
0.0,-0.03941369286646568,0.00030008656561520097,-0.00030008656561520097,-0.00018291831542180856
0.0,-0.01352199497897244,0.00017992361166321933,-0.00017992361166321933,-6.275536146982692e-05
0.0,0.03903385877450183,-6.39872613095549e-05,6.39872613095549e-05,0.0001811555115029473
0.0,0.024297748621125326,4.402789180214169e-06,-4.402789180214169e-06,0.00011276546101317823
0.0,0.0006087363616984476,0.00011434311451795256,-0.00011434311451795256,2.8251356754398365e-06
0.0,-0.008391670369217175,0.00015611385756677116,-0.00015611385756677116,-3.8945607373378765e-05
0.0,-0.029576446640986798,0.00025443206391573866,-0.00025443206391573866,-0.00013726381372234628
0.0,0.01829297500443139,3.227084707005256e-05,-3.227084707005256e-05,8.489740312333984e-05
0.0,0.0011647935451044589,0.00011176246206268964,-0.00011176246206268964,5.405788130702755e-06
0.0,-0.015329595723932221,0.00018831265768190817,-0.00018831265768190817,-7.114440748851578e-05
0.0,0.02508305358648033,7.582014517362284e-07,-7.582014517362284e-07,0.00011641004874165617
0.0,-0.01389756050907287,0.00018166660525504588,-0.00018166660525504588,-6.449835506165346e-05
0.0,0.005277955033794246,9.267334567062645e-05,-9.267334567062645e-05,2.449490452276595e-05
0.0,0.004487043210972708,9.634395473453376e-05,-9.634395473453376e-05,2.082429545885864e-05
0.0,-0.004089655710746709,0.0001361482766476364,-0.0001361482766476364,-1.8980026454244016e-05
0.0,0.01283131142251781,5.761834001340686e-05,-5.761834001340686e-05,5.954991017998554e-05
0.0,0.008705414349693852,7.676656204684266e-05,-7.676656204684266e-05,4.040168814654974e-05
0.0,-0.002561059320011938,0.00012905408535476826,-0.00012905408535476826,-1.188583516137585e-05
0.0,-0.016164165744279924,0.000192185883739176,-0.000192185883739176,-7.501763354578361e-05
0.0,0.004565783605198437,9.597852182987758e-05,-9.597852182987758e-05,2.118972836351483e-05
0.0,-0.012318429274285614,0.00017433788256276017,-0.00017433788256276017,-5.716963236936778e-05
0.0,-0.002048642890328245,0.00012667596893645242,-0.00012667596893645242,-9.507718743060039e-06
0.0,-0.003362984329369434,0.00013277580644046474,-0.00013277580644046474,-1.5607556247072354e-05
0.0,-0.00046579328582951884,0.00011932998935007053,-0.00011932998935007053,-2.1617391566781356e-06
0.0,-0.02566609046896018,0.00023628416374029082,-0.00023628416374029082,-0.00011911591354689841
0.0,0.001232853252514099,0.00011144659805396426,-0.00011144659805396426,5.721652139428129e-06
0.0,0.019075555906861608,2.8638901673847138e-05,-2.8638901673847138e-05,8.852934851954526e-05
0.0,0.001973884228037459,0.00010800748520104404,-0.00010800748520104404,9.16076499234836e-06
0.0,0.014315289284541954,5.073122259549882e-05,-5.073122259549882e-05,6.643702759789358e-05
0.0,0.018289840800508328,3.228539286010925e-05,-3.228539286010925e-05,8.488285733328315e-05
0.0,-0.0035882361830883447,0.00013382119667495757,-0.00013382119667495757,-1.665294648156518e-05
0.0,0.008035633639867479,7.987500356128148e-05,-7.987500356128148e-05,3.729324663211092e-05
0.0,0.008818435459823082,7.624203289038975e-05,-7.624203289038975e-05,4.092621730300265e-05
0.0,0.000725111326717931,0.00011380302017483285,-0.00011380302017483285,3.3652300185595472e-06
0.0,0.0012754772073804155,0.00011124878096417323,-0.00011124878096417323,5.919469229219162e-06
0.0,-0.006825423947869114,0.00014884493308666536,-0.00014884493308666536,-3.1676682893272976e-05
0.0,-0.0047162741982138545,0.00013905640298149676,-0.00013905640298149676,-2.1888152788104347e-05
0.0,0.01485277361914017,4.8236766433184554e-05,-4.8236766433184554e-05,6.893148376020784e-05
0.0,0.004570474275370051,9.59567525049656e-05,-9.59567525049656e-05,2.1211497688426807e-05
0.0,0.00027054553471672627,0.00011591265271302076,-0.00011591265271302076,1.2555974803716402e-06
0.0,-0.0014210903493528937,0.00012376350767526585,-0.00012376350767526585,-6.5952574818734684e-06
0.0,-0.005825414995899281,0.00014420390760547572,-0.00014420390760547572,-2.703565741208332e-05
0.0,0.01662757156411132,3.9999957682273864e-05,-3.9999957682273864e-05,7.716829251111853e-05
0.0,0.011030344539323389,6.597659838621407e-05,-6.597659838621407e-05,5.119165180717833e-05
0.0,-0.0019131006866738298,0.00012604691974674507,-0.00012604691974674507,-8.87866955335267e-06
0.0,-0.002554118539720318,0.0001290218733049368,-0.0001290218733049368,-1.18536231115444e-05
0.0,0.01184003327863703,6.221884595451355e-05,-6.221884595451355e-05,5.494940423887885e-05
0.0,-0.0004497742019048401,0.00011925564503891881,-0.00011925564503891881,-2.0873948455264165e-06
0.0,-0.004809877003672414,0.00013949081209792345,-0.00013949081209792345,-2.2322561904531053e-05
0.0,0.011873817006551102,6.206205621599176e-05,-6.206205621599176e-05,5.5106193977400634e-05
0.0,0.002728067346863705,0.00010450733346234112,-0.00010450733346234112,1.2660916731051277e-05
0.0,-0.003545367230984642,0.00013362224255692365,-0.00013362224255692365,-1.6453992363531257e-05
0.0,-0.0011321483923818487,0.00012242253269474602,-0.00012242253269474602,-5.2542825013536165e-06
0.0,-0.0003476213457177524,0.0001187815552744155,-0.0001187815552744155,-1.6133050810231102e-06
0.0,-0.009822729385718598,0.00016275537947273673,-0.00016275537947273673,-4.558712927934433e-05
0.0,0.0015105949543003927,0.00011015760327782746,-0.00011015760327782746,7.010646915564946e-06
0.0,-0.003228085812548187,0.00013214974459100945,-0.00013214974459100945,-1.4981494397617046e-05
0.0,-0.013990375564759017,0.0001820973584374338,-0.0001820973584374338,-6.492910824404142e-05
0.0,-0.011207364706699363,0.0001691814497535764,-0.0001691814497535764,-5.201319956018398e-05
0.0,0.014903265264943455,4.8002435516147606e-05,-4.8002435516147606e-05,6.916581467724479e-05
0.0,-0.0013393792481354305,0.00012338428776718474,-0.00012338428776718474,-6.2160375737923325e-06
0.0,0.01616245179852549,4.2158571042320985e-05,-4.2158571042320985e-05,7.500967915107141e-05
0.0,-0.00112310916925773,0.00012238058180543993,-0.00012238058180543993,-5.2123316120475185e-06
0.0,0.003810195689989637,9.94851932060242e-05,-9.94851932060242e-05,1.7683056987368197e-05
0.0,-0.0012348607728660532,0.0001228992192025236,-0.0001228992192025236,-5.730969009131219e-06
0.0,0.0012219959743400288,0.00011149698650755058,-0.00011149698650755058,5.6712636858418225e-06
0.0,-0.00012913227667687988,0.00011776755101497095,-0.00011776755101497095,-5.993008215785564e-07
0.0,0.0005936176807606053,0.00011441328007330713,-0.00011441328007330713,2.754970120085269e-06
0.0,-0.004640997274763192,0.00013870704398906783,-0.00013870704398906783,-2.153879379567542e-05
0.0,0.01068057336863748,6.759988077037796e-05,-6.759988077037796e-05,4.956836942301443e-05
0.0,-0.010995693172566212,0.0001681990855641165,-0.0001681990855641165,-5.103083537072411e-05
0.0,-0.014373526666262015,0.00018387555654427931,-0.00018387555654427931,-6.67073063508869e-05
0.0,0.0205256690573854,2.1908949837983827e-05,-2.1908949837983827e-05,9.525930035540857e-05
0.0,-0.006989502964787397,0.00014960642116829335,-0.00014960642116829335,-3.243817097490094e-05
0.0,-0.0064899016523778386,0.00014728777950337503,-0.00014728777950337503,-3.0119529309982625e-05
0.0,-0.007738985017979982,0.00015308475533691191,-0.00015308475533691191,-3.591650514351952e-05
0.0,0.0022513871531610885,0.00010671959858356275,-0.00010671959858356275,1.044865160982964e-05
0.0,-0.019422767297482935,0.00020730900119894408,-0.00020730900119894408,-9.014075100555169e-05
0.0,0.004755560017433602,9.50977725494064e-05,-9.50977725494064e-05,2.2070477643985996e-05
0.0,0.010618561082731848,6.788767879305362e-05,-6.788767879305362e-05,4.9280571400338784e-05
0.0,0.014514969430300617,4.98045102468462e-05,-4.98045102468462e-05,6.73637399465462e-05
0.0,-0.015040520909943678,0.00018697106611410445,-0.00018697106611410445,-6.980281592071204e-05
0.0,-0.01779722000676387,0.00019976486233674163,-0.00019976486233674163,-8.259661214334921e-05
0.0,0.0077784025360287945,8.106880898184125e-05,-8.106880898184125e-05,3.609944121155115e-05
0.0,0.008816736053143037,7.624991980949128e-05,-7.624991980949128e-05,4.091833038390112e-05
0.0,0.01241806830075265,5.9536194702868005e-05,-5.9536194702868005e-05,5.763205549052439e-05
0.0,-0.001598636221499028,0.00012458749521566451,-0.00012458749521566451,-7.419245022272114e-06
0.0,-0.00217855994238203,0.00012727891188794797,-0.00012727891188794797,-1.0110661694555585e-05
0.0,0.010629762908764828,6.783569129838918e-05,-6.783569129838918e-05,4.9332558895003216e-05
0.0,-0.007217228595965963,0.00015066329216423577,-0.00015066329216423577,-3.349504197084339e-05
0.0,-0.00941191309542666,0.00016084878766915636,-0.00016084878766915636,-4.368053747576396e-05
0.0,-0.015303731089594375,0.00018819262032945534,-0.00018819262032945534,-7.102437013606294e-05
0.0,0.0020122259542274534,0.00010782954186574685,-0.00010782954186574685,9.33870832764555e-06
0.0,-0.013115396702646942,0.0001780365955946958,-0.0001780365955946958,-6.086834540130341e-05
0.0,-0.023700443014411654,0.0002271616254813828,-0.0002271616254813828,-0.00010999337528799042
0.0,-0.010838374390218508,0.00016746897162252906,-0.00016746897162252906,-5.030072142913667e-05
0.0,0.0008532721255336551,0.00011320822796640136,-0.00011320822796640136,3.960022226991036e-06
0.0,0.00780279851675636,8.095558762720017e-05,-8.095558762720017e-05,3.621266256619224e-05
0.0,-0.02496545230421965,0.00023303251327331295,-0.00023303251327331295,-0.00011586426307992055
0.0,0.016695905386662213,3.968282150958153e-05,-3.968282150958153e-05,7.748542868381087e-05
0.0,-0.021599098001850003,0.0002174093170356844,-0.0002174093170356844,-0.00010024106684229201
0.0,0.0005318215543925753,0.00011470007490304131,-0.00011470007490304131,2.46817529035109e-06
0.0,-0.011693855152413501,0.00017143924409678416,-0.00017143924409678416,-5.427099390339176e-05
0.0,0.005195438361131455,9.305630422284404e-05,-9.305630422284404e-05,2.4111945970548357e-05
0.0,0.020283701024494727,2.3031919591471415e-05,-2.3031919591471415e-05,9.413633060192098e-05
0.0,-0.015637982053378963,0.0001897438736827186,-0.0001897438736827186,-7.25756234893262e-05
0.0,0.014144335590226431,5.152461594448735e-05,-5.152461594448735e-05,6.564363424890505e-05
0.0,-0.010863483795639506,0.00016758550396971138,-0.00016758550396971138,-5.0417253776318985e-05
0.0,0.005528577205787588,9.151021219659002e-05,-9.151021219659002e-05,2.5658037996802374e-05
0.0,0.0247602174153414,2.2564789357068624e-06,-2.2564789357068624e-06,0.00011491177125768554
0.0,-0.00044323658717015935,0.00011922530407396036,-0.00011922530407396036,-2.0570538805679654e-06
0.0,-0.018743090830274922,0.00020415463363347003,-0.00020415463363347003,-8.698638344007763e-05
0.0,0.004992038934619414,9.400027769372375e-05,-9.400027769372375e-05,2.3167972499668645e-05
0.0,0.0015267325638141926,0.0001100827088913207,-0.0001100827088913207,7.0855413020716915e-06
0.0,-0.018481246310869337,0.0002029394174253777,-0.0002029394174253777,-8.577116723198529e-05
0.0,-0.014153935656373462,0.0001828564381950631,-0.0001828564381950631,-6.568818800167068e-05
0.0,-0.0006636203533073592,0.00012024810159219113,-0.00012024810159219113,-3.0798513987987233e-06
0.0,-0.00018895027740828407,0.00011804516539540367,-0.00011804516539540367,-8.769152020112658e-07
0.0,-0.012301161792504733,0.00017425774445721303,-0.00017425774445721303,-5.708949426382064e-05
0.0,0.019518049565855122,2.658529571101201e-05,-2.658529571101201e-05,9.058295448238039e-05
0.0,0.01651665412216241,4.051472374849684e-05,-4.051472374849684e-05,7.665352644489556e-05
0.0,0.01648043921048603,4.068279657180311e-05,-4.068279657180311e-05,7.648545362158929e-05
0.0,-0.004665713707027619,0.0001388217525541435,-0.0001388217525541435,-2.165350236075111e-05
0.0,-2.6032942938902792e-05,0.0001172890686633589,-0.0001172890686633589,-1.2081846996650572e-07
0.0,0.014454197186153817,5.008655325564007e-05,-5.008655325564007e-05,6.708169693775233e-05
0.0,-0.012454371867771763,0.00017496878995524446,-0.00017496878995524446,-5.780053976185206e-05
0.0,0.004439786812972857,9.656327091848844e-05,-9.656327091848844e-05,2.0604979274903956e-05
0.0,0.011348275359951865,6.450108655515918e-05,-6.450108655515918e-05,5.266716363823322e-05
0.0,-0.0018701144822791393,0.0001258474214627123,-0.0001258474214627123,-8.679171269319906e-06
0.0,-0.008120976341902342,0.0001548575709346372,-0.0001548575709346372,-3.7689320741244814e-05
0.0,0.023868791801894718,6.393570887175699e-06,-6.393570887175699e-06,0.0001107746793062167
0.0,0.004094308735004493,9.816662912831773e-05,-9.816662912831773e-05,1.9001621065074677e-05
0.0,0.0034987406745825567,0.00010093065092907885,-0.00010093065092907885,1.623759926431355e-05
0.0,0.0033058923144386743,0.00010182565707044427,-0.00010182565707044427,1.5342593122948132e-05
0.0,0.0008850141950174084,0.00011306091353185595,-0.00011306091353185595,4.107336661536454e-06
0.0,-0.011240108649505087,0.0001693334138661142,-0.0001693334138661142,-5.216516367272181e-05
0.0,0.0050523932937867055,9.372017408240656e-05,-9.372017408240656e-05,2.344807611098584e-05
0.0,0.00015580493345068724,0.0001164451620002164,-0.0001164451620002164,7.230881931760059e-07
0.0,0.01639550053418848,4.1076995603980725e-05,-4.1076995603980725e-05,7.609125458941167e-05
0.0,-0.001260972921287129,0.00012302040526386047,-0.00012302040526386047,-5.852155070468073e-06
0.0,-0.0018369416879204792,0.0001256934670570067,-0.0001256934670570067,-8.525216863614295e-06
0.0,0.005600351545632654,9.117710863840651e-05,-9.117710863840651e-05,2.5991141554985885e-05
0.0,0.006595236486620859,8.655986360986658e-05,-8.655986360986658e-05,3.060838658352581e-05
0.0,0.004405643688967897,9.672172860849442e-05,-9.672172860849442e-05,2.044652158489798e-05
0.0,0.0009855772666846896,0.00011259420193176955,-0.00011259420193176955,4.574048261622843e-06
0.0,-0.000877387766836879,0.00012124019272425974,-0.00012124019272425974,-4.071942530867345e-06
0.0,-0.006386031602501285,0.0001468057202705452,-0.0001468057202705452,-2.963747007715281e-05
0.0,-0.0003780702927851376,0.00011892286834860026,-0.00011892286834860026,-1.754618155207863e-06
0.0,0.0005452554858313974,0.0001146377282430466,-0.0001146377282430466,2.5305219503457986e-06
0.0,0.008816651779288476,7.625031092309646e-05,-7.625031092309646e-05,4.091793927029594e-05
0.0,0.004350315260639448,9.697850695552891e-05,-9.697850695552891e-05,2.018974323786349e-05
0.0,-0.00203975921756705,0.00012663473995388179,-0.00012663473995388179,-9.46648976048939e-06
0.0,0.006330915127309877,8.778657479217004e-05,-8.778657479217004e-05,2.938167540122235e-05
0.0,-0.003208322345054082,0.00013205802265586463,-0.00013205802265586463,-1.4889772462472237e-05
0.0,-0.010144492387214377,0.00016424867639363373,-0.00016424867639363373,-4.708042620024132e-05
0.0,0.010507619269939372,6.840255796397007e-05,-6.840255796397007e-05,4.8765692229422334e-05
0.0,-0.011975786526205012,0.00017274768307339112,-0.00017274768307339112,-5.557943287999872e-05
0.0,0.0027865779152880243,0.00010423578685424201,-0.00010423578685424201,1.2932463339150389e-05
0.0,-0.0027397858070188352,0.0001298835521097694,-0.0001298835521097694,-1.2715301916377003e-05
0.0,0.0096621337827838,7.232644252733888e-05,-7.232644252733888e-05,4.484180766605352e-05
0.0,0.01004013710204088,7.057213519519881e-05,-7.057213519519881e-05,4.659611499819358e-05
0.0,0.0001729273803483533,0.0001163656969992323,-0.0001163656969992323,8.025531941600993e-07
0.0,-0.0009842848497145784,0.00012173630036861933,-0.00012173630036861933,-4.568050175226923e-06
0.0,0.006541025289023228,8.68114569070274e-05,-8.68114569070274e-05,3.0356793286365e-05
0.0,0.0030844851678346608,0.00010285320408098114,-0.00010285320408098114,1.4315046112411252e-05
0.0,0.0007615448773992117,0.00011363393265141722,-0.00011363393265141722,3.534317541975177e-06
0.0,-0.005194027008290192,0.0001412736460980775,-0.0001412736460980775,-2.4105395904685097e-05
0.0,4.785972478082989e-05,0.00011694613397953949,-0.00011694613397953949,2.2211621385290964e-07
0.0,-0.0018120458796383465,0.00012557792601071446,-0.00012557792601071446,-8.409675817322066e-06
0.0,0.0018727515871905798,0.00010847684016254295,-0.00010847684016254295,8.691410030849447e-06
0.0,0.001649352800310755,0.00010951363034360464,-0.00010951363034360464,7.654619849787747e-06
0.0,-0.009230768513682652,0.00016000809857532637,-0.00016000809857532637,-4.2839848381933974e-05
0.0,-0.005063088369821722,0.00014066596198044295,-0.00014066596198044295,-2.349771178705054e-05
0.0,0.007809946463542827,8.09224141209942e-05,-8.09224141209942e-05,3.62458360723982e-05
0.0,-0.008676638198860664,0.00015743638868620725,-0.00015743638868620725,-4.026813849281483e-05
0.0,-0.005936889314214544,0.00014472125812596884,-0.00014472125812596884,-2.755300793257645e-05
0.0,-0.0002390081258001331,0.00011827748306562299,-0.00011827748306562299,-1.10923287223059e-06
0.0,0.0031746390805036384,0.00010243480122058526,-0.00010243480122058526,1.473344897280714e-05
0.0,0.0007534970439868616,0.00011367128251699744,-0.00011367128251699744,3.4969676763949602e-06
0.0,0.012483643435067249,5.923186155796265e-05,-5.923186155796265e-05,5.793638863542975e-05
0.0,-0.009561518078546327,0.0001615431019924468,-0.0001615431019924468,-4.43748517990544e-05
0.0,-0.0001694649071644072,0.00011795473410512959,-0.00011795473410512959,-7.86483911737201e-07
0.0,-0.00847828902508041,0.00015651585335712466,-0.00015651585335712466,-3.934760316373225e-05
0.0,0.009796652464963085,7.170214348435497e-05,-7.170214348435497e-05,4.5466106709037434e-05
0.0,-0.009411297455333645,0.00016084593049337477,-0.00016084593049337477,-4.367768029998238e-05
0.0,0.00020517873267866804,0.0001162160189911775,-0.0001162160189911775,9.522312022149025e-07
0.0,-0.003706707658226005,0.0001343710208878558,-0.0001343710208878558,-1.720277069446342e-05
0.0,0.006019504059596059,8.923182855468627e-05,-8.923182855468627e-05,2.7936421638706125e-05
0.0,-0.0020854589704891735,0.00012684683177303788,-0.00012684683177303788,-9.67858157964547e-06
0.0,0.013681382686285826,5.367317293444908e-05,-5.367317293444908e-05,6.349507725894332e-05
0.0,0.006974740643369559,8.479859091503852e-05,-8.479859091503852e-05,3.236965927835388e-05
0.0,-0.00021044390350322129,0.00011814491696882036,-0.00011814491696882036,-9.766667754279562e-07
0.0,0.004286857336424754,9.727301416237307e-05,-9.727301416237307e-05,1.9895236031019326e-05
0.0,-0.0010052630048559275,0.00012183365964962133,-0.00012183365964962133,-4.6654094562289274e-06
0.0,0.0011350423274503196,0.00011190053698587637,-0.00011190053698587637,5.267713207516022e-06
0.0,0.0028246780734553223,0.00010405896463225743,-0.00010405896463225743,1.3109285561134978e-05
0.0,-0.002911814656949452,0.00013068193523869547,-0.00013068193523869547,-1.351368504530306e-05
0.0,0.004897281193053882,9.444004685006915e-05,-9.444004685006915e-05,2.272820334332325e-05
0.0,0.0012894462510633087,0.00011118395085685024,-0.00011118395085685024,5.984299336542156e-06
0.0,0.0033095665337075086,0.00010180860507784305,-0.00010180860507784305,1.5359645115549345e-05
0.0,-0.0017177585589538413,0.0001251403400701207,-0.0001251403400701207,-7.972089876728316e-06
0.0,-0.009175181182794367,0.00015975011866567088,-0.00015975011866567088,-4.258186847227849e-05
0.0,-0.008115191387155773,0.00015483072305259228,-0.00015483072305259228,-3.766247285919989e-05
0.0,-0.0017988851350955182,0.00012551684720671537,-0.00012551684720671537,-8.348597013322983e-06
0.0,-0.0018407128700851372,0.00012571096905284975,-0.00012571096905284975,-8.542718859457341e-06
0.0,0.0031329906996742096,0.00010262809068694345,-0.00010262809068694345,1.4540159506448942e-05
0.0,-0.0032579654199809127,0.00013228841536909604,-0.00013228841536909604,-1.5120165175703646e-05
0.0,0.00580818525653326,9.021255572491518e-05,-9.021255572491518e-05,2.695569446847722e-05
0.0,0.002712061607464289,0.00010458161584176548,-0.00010458161584176548,1.2586634351626924e-05
0.0,-0.0016515636618127383,0.0001248331306158939,-0.0001248331306158939,-7.664880422501495e-06
0.0,0.01336407865930278,5.514577582626482e-05,-5.514577582626482e-05,6.202247436712758e-05
0.0,-0.035919799994431734,0.00028387146492463676,-0.00028387146492463676,-0.00016670321473124435
0.0,-0.01809650217612302,0.00020115382607684165,-0.00020115382607684165,-8.398557588344925e-05
0.0,0.01777016508725926,3.469719949683333e-05,-3.469719949683333e-05,8.247105069655907e-05
0.0,0.017032672570028273,3.8119890421663125e-05,-3.8119890421663125e-05,7.904835977172927e-05
0.0,0.013565044705922347,5.421309563237443e-05,-5.421309563237443e-05,6.295515456101797e-05
0.0,0.00194860235588723,0.00010812481796354608,-0.00010812481796354608,9.043432229846318e-06
0.0,-0.006847477437932237,0.00014894728297976432,-0.00014894728297976432,-3.177903278637193e-05
0.0,0.005352963242081676,9.232523378095324e-05,-9.232523378095324e-05,2.484301641243916e-05
0.0,-0.0008715778419239317,0.00012121322895607379,-0.00012121322895607379,-4.044978762681397e-06
0.0,0.015253349296718177,4.637770114869655e-05,-4.637770114869655e-05,7.079054904469585e-05
0.0,0.003408615474199461,0.0001013489205362172,-0.0001013489205362172,1.5819329657175187e-05
0.0,0.007009293213798395,8.463823299075699e-05,-8.463823299075699e-05,3.253001720263541e-05
0.0,0.00013476775533982632,0.00011654279520587171,-0.00011654279520587171,6.254549875206869e-07
0.0,0.00525920411762093,9.276036837135787e-05,-9.276036837135787e-05,2.440788182203453e-05
0.0,-0.0009289473209127541,0.0001214794797864341,-0.0001214794797864341,-4.311229593041695e-06
0.0,0.002382294987840705,0.00010611205742581741,-0.00010611205742581741,1.1056192767574988e-05
0.0,-0.0014351736522938419,0.00012382886805796994,-0.00012382886805796994,-6.660617864577548e-06
0.0,0.004270300173431885,9.734985568983616e-05,-9.734985568983616e-05,1.9818394503556242e-05
0.0,-0.003612528916297486,0.0001339339388595243,-0.0001339339388595243,-1.6765688666131912e-05
0.0,0.004553964713003289,9.603337311868759e-05,-9.603337311868759e-05,2.11348770747048e-05
0.0,-0.0030114751244342264,0.00013114445786727096,-0.00013114445786727096,-1.3976207673878553e-05
0.0,0.0003227842443460638,0.00011567021370083326,-0.00011567021370083326,1.4980364925591395e-06
0.0,-0.0011985421207814095,0.00012273066492164917,-0.00012273066492164917,-5.562414728256764e-06
0.0,0.0016062090221755643,0.0001097138599248357,-0.0001097138599248357,7.454390268556705e-06
0.0,0.0016313092573088106,0.00010959737013681151,-0.00010959737013681151,7.5708800565808845e-06
0.0,-0.0012697872845152114,0.00012306131258200137,-0.00012306131258200137,-5.893062388608987e-06
0.0,-0.006361619481225378,0.00014669242400787856,-0.00014669242400787856,-2.9524173814486157e-05
0.0,0.0031339432802557354,0.00010262366977576757,-0.00010262366977576757,1.4544580417624826e-05
0.0,0.00021257188969192597,0.00011618170746824824,-0.00011618170746824824,9.865427251441505e-07
0.0,0.008603496447961101,7.723956139149787e-05,-7.723956139149787e-05,3.9928688801894524e-05
0.0,-0.0009071655678379864,0.0001213783910203327,-0.0001213783910203327,-4.210140826940302e-06
0.0,0.0003897939364765346,0.00011535922279615027,-0.00011535922279615027,1.8090273972421313e-06
0.0,-0.0028646859974036376,0.00013046321188685386,-0.00013046321188685386,-1.3294961693461472e-05
0.0,0.004734588012062169,9.519510328942503e-05,-9.519510328942503e-05,2.1973146903967375e-05
0.0,-0.0007960463737501922,0.00012086268862567427,-0.00012086268862567427,-3.6944384322818695e-06
0.0,0.0027929092187690685,0.00010420640337649735,-0.00010420640337649735,1.2961846816895053e-05
0.0,-0.00547907701986905,0.00014259655862255537,-0.00014259655862255537,-2.5428308429162972e-05
0.0,0.001868589648029051,0.00010849615565533106,-0.00010849615565533106,8.672094538061339e-06
0.0,0.0021996173129046337,0.00010695986158052298,-0.00010695986158052298,1.0208388612869416e-05
0.0,-0.0014402713809749113,0.000123852526534885,-0.000123852526534885,-6.684276341492611e-06
0.0,-0.000563323157221185,0.00011978262391640542,-0.00011978262391640542,-2.614373723013025e-06
0.0,0.0019517694055308787,0.0001081101197370278,-0.0001081101197370278,9.058130456364604e-06
0.0,-0.005240276852734871,0.00014148829088315266,-0.00014148829088315266,-2.432004068976027e-05
0.0,-0.0013652276243513173,0.00012350424966595474,-0.00012350424966595474,-6.335999472562341e-06
0.0,-0.0015788165944199406,0.000124495512644788,-0.000124495512644788,-7.327262451395593e-06
0.0,0.005228047221710774,9.29049670247489e-05,-9.29049670247489e-05,2.4263283168643506e-05
0.0,-0.0019536804841114863,0.00012623524993474858,-0.00012623524993474858,-9.066999741356187e-06
0.0,-0.0023758642617150993,0.0001281945980643265,-0.0001281945980643265,-1.1026347870934113e-05
0.0,-4.1384533048027805e-05,0.00011736031514643576,-0.00011736031514643576,-1.9206495304336677e-07
0.0,0.004201041336424849,9.767128483975932e-05,-9.767128483975932e-05,1.949696535363308e-05
0.0,0.0029816787577114923,0.00010333032697880262,-0.00010333032697880262,1.3837923214589781e-05
0.0,-0.0001463852229309781,0.0001178476216613718,-0.0001178476216613718,-6.793714679794108e-07
0.0,-0.0022230136296667036,0.0001274852207364984,-0.0001274852207364984,-1.0316970543106004e-05
0.0,-0.02452206896667508,0.00023097477832661486,-0.00023097477832661486,-0.00011380652813322246
0.0,0.01467705274849096,4.905228417095419e-05,-4.905228417095419e-05,6.811596602243821e-05
0.0,-0.014830674258895948,0.0001859971711777277,-0.0001859971711777277,-6.88289209843353e-05
0.0,-0.0005876766502063147,0.00011989564808611642,-0.00011989564808611642,-2.7273978927240276e-06
0.0,0.010109273363029914,7.025127491860604e-05,-7.025127491860604e-05,4.691697527478635e-05
0.0,-0.0037722947474507773,0.00013467540951530725,-0.00013467540951530725,-1.750715932191484e-05
0.0,-1.8603060785604697e-05,0.0001172545866996447,-0.0001172545866996447,-8.633650625231197e-08
0.0,0.0002991382171499968,0.0001157799545331825,-0.0001157799545331825,1.3882956602099096e-06
0.0,0.010917162352442444,6.650187509728403e-05,-6.650187509728403e-05,5.066637509610837e-05
0.0,0.006499784427785649,8.700285508150653e-05,-8.700285508150653e-05,3.016539511188587e-05
0.0,-0.00573677446354337,0.0001437925283188007,-0.0001437925283188007,-2.6624278125408288e-05
0.0,-0.008587762798917709,0.0001570239193828338,-0.0001570239193828338,-3.985566918944141e-05
0.0,0.006444170055012188,8.726096049211668e-05,-8.726096049211668e-05,2.990728970127571e-05
0.0,0.005296554012835575,9.258702810768376e-05,-9.258702810768376e-05,2.458122208570865e-05
0.0,-0.009321411497187015,0.00016042877120561248,-0.00016042877120561248,-4.3260521012220084e-05
0.0,0.007967969231286176,8.018903299449493e-05,-8.018903299449493e-05,3.697921719889747e-05
0.0,-0.0032606955294726125,0.00013230108576338848,-0.00013230108576338848,-1.5132835569996076e-05
0.0,-0.0049555622707156965,0.0001401669350818727,-0.0001401669350818727,-2.2998684888480292e-05
0.0,0.0042966906501935576,9.722737791114187e-05,-9.722737791114187e-05,1.994087228225053e-05
0.0,0.00048155976529717925,0.00011493333905878954,-0.00011493333905878954,2.234911134602862e-06
0.0,-0.0032534833570118105,0.0001322676141868597,-0.0001322676141868597,-1.5099363993467302e-05
0.0,0.004605905039596125,9.579231889737905e-05,-9.579231889737905e-05,2.1375931296013347e-05
0.0,-0.012446471596532338,0.00017493212492333823,-0.00017493212492333823,-5.776387472994584e-05
0.0,0.001146589037580359,0.00011184694888965797,-0.00011184694888965797,5.3213013037344245e-06
0.0,-0.0030992637479612117,0.00013155188345875666,-0.00013155188345875666,-1.4383633265364254e-05
0.0,0.00020160447857309194,0.00011623260704706194,-0.00011623260704706194,9.35643146330453e-07
0.0,-0.003037994040303138,0.00013126753172979858,-0.00013126753172979858,-1.4099281536406193e-05
0.0,0.006160403318245855,8.857791735880513e-05,-8.857791735880513e-05,2.8590332834587262e-05
0.0,0.0021919710189710617,0.00010699534790783282,-0.00010699534790783282,1.0172902285559575e-05
0.0,-0.0013757239543792377,0.0001235529629649933,-0.0001235529629649933,-6.384712771600912e-06
0.0,-8.414160005176807e-05,0.00011755875000751817,-0.00011755875000751817,-3.9049981412576853e-07
0.0,0.004749839541692946,9.512432118542073e-05,-9.512432118542073e-05,2.204392900797167e-05
0.0,-0.0037977277864983394,0.00013479344384095135,-0.00013479344384095135,-1.7625193647558944e-05
0.0,-0.0017404116452881535,0.0001252454726798819,-0.0001252454726798819,-8.077222486489497e-06
0.0,-0.0029867267366989747,0.00013102960099736853,-0.00013102960099736853,-1.3861350803976124e-05
0.0,-0.0031082993435224138,0.00013159381751260153,-0.00013159381751260153,-1.4425567319209131e-05
0.0,-0.00012227640782913607,0.00011773573303778645,-0.00011773573303778645,-5.674828443940549e-07
0.0,-0.006786883476427641,0.00014866606737784887,-0.00014866606737784887,-3.149781718445646e-05
0.0,-0.00652550029741239,0.00014745299224309673,-0.00014745299224309673,-3.028474204970434e-05
0.0,-0.004423400838946101,0.0001376971824260749,-0.0001376971824260749,-2.05289322326825e-05
0.0,-0.0016661307322337615,0.0001249007361557014,-0.0001249007361557014,-7.732485962308995e-06
0.0,0.022223543967337278,1.4029139656847594e-05,-1.4029139656847594e-05,0.0001031391105365448
0.0,0.0037719744542996647,9.966257734684645e-05,-9.966257734684645e-05,1.7505672846545955e-05
0.0,0.011077020753253342,6.575997482720727e-05,-6.575997482720727e-05,5.1408275366185135e-05
0.0,0.0019507459501284519,0.00010811486957710889,-0.00010811486957710889,9.053380616283504e-06
0.0,-0.0013979503036608554,0.00012365611509494837,-0.00012365611509494837,-6.487864901555965e-06
0.0,-0.00011550278622274313,0.00011770429676872778,-0.00011770429676872778,-5.360465753353807e-07
0.0,0.007480797417763307,8.244998955475702e-05,-8.244998955475702e-05,3.4718260638635385e-05
0.0,-0.0015822634216101639,0.00012451150931440538,-0.00012451150931440538,-7.343259121012972e-06
0.0,0.004676369608375142,9.546529396567192e-05,-9.546529396567192e-05,2.170295622772048e-05
0.0,-0.002386798421690206,0.00012824534332511633,-0.00012824534332511633,-1.1077093131723944e-05
0.0,0.0074614006258433285,8.254000975445285e-05,-8.254000975445285e-05,3.4628240438939545e-05
0.0,0.002165432272904111,0.000107118513801991,-0.000107118513801991,1.0049736391401402e-05
0.0,0.0008080244329033981,0.00011341822178100513,-0.00011341822178100513,3.75002841238727e-06
0.0,0.003914386891670674,9.900164351282901e-05,-9.900164351282901e-05,1.816660668056339e-05
0.0,-0.005254535631502799,0.00014155446564635078,-0.00014155446564635078,-2.4386215452958388e-05
0.0,0.0013352930642269722,0.00011097117653347567,-0.00011097117653347567,6.197073659916735e-06
0.0,-0.0026534040390964186,0.00012948265571254372,-0.00012948265571254372,-1.231440551915131e-05
0.0,-0.0035155289737457407,0.0001334837636844223,-0.0001334837636844223,-1.6315513491029918e-05
0.0,0.00039700650631591117,0.00011532574937539392,-0.00011532574937539392,1.8425008179984852e-06
0.0,0.005821305253253195,9.015166603090755e-05,-9.015166603090755e-05,2.7016584162484858e-05
0.0,0.0034108883546988267,0.00010133837213433294,-0.00010133837213433294,1.5829878059059466e-05
0.0,0.013163241364864575,5.607785848334989e-05,-5.607785848334989e-05,6.109039171004251e-05
0.0,0.0021593430473272335,0.00010714677380007135,-0.00010714677380007135,1.0021476393321053e-05
0.0,0.005938984786955759,8.960551720548724e-05,-8.960551720548724e-05,2.7562732987905166e-05
0.0,-0.0011374349205595102,0.00012244706738709173,-0.00012244706738709173,-5.278817193699345e-06
0.0,0.006539774750587091,8.681726063581991e-05,-8.681726063581991e-05,3.0350989557572483e-05
0.0,-0.00811717185395111,0.00015483991436717373,-0.00015483991436717373,-3.767166417378133e-05
0.0,0.0038832279549072535,9.914625163778724e-05,-9.914625163778724e-05,1.8021998555605152e-05
0.0,-0.0017506226204834219,0.00012529286165172628,-0.00012529286165172628,-8.124611458333887e-06
0.0,0.001975120701520394,0.00010800174674747338,-0.00010800174674747338,9.166503445919014e-06
0.0,0.0036375121488696482,0.00010028661474624268,-0.00010028661474624268,1.688163544714972e-05
0.0,-0.0024573614565177593,0.0001285728252361729,-0.0001285728252361729,-1.1404575042780503e-05
0.0,-0.0018629737285675851,0.00012581428133945146,-0.00012581428133945146,-8.646031146059066e-06
0.0,0.0012517152775348706,0.00011135905969885674,-0.00011135905969885674,5.809190494535653e-06
0.0,0.0022483727122095676,0.0001067335885555925,-0.0001067335885555925,1.0434661637799897e-05
0.0,-0.008356529175972627,0.000155950767853458,-0.000155950767853458,-3.8782517660065606e-05
0.0,-0.000293304709629405,0.00011852947263891313,-0.00011852947263891313,-1.361222445520733e-06
0.0,-0.004637050227782158,0.0001386887258074372,-0.0001386887258074372,-2.15204756140448e-05
0.0,0.008486575281279274,7.778219064775792e-05,-7.778219064775792e-05,3.9386059545634474e-05
0.0,0.005722273788525856,9.061126946779055e-05,-9.061126946779055e-05,2.6556980725601845e-05
0.0,-0.0007706704833204681,0.00012074491952584747,-0.00012074491952584747,-3.576669332455072e-06
0.0,0.0035169592193697863,0.00010084609895539783,-0.00010084609895539783,1.632215123799456e-05
0.0,-0.0035485942758867184,0.00013363721922047249,-0.00013363721922047249,-1.64689690270801e-05
0.0,0.0,0.0001171682501933924,-0.0001171682501933924,0.0
0.0,0.0028296382793233654,0.00010403594439650835,-0.00010403594439650835,1.3132305796884057e-05
0.0,-0.0021448089967596173,0.00012712227429151517,-0.00012712227429151517,-9.95402409812276e-06
0.0,0.0018498402425362048,0.00010858317134501869,-0.00010858317134501869,8.585078848373712e-06
0.0,-0.0029675026899970147,0.00013094038250545438,-0.00013094038250545438,-1.3772132312061995e-05
0.0,0.0017637540575008437,0.00010898269594681402,-0.00010898269594681402,8.185554246578376e-06
0.0,-0.003609308355419394,0.00013391899228822662,-0.00013391899228822662,-1.675074209483422e-05
0.0,0.003366237154707852,0.0001015455976361803,-0.0001015455976361803,1.5622652557212097e-05
0.0,-0.002690124758069401,0.00012965307597938785,-0.00012965307597938785,-1.2484825785995437e-05
0.0,0.006564593637664151,8.67020765796047e-05,-8.67020765796047e-05,3.0466173613787693e-05
0.0,0.008026090549617448,7.991929288982443e-05,-7.991929288982443e-05,3.7248957303567966e-05
0.0,-0.0007353844075136395,0.00012058115741489026,-0.00012058115741489026,-3.412907221497868e-06
0.0,-0.000866463892926328,0.00012118949520093028,-0.00012118949520093028,-4.021245007537874e-06
0.0,-0.006009543517695892,0.00014505844511715355,-0.00014505844511715355,-2.7890194923761152e-05
0.0,-0.0008899054071440649,0.00012129828689183252,-0.00012129828689183252,-4.130036698440125e-06
0.0,0.00029836348965073256,0.00011578355003106076,-0.00011578355003106076,1.3847001623316346e-06
0.0,0.0005703094032936118,0.0001145214534145896,-0.0001145214534145896,2.6467967788028015e-06
0.0,0.007264758098647794,8.345262456415262e-05,-8.345262456415262e-05,3.3715625629239785e-05
0.0,-0.002115356985885164,0.00012698558798218627,-0.00012698558798218627,-9.817337788793865e-06
0.0,0.00022682918569594257,0.00011611553958653363,-0.00011611553958653363,1.052710606858774e-06
0.0,0.0006933223855400961,0.00011395055214015752,-0.00011395055214015752,3.217698053234879e-06
0.0,0.005752546449780516,9.047077453323068e-05,-9.047077453323068e-05,2.669747566016173e-05
0.0,0.003566050102845164,0.0001006182689538218,-0.0001006182689538218,1.65499812395706e-05
0.0,0.005245845097992419,9.282236736684437e-05,-9.282236736684437e-05,2.4345882826548032e-05
0.0,0.004007335176634763,9.857027201550242e-05,-9.857027201550242e-05,1.8597978177889977e-05
0.0,0.004992308919898214,9.399902469638208e-05,-9.399902469638208e-05,2.316922549701031e-05
0.0,-0.0008641180363413437,0.00012117860811820499,-0.00012117860811820499,-4.010357924812582e-06
0.0,0.0016785565287558146,0.00010937809630904197,-0.00010937809630904197,7.790153884350424e-06
0.0,0.006048066160828425,8.909927230171012e-05,-8.909927230171012e-05,2.8068977891682275e-05
0.0,-0.001082200145408052,0.00012219072368294714,-0.00012219072368294714,-5.022473489554754e-06
0.0,0.00041898672168572126,0.00011522373954896947,-0.00011522373954896947,1.9445106444229217e-06
0.0,0.0014933641914423035,0.0001102375709714438,-0.0001102375709714438,6.9306792219485984e-06
0.0,0.0010179830611165563,0.00011244380716040253,-0.00011244380716040253,4.724443032989874e-06
0.0,-0.0025783763780462543,0.00012913445354291114,-0.00012913445354291114,-1.1966203349518754e-05
0.0,0.013673854659866258,5.370811038412637e-05,-5.370811038412637e-05,6.346013980926603e-05
0.0,-0.005859880503598425,0.00014436386147302738,-0.00014436386147302738,-2.719561127963499e-05
0.0,0.0005038772720600271,0.00011482976386842852,-0.00011482976386842852,2.3384863249638816e-06
0.0,-0.0032772408480052917,0.0001323778723209021,-0.0001323778723209021,-1.5209622127509693e-05
0.0,-0.0029133737680216987,0.00013068917104813502,-0.00013068917104813502,-1.3520920854742615e-05
0.0,-0.002284215165048731,0.0001277692560790185,-0.0001277692560790185,-1.0601005885626104e-05
0.0,0.0007998953585612867,0.00011345594868443525,-0.00011345594868443525,3.7123015089571476e-06
0.0,0.003268670195698986,0.0001019984043255508,-0.0001019984043255508,1.5169845867841589e-05
0.0,0.0003666328125562224,0.00011546671320018657,-0.00011546671320018657,1.7015369932058254e-06
0.0,-0.0033790271755046453,0.00013285026103165382,-0.00013285026103165382,-1.568201083826142e-05
0.0,0.008374752796581397,7.830115700283956e-05,-7.830115700283956e-05,3.886709319055284e-05
0.0,-0.0016267102694209612,0.0001247177864210674,-0.0001247177864210674,-7.549536227675005e-06
0.0,-0.0013143147950017697,0.0001232679640428458,-0.0001232679640428458,-6.0997138494534e-06
0.0,-0.0020098935338483948,0.0001264961337955285,-0.0001264961337955285,-9.32788360213611e-06
0.0,-0.012407972940626899,0.0001747534532797527,-0.0001747534532797527,-5.758520308636031e-05
0.0,0.0018898864360001877,0.00010839731760448477,-0.00010839731760448477,8.770932588907629e-06
0.0,-0.001060269661328106,0.00012208894465864006,-0.00012208894465864006,-4.9206944652476545e-06
0.0,-0.0008439958489141475,0.00012108522136961345,-0.00012108522136961345,-3.9169711762210455e-06
0.0,-0.001019587452981141,0.00012190013918325164,-0.00012190013918325164,-4.731888989859244e-06
0.0,0.007251474353500598,8.35142742119806e-05,-8.35142742119806e-05,3.36539759814118e-05
0.0,0.001085324742930105,0.0001121312754969337,-0.0001121312754969337,5.036974696458696e-06
0.0,0.002935109936855751,0.00010354645212827726,-0.00010354645212827726,1.3621798065115148e-05
0.0,-0.002255047489714501,0.00012763388936636402,-0.00012763388936636402,-1.0465639172971606e-05
0.0,-0.0016421255420062675,0.00012478932845349318,-0.00012478932845349318,-7.62107826010078e-06
0.0,0.0005595225490382383,0.00011457151503190058,-0.00011457151503190058,2.5967351614918217e-06
0.0,-0.0030548611983906016,0.0001313458119395157,-0.0001313458119395157,-1.417756174612329e-05
0.0,0.001929509405943275,0.00010821342803751235,-0.00010821342803751235,8.954822155880052e-06
0.0,-0.0008271302020167459,0.00012100694817330514,-0.00012100694817330514,-3.83869797991275e-06
0.0,0.0006876864837839225,0.00011397670826966852,-0.00011397670826966852,3.1915419237238786e-06
0.0,-0.001433879303282093,0.00012382286100499982,-0.00012382286100499982,-6.654610811607425e-06
0.0,-0.003759951034546627,0.00013461812254201785,-0.00013461812254201785,-1.7449872348625443e-05
0.0,-0.006814694227374907,0.00014879513662622212,-0.00014879513662622212,-3.1626886432829725e-05
0.0,0.008613348940219367,7.719383613320516e-05,-7.719383613320516e-05,3.9974414060187234e-05
0.0,-0.0029033798625895946,0.0001306427894935743,-0.0001306427894935743,-1.3474539300181896e-05
0.0,-0.0017163507793208632,0.0001251338065874597,-0.0001251338065874597,-7.965556394067305e-06
0.0,0.007557263417987681,8.209511207612352e-05,-8.209511207612352e-05,3.507313811726887e-05
0.0,-0.0030350729326357184,0.00013125397491604098,-0.00013125397491604098,-1.4085724722648587e-05
0.0,0.01084006896297951,6.685966427929482e-05,-6.685966427929482e-05,5.0308585914097574e-05
0.0,0.006090687476747014,8.89014674592331e-05,-8.89014674592331e-05,2.82667827341593e-05
0.0,-0.00048570348354270987,0.00011942239225780493,-0.00011942239225780493,-2.2541420644125367e-06
0.0,0.0005529198041311911,0.00011460215826494268,-0.00011460215826494268,2.5660919284497184e-06
0.0,-0.0019131470681601481,0.00012604713500247795,-0.00012604713500247795,-8.878884809085567e-06
0.0,0.0017322905115801923,0.0001091287177579775,-0.0001091287177579775,8.039532435414902e-06
0.0,0.0011890499458222514,0.00011164988849663159,-0.00011164988849663159,5.51836169676081e-06
0.0,-0.0012713605313821041,0.0001230686139954368,-0.0001230686139954368,-5.900363802044405e-06
0.0,0.0005821026438950216,0.00011446672117441402,-0.00011446672117441402,2.701529018978382e-06
0.0,0.0040886954080285864,9.819268048863615e-05,-9.819268048863615e-05,1.897556970475624e-05
0.0,3.744597299082386e-05,0.0001169944640343025,-0.0001169944640343025,1.7378615908989954e-07
0.0,-0.0010252486299153762,0.00012192641261445799,-0.00012192641261445799,-4.758162421065589e-06
0.0,0.0011306013658478609,0.0001119211474173304,-0.0001119211474173304,5.247102776061987e-06
0.0,-0.002162809124616749,0.0001272058125957324,-0.0001272058125957324,-1.003756240234e-05
0.0,-0.0014784413679722608,0.0001240296728313481,-0.0001240296728313481,-6.861422637955686e-06
0.0,0.004776513648450997,9.500052708446969e-05,-9.500052708446969e-05,2.2167723108922705e-05
0.0,-0.0006868970151433507,0.000120356128205838,-0.000120356128205838,-3.187878012445608e-06
0.0,-0.018178214414433458,0.000201533051262153,-0.000201533051262153,-8.436480106876061e-05
0.0,0.003686818283279214,0.00010005778576853903,-0.00010005778576853903,1.711046442485337e-05
0.0,0.006767499942466504,8.576039167865777e-05,-8.576039167865777e-05,3.1407858514734624e-05
0.0,0.005160131149745784,9.322016442368312e-05,-9.322016442368312e-05,2.3948085769709282e-05
0.0,0.001837871992654172,0.00010863871580045416,-0.00010863871580045416,8.529534392938242e-06
0.0,0.002489126548973042,0.00010561625386682547,-0.00010561625386682547,1.1551996326566929e-05
0.0,0.00444194837709877,9.655323913410508e-05,-9.655323913410508e-05,2.0615011059287314e-05
0.0,0.00031054999597146526,0.00011572699265099952,-0.00011572699265099952,1.4412575423928738e-06
0.0,-0.0012046245861250249,0.00012275889354559555,-0.00012275889354559555,-5.590643352203146e-06
0.0,-0.000459968801852062,0.00011930295801350009,-0.00011930295801350009,-2.134707820107687e-06
0.0,0.007571112611303388,8.203083819242928e-05,-8.203083819242928e-05,3.5137412000963123e-05
0.0,0.0037077313104922904,9.996072874520588e-05,-9.996072874520588e-05,1.7207521448186527e-05
0.0,-0.001217665183814387,0.00012281941474997783,-0.00012281941474997783,-5.6511645565854225e-06
0.0,-0.0027790399654609166,0.00013006573002849052,-0.00013006573002849052,-1.2897479835098125e-05
0.0,0.0015682572275503848,0.00010988999359400474,-0.00010988999359400474,7.278256599387663e-06
0.0,0.00026720472849017796,0.00011592815734104893,-0.00011592815734104893,1.2400928523434747e-06
0.0,-0.0008299892344156845,0.00012102021689673896,-0.00012102021689673896,-3.851966703346559e-06
0.0,-0.000978763178264619,0.00012171067438012437,-0.00012171067438012437,-4.54242418673198e-06
0.0,0.004511505177332342,9.623042714163428e-05,-9.623042714163428e-05,2.0937823051758122e-05
0.0,-0.0009958307964025304,0.00012178988492171526,-0.00012178988492171526,-4.621634728322863e-06
0.0,-0.0022395981461527104,0.00012756218921108371,-0.00012756218921108371,-1.0393939017691309e-05
0.0,0.0002836393681004967,0.00011585188444263595,-0.00011585188444263595,1.3163657507564473e-06
0.0,0.008347228657875183,7.842889608840645e-05,-7.842889608840645e-05,3.8739354104985944e-05
0.0,-0.0066966373620162,0.0001482472366106474,-0.0001482472366106474,-3.1078986417255e-05
0.0,-0.0005826443900691647,0.00011987229344766196,-0.00011987229344766196,-2.7040432542695583e-06
0.0,-0.00045578207221763645,0.00011928352746852551,-0.00011928352746852551,-2.1152772751331186e-06
0.0,0.0015609155178168965,0.00010992406635093505,-0.00010992406635093505,7.244183842457338e-06
0.0,0.000315801794623205,0.00011570261913782568,-0.00011570261913782568,1.4656310555667206e-06
0.0,-0.00807282488613359,0.00015463410080195593,-0.00015463410080195593,-3.746585060856354e-05
0.0,0.008808066374833778,7.629015564724825e-05,-7.629015564724825e-05,4.0878094546144145e-05
0.0,-0.008600023246820632,0.00015708081992459014,-0.00015708081992459014,-3.9912569731197746e-05
0.0,0.0015332318107057485,0.00011005254599090583,-0.00011005254599090583,7.1157042024865706e-06
0.0,0.002310833849555216,0.00010644370742059443,-0.00010644370742059443,1.0724542772797964e-05
0.0,0.001453279024245635,0.000110423605588445,-0.000110423605588445,6.744644604947392e-06
0.0,-0.009368823820586791,0.0001606488110368433,-0.0001606488110368433,-4.3480560843450915e-05
0.0,0.006403125486305727,8.745144767611229e-05,-8.745144767611229e-05,2.971680251728011e-05
0.0,0.0009277662125786179,0.00011286250210515521,-0.00011286250210515521,4.305748088237189e-06
0.0,-0.0007826806116978391,0.00012080065833870703,-0.00012080065833870703,-3.632408145314639e-06
0.0,0.007305607635895495,8.326304251802399e-05,-8.326304251802399e-05,3.390520767536841e-05
0.0,0.0018745843139260643,0.00010846833450720588,-0.00010846833450720588,8.699915686186517e-06
0.0,0.004673503078699293,9.547859748384743e-05,-9.547859748384743e-05,2.168965270954497e-05
0.0,-5.291283677333336e-05,0.00011741381781882549,-0.00011741381781882549,-2.4556762543309425e-07
0.0,0.0005978573436131729,0.00011439360386611752,-0.00011439360386611752,2.7746463272748754e-06
0.0,0.005372639356088893,9.223391725193777e-05,-9.223391725193777e-05,2.493433294145463e-05
0.0,-0.00015365928181010347,0.00011788138045177384,-0.00011788138045177384,-7.131302583814321e-07
0.0,-0.00036787164783502746,0.00011887553660122557,-0.00011887553660122557,-1.7072864078331703e-06
0.0,-0.0010637348279797232,0.00012210502644140314,-0.00012210502644140314,-4.936776248010745e-06
0.0,0.002923171678338221,0.00010360185739427187,-0.00010360185739427187,1.3566392799120531e-05
0.0,0.0002826639480466575,0.00011585641135143593,-0.00011585641135143593,1.3118388419564671e-06
0.0,-0.0009726882691745153,0.00012168248082462915,-0.00012168248082462915,-4.514230631236757e-06
0.0,-0.001341115577770502,0.0001233923460451274,-0.0001233923460451274,-6.224095851734983e-06
0.0,-0.0007281456077897763,0.0001205475622616614,-0.0001205475622616614,-3.3793120682689886e-06
0.0,0.0024491149692504877,0.00010580194696554148,-0.00010580194696554148,1.1366303227850922e-05
0.0,0.0004926487188865458,0.00011488187540332265,-0.00011488187540332265,2.2863747900697503e-06
0.0,-0.002183654185644257,0.0001273025541890902,-0.0001273025541890902,-1.0134303995697792e-05
0.0,0.0018891035295691694,0.00010840095106065393,-0.00010840095106065393,8.767299132738476e-06
0.0,0.001647199789928111,0.00010952362243020291,-0.00010952362243020291,7.644627763189488e-06
0.0,-0.0024144327873969473,0.0001283735939724219,-0.0001283735939724219,-1.1205343779029517e-05
0.0,-0.00036360867105078576,0.0001188557521944536,-0.0001188557521944536,-1.6875020010611972e-06
0.0,-0.014474441722801767,0.00018434390170050428,-0.00018434390170050428,-6.717565150711188e-05
0.0,0.0012755699762128092,0.00011124835042551241,-0.00011124835042551241,5.919899767879992e-06
0.0,0.010043754544535322,7.055534670269545e-05,-7.055534670269545e-05,4.6612903490696944e-05
0.0,-0.0004988078808476626,0.00011948320955517824,-0.00011948320955517824,-2.314959361785844e-06
0.0,0.0014201029158569245,0.00011057757537451084,-0.00011057757537451084,6.5906748188815565e-06
0.0,-0.015436952160958639,0.00018881089718149254,-0.00018881089718149254,-7.164264698810016e-05
0.0,-0.0018353673110713675,0.00012568616039934194,-0.00012568616039934194,-8.517910205949552e-06
0.0,0.001162651069903653,0.00011177240525567823,-0.00011177240525567823,5.395844937714161e-06
0.0,0.00994077978775465,7.103325089464995e-05,-7.103325089464995e-05,4.6134999298742444e-05
0.0,-0.0034535927149730306,0.00013319631850244922,-0.00013319631850244922,-1.602806830905681e-05
0.0,-0.0020744620703185834,0.00012679579533600872,-0.00012679579533600872,-9.627545142616308e-06
0.0,0.0016728693563305974,0.00010940449038490435,-0.00010940449038490435,7.763759808488042e-06
0.0,0.00048707205438569545,0.00011490775661368333,-0.00011490775661368333,2.2604935797090724e-06
0.0,0.000842821736810162,0.00011325672805258412,-0.00011325672805258412,3.911522140808277e-06
0.0,0.004615148933961866,9.574941813212858e-05,-9.574941813212858e-05,2.1418832061263816e-05
0.0,0.005720976220730423,9.061729145908404e-05,-9.061729145908404e-05,2.6550958734308355e-05
0.0,0.001982540682532896,0.00010796731073479456,-0.00010796731073479456,9.20093945859783e-06
0.0,-0.007550806889900619,0.00015221142366753177,-0.00015221142366753177,-3.504317347413938e-05
0.0,0.0031287267736885838,0.0001026478794989438,-0.0001026478794989438,1.4520370694448593e-05
0.0,-0.00017843612323464875,0.00011799636937479117,-0.00011799636937479117,-8.281191813987722e-07
0.0,-0.001488850703918465,0.00012407798239225096,-0.00012407798239225096,-6.909732198858552e-06
0.0,0.01083929931877714,6.686323618567387e-05,-6.686323618567387e-05,5.030501400771852e-05
0.0,0.0033639480109453057,0.00010155622151560774,-0.00010155622151560774,1.5612028677784664e-05
0.0,0.0007571207193879381,0.00011365446509767452,-0.00011365446509767452,3.5137850957178862e-06
0.0,-0.0011007176162897148,0.00012227666296783026,-0.00012227666296783026,-5.108412774437852e-06
0.0,0.0018471814878802117,0.00010859551058266489,-0.00010859551058266489,8.5727396107275e-06
0.0,0.0014559207541648966,0.00011041134536232847,-0.00011041134536232847,6.756904831063931e-06
0.0,0.0011101954279371107,0.00011201585104735774,-0.00011201585104735774,5.152399146034661e-06
0.0,0.0006343478158390425,0.00011422425217072789,-0.00011422425217072789,2.9439980226645112e-06
0.0,-0.0030459176984141134,0.00013130430529979998,-0.00013130430529979998,-1.4136055106407576e-05
0.0,0.0006477937229520947,0.00011416184993182146,-0.00011416184993182146,3.0064002615709355e-06
0.0,-0.002222050282888466,0.00012748074985957652,-0.00012748074985957652,-1.0312499666184136e-05
0.0,7.216672978804795e-05,0.00011683332555978716,-0.00011683332555978716,3.3492463360524264e-07
0.0,0.004085143947080816,9.820916276184139e-05,-9.820916276184139e-05,1.8959087431551e-05
0.0,0.001204615596159142,0.00011157764856347649,-0.00011157764856347649,5.590601629915905e-06
0.0,0.0037051100814438076,9.997289382711047e-05,-9.997289382711047e-05,1.7195356366281926e-05
0.0,0.003874003457017716,9.918906238430325e-05,-9.918906238430325e-05,1.797918780908914e-05
0.0,0.0021588381272976687,0.00010714911712581714,-0.00010714911712581714,1.0019133067575261e-05
0.0,0.0012467201713795006,0.00011138224190627864,-0.00011138224190627864,5.786008287113756e-06
0.0,0.005646787369921524,9.096160072386217e-05,-9.096160072386217e-05,2.620664946953023e-05
0.0,-0.0010736344069645076,0.00012215097022843718,-0.00012215097022843718,-4.982720035044783e-06
0.0,-0.0018044339160793177,0.00012554259901012137,-0.00012554259901012137,-8.37434881672897e-06
0.0,0.002322412261707374,0.00010638997219580067,-0.00010638997219580067,1.0778277997591732e-05
0.0,0.0018035072962026,0.00010879820180462535,-0.00010879820180462535,8.370048388767048e-06
0.0,-0.0016867529508860502,0.0001249964435411757,-0.0001249964435411757,-7.828193347783303e-06
0.0,0.0008781073155288421,0.00011309296824860503,-0.00011309296824860503,4.075281944787369e-06
0.0,0.0017507533144689447,0.00010904303218637126,-0.00010904303218637126,8.125218007021131e-06
0.0,0.0006725789853143649,0.00011404682192736742,-0.00011404682192736742,3.1214282660249766e-06
0.0,0.0007423349056041584,0.00011372308582191451,-0.00011372308582191451,3.4451643714778927e-06
0.0,0.00032799789456050554,0.00011564601723394407,-0.00011564601723394407,1.522232959448332e-06
0.0,0.0051168427389869375,9.342106524259705e-05,-9.342106524259705e-05,2.3747184950795342e-05
0.0,-0.003972484039719171,0.00013560448480473222,-0.00013560448480473222,-1.843623461133981e-05
0.0,0.001617908278173541,0.0001096595638656948,-0.0001096595638656948,7.5086863276975925e-06
0.0,-0.004663049754275228,0.00013880938919221542,-0.00013880938919221542,-2.164113899882302e-05
0.0,0.001270946219078306,0.0001112698092080941,-0.0001112698092080941,5.898440985298306e-06
0.0,0.008073022498049642,7.970148247110105e-05,-7.970148247110105e-05,3.7466767722291355e-05
0.0,-0.003192470570786421,0.00013198445482614336,-0.00013198445482614336,-1.4816204632750948e-05
0.0,0.0009444586571358826,0.00011278503273812503,-0.00011278503273812503,4.3832174552673635e-06
0.0,0.0015921101716727115,0.0001097792924635248,-0.0001097792924635248,7.388957729867594e-06
0.0,0.00018996581088659426,0.0001162866219168226,-0.0001162866219168226,8.816282765698032e-07
0.0,0.0030970753849743904,0.00010279477308549446,-0.00010279477308549446,1.437347710789794e-05
0.0,0.0012712512404724485,0.00011126839360870397,-0.00011126839360870397,5.899856584688425e-06
0.0,-0.00018910292286977715,0.00011804587382053824,-0.00011804587382053824,-8.776236271458427e-07
0.0,0.001443655000098465,0.0001104682705299044,-0.0001104682705299044,6.699979663487999e-06
0.0,-0.003761887644002093,0.00013462711031538948,-0.00013462711031538948,-1.74588601219971e-05
0.0,-0.0008976438525517549,0.00012133420089265336,-0.00012133420089265336,-4.165950699260958e-06
0.0,0.0009836343625724275,0.00011260321891854228,-0.00011260321891854228,4.5650312748501205e-06
0.0,-0.0023096092988857952,0.0001278871098462057,-0.0001278871098462057,-1.0718859652813293e-05
0.0,-0.005525675723266343,0.00014281282245642529,-0.00014281282245642529,-2.5644572263032894e-05
0.0,0.008196058063241196,7.913047638958369e-05,-7.913047638958369e-05,3.803777380380871e-05
0.0,-0.0026259630899742037,0.00012935530270849973,-0.00012935530270849973,-1.2187052515107331e-05
0.0,0.0012756828808564435,0.00011124782643687508,-0.00011124782643687508,5.920423756517314e-06
0.0,0.006541139295859866,8.681092780313005e-05,-8.681092780313005e-05,3.035732239026234e-05
0.0,-0.0007502611166068096,0.00012065019998280093,-0.00012065019998280093,-3.4819497894085313e-06
0.0,0.0020560951489239088,0.00010762594563790862,-0.00010762594563790862,9.54230455548378e-06
0.0,-0.0003842577408796899,0.00011895158419580721,-0.00011895158419580721,-1.7833340024148204e-06
0.0,0.00984851271879017,7.146146087946592e-05,-7.146146087946592e-05,4.570678931392648e-05
0.0,-0.000369225702197995,0.00011888182074577155,-0.00011888182074577155,-1.7135705523791462e-06
0.0,0.008190950433802913,7.915418081575393e-05,-7.915418081575393e-05,3.801406937763847e-05
0.0,-0.002024530803113933,0.00012656406512704567,-0.00012656406512704567,-9.395814933653276e-06
0.0,-0.0010521566439205543,0.00012205129227518527,-0.00012205129227518527,-4.883042081792873e-06
0.0,-0.0037393815604747083,0.0001345226599432937,-0.0001345226599432937,-1.7354409749901303e-05
0.0,-0.00011410565998426492,0.0001176978127282995,-0.0001176978127282995,-5.29562534907099e-07
0.0,0.0029323579853828274,0.00010355922389085365,-0.00010355922389085365,1.3609026302538745e-05
0.0,0.005506306319651655,9.161357102137048e-05,-9.161357102137048e-05,2.5554679172021916e-05
0.0,0.003201957471006933,0.00010230801700912281,-0.00010230801700912281,1.4860233184269584e-05
0.0,0.001548922064604108,0.00010997972777462369,-0.00010997972777462369,7.188522418768717e-06
0.0,-0.0004729570906678582,0.00011936323645324047,-0.00011936323645324047,-2.1949862598480735e-06
0.0,-0.004070859227173984,0.00013606104246933635,-0.00013606104246933635,-1.889279227594397e-05
0.0,0.008974343513216354,7.55184661192168e-05,-7.55184661192168e-05,4.16497840741756e-05
0.0,0.005362807225250732,9.227954801320686e-05,-9.227954801320686e-05,2.4888702180185534e-05
0.0,-0.0032302694598687065,0.0001321598788631442,-0.0001321598788631442,-1.499162866975181e-05
0.0,-0.0008278931807477186,0.00012101048914533853,-0.00012101048914533853,-3.842238951946125e-06
0.0,0.0019856558213586784,0.00010795285342554806,-0.00010795285342554806,9.215396767844334e-06
0.0,-0.0004581666477052604,0.00011929459424505595,-0.00011929459424505595,-2.1263440516635517e-06
0.0,-0.0010584151831672939,0.00012208033805528748,-0.00012208033805528748,-4.91208786189507e-06
0.0,0.0007909409391904099,0.00011349750600088491,-0.00011349750600088491,3.670744192507493e-06
0.0,0.0018339987251561052,0.00010865669157268958,-0.00010865669157268958,8.511558620702822e-06
0.0,-0.005183153157965359,0.00014122318073340573,-0.00014122318073340573,-2.4054930540013327e-05
0.0,0.008303361477520088,7.863248296771878e-05,-7.863248296771878e-05,3.8535767225673614e-05
0.0,0.006398818768781567,8.747143508295555e-05,-8.747143508295555e-05,2.9696815110436858e-05
0.0,0.004028636080503967,9.847141486283933e-05,-9.847141486283933e-05,1.8696835330553072e-05
0.0,0.007033767443369587,8.452464848448968e-05,-8.452464848448968e-05,3.264360170890273e-05
0.0,0.0016623439316436617,0.00010945333871178803,-0.00010945333871178803,7.714911481604378e-06
0.0,0.0013029315960912946,0.00011112136558721417,-0.00011112136558721417,6.046884606178227e-06
0.0,-0.0011122268282528491,0.00012233007703565845,-0.00012233007703565845,-5.161826842266047e-06
0.0,0.007033646478779465,8.452520987920915e-05,-8.452520987920915e-05,3.264304031418324e-05
0.0,0.006749602987881076,8.584345115737849e-05,-8.584345115737849e-05,3.13247990360139e-05
0.0,-0.003524487622672101,0.00013352534063017102,-0.00013352534063017102,-1.6357090436778623e-05
0.0,0.009415051560751175,7.347314715047606e-05,-7.347314715047606e-05,4.3695103042916336e-05
0.0,-0.0016163897301626484,0.00012466988896416654,-0.00012466988896416654,-7.501638770774147e-06
0.0,0.004385235112838837,9.681644448245054e-05,-9.681644448245054e-05,2.035180571094186e-05
0.0,0.008066726499347698,7.973070209993307e-05,-7.973070209993307e-05,3.743754809345933e-05
0.0,0.0021743654797181655,0.00010707705493267678,-0.00010707705493267678,1.009119526071562e-05
0.0,-0.0005599757022828333,0.0001197670884318126,-0.0001197670884318126,-2.59883823842019e-06
0.0,0.0006026209018938911,0.00011437149626866212,-0.00011437149626866212,2.7967539247302747e-06
0.0,0.011841196508761032,6.221344742219506e-05,-6.221344742219506e-05,5.495480277119734e-05
0.0,-0.006731974332887192,0.00014841123492477976,-0.00014841123492477976,-3.124298473138737e-05
0.0,-0.010898815620283941,0.00016774947840028897,-0.00016774947840028897,-5.058122820689658e-05
0.0,0.0004889853730833948,0.00011489887693234431,-0.00011489887693234431,2.2693732610480925e-06
0.0,-0.0006480882520516484,0.00012017601735978282,-0.00012017601735978282,-3.0077671663904254e-06
0.0,-0.02120854792396809,0.00021559678039832715,-0.00021559678039832715,-9.842853020493475e-05
0.0,-0.04097922480422822,0.0003073521741884644,-0.0003073521741884644,-0.00019018392399507196
0.0,0.017440920592313836,3.622521790864173e-05,-3.622521790864173e-05,8.094303228475067e-05
0.0,-0.005001588416939429,0.0001403805416870981,-0.0001403805416870981,-2.3212291493705706e-05
0.0,-0.03753641975808808,0.0002913741712771597,-0.0002913741712771597,-0.0001742059210837673
0.0,0.014936090208494734,4.785009548045091e-05,-4.785009548045091e-05,6.931815471294149e-05
0.0,0.013914584754042503,5.259088588432526e-05,-5.259088588432526e-05,6.457736430906714e-05
0.0,0.0026129297463290957,0.0001050416852167645,-0.0001050416852167645,1.2126564976627904e-05
0.0,0.013402458257245842,5.496765672877004e-05,-5.496765672877004e-05,6.220059346462236e-05
0.0,0.012069112762299383,6.115569175094314e-05,-6.115569175094314e-05,5.601255844244925e-05
0.0,0.0003734693722488025,0.000115434984836481,-0.000115434984836481,1.733265356911409e-06
0.0,-0.005841389459353419,0.00014427804483374047,-0.00014427804483374047,-2.7109794640348075e-05
0.0,-0.0054965031281792864,0.00014267743291127697,-0.00014267743291127697,-2.5509182717884557e-05
0.0,0.0009735510790762625,0.00011265001527526246,-0.00011265001527526246,4.518234918129933e-06
0.0,0.01602837635051313,4.278081304265666e-05,-4.278081304265666e-05,7.438743715073574e-05
0.0,0.011757015343810906,6.260413085637851e-05,-6.260413085637851e-05,5.456411933701389e-05
0.0,-0.012706888443829278,0.00017614071532810958,-0.00017614071532810958,-5.897246513471717e-05
0.0,-0.011095788639207016,0.00016866362701678698,-0.00016866362701678698,-5.149537682339458e-05
0.0,-0.013324399541987275,0.00017900657441449416,-0.00017900657441449416,-6.183832422110175e-05
0.0,0.005071602744632031,9.363102332962859e-05,-9.363102332962859e-05,2.3537226863763806e-05
0.0,0.011032026532745043,6.596879228176499e-05,-6.596879228176499e-05,5.119945791162741e-05
0.0,0.002638858606169414,0.00010492134979478645,-0.00010492134979478645,1.2246900398605949e-05
0.0,-0.00048387472056610203,0.00011941390499820913,-0.00011941390499820913,-2.2456548048167353e-06
0.0,0.004463078207817217,9.64551759291864e-05,-9.64551759291864e-05,2.0713074264205997e-05
0.0,0.01737883151892694,3.651337230078434e-05,-3.651337230078434e-05,8.065487789260806e-05
0.0,-0.001273985129042532,0.00012308079471101533,-0.00012308079471101533,-5.912544517622923e-06
0.0,-0.006363576551088879,0.0001467015067376752,-0.0001467015067376752,-2.953325654428281e-05
0.0,-0.005724521948562322,0.00014373566459360734,-0.00014373566459360734,-2.6567414400214937e-05
0.0,-0.000781930531963182,0.00012079717723070834,-0.00012079717723070834,-3.628927037315945e-06
0.0,0.001703447167811456,0.00010926257925304685,-0.00010926257925304685,7.905670940345548e-06
0.0,-0.014204195388793028,0.00018308969280581182,-0.00018308969280581182,-6.592144261241942e-05
0.0,0.0014818054520648882,0.00011029121489520603,-0.00011029121489520603,6.877035298186371e-06
0.0,-0.0018439898833508828,0.00012572617761877163,-0.00012572617761877163,-8.55792742537924e-06
0.0,-0.025162888405856454,0.00023394881104924606,-0.00023394881104924606,-0.00011678056085585367
0.0,-0.02096688071186603,0.0002144752067492869,-0.0002144752067492869,-9.73069565558945e-05
0.0,0.02715725576151251,-8.868137521031045e-06,8.868137521031045e-06,0.00012603638771442344
0.0,-0.017276308813847896,0.0001973473218587311,-0.0001973473218587311,-8.017907166533871e-05
0.0,-0.00291665716625622,0.00013070440924659442,-0.00013070440924659442,-1.353615905320203e-05
0.0,0.013769718690019195,5.3263206960219085e-05,-5.3263206960219085e-05,6.390504323317331e-05
0.0,-0.022337423560165104,0.000220835874090803,-0.000220835874090803,-0.00010366762389741059
0.0,0.012614865848792123,5.86228604439219e-05,-5.86228604439219e-05,5.85453897494705e-05
0.0,0.01156648273982852,6.348838961060048e-05,-6.348838961060048e-05,5.367986058279192e-05
0.0,0.0068628636575538415,8.53178102089325e-05,-8.53178102089325e-05,3.18504399844599e-05
0.0,-0.021920248779842444,0.00021889977263713764,-0.00021889977263713764,-0.00010173152244374523
0.0,0.0033365488963206236,0.00010168338036642073,-0.00010168338036642073,1.5484869826971673e-05
0.0,0.0167269537832615,3.953872639974923e-05,-3.953872639974923e-05,7.762952379364317e-05
0.0,-0.005525364482924067,0.00014281137799499678,-0.00014281137799499678,-2.5643127801604387e-05
0.0,0.008250750063987677,7.887665169273306e-05,-7.887665169273306e-05,3.829159850065935e-05
0.0,-0.0028866254882486952,0.00013056503271141316,-0.00013056503271141316,-1.339678251802076e-05
0.0,0.008109038386684864,7.953433331053153e-05,-7.953433331053153e-05,3.7633916882860865e-05
0.0,0.010661504701720004,6.768837814720844e-05,-6.768837814720844e-05,4.947987204618395e-05
0.0,0.0008313658006817715,0.00011330989486811914,-0.00011330989486811914,3.858355325273264e-06
0.0,-0.005726124690152989,0.00014374310289158197,-0.00014374310289158197,-2.6574852698189567e-05
0.0,-0.00853653230061302,0.00015678615946320733,-0.00015678615946320733,-3.9617909269814936e-05
0.0,5.623169212687351e-05,0.00011690727981358014,-0.00011690727981358014,2.6097037981226424e-07
0.0,-0.01338056164164636,0.0001792672218167814,-0.0001792672218167814,-6.209897162338899e-05
0.0,0.001837059563023713,0.00010864248627331763,-0.00010864248627331763,8.525763920074768e-06
0.0,0.010434204774367295,6.874327345853394e-05,-6.874327345853394e-05,4.842497673485847e-05
0.0,0.0011136248915897262,0.00011199993496163945,-0.00011199993496163945,5.168315231752944e-06
0.0,-0.008187490964434607,0.00015516626422926812,-0.00015516626422926812,-3.799801403587571e-05
0.0,0.0025490454770622506,0.00010533817108414656,-0.00010533817108414656,1.1830079109245835e-05
0.0,-0.007205863568357729,0.0001506105472536824,-0.0001506105472536824,-3.344229706029e-05
0.0,-0.0022536742393085563,0.00012762751613329095,-0.00012762751613329095,-1.045926593989855e-05
0.0,0.012811178963797909,5.771177443090283e-05,-5.771177443090283e-05,5.9456475762489566e-05
0.0,0.0034579455015175675,0.00010111998067190885,-0.00010111998067190885,1.604826952148354e-05
0.0,-0.0002656413228280252,0.00011840108730517355,-0.00011840108730517355,-1.2328371117811585e-06
0.0,0.009682220255068819,7.223322153214844e-05,-7.223322153214844e-05,4.493502866124396e-05
0.0,0.009370643723504823,7.36792432097352e-05,-7.36792432097352e-05,4.34890069836572e-05
0.0,0.0017075955546570487,0.00010924332665633929,-0.00010924332665633929,7.924923537053111e-06
0.0,0.0008834895573073265,0.0001130679893509755,-0.0001130679893509755,4.100260842416901e-06
0.0,-0.006842140279927467,0.00014892251331520434,-0.00014892251331520434,-3.175426312181195e-05
0.0,0.004060561678767671,9.83232486741745e-05,-9.83232486741745e-05,1.88450015192179e-05
0.0,-0.0008558723207806596,0.00012114033988475327,-0.00012114033988475327,-3.9720896913608755e-06
0.0,-0.00263219493841671,0.00012938422461700825,-0.00012938422461700825,-1.2215974423615863e-05
0.0,0.007386752997235124,8.28864481996274e-05,-8.28864481996274e-05,3.4281801993765e-05
0.0,-0.0031357617896576873,0.00013172127028393776,-0.00013172127028393776,-1.455302009054537e-05
0.0,0.0032484098921563564,0.00010209243206881527,-0.00010209243206881527,1.5075818124577128e-05
0.0,-0.002023213496498033,0.0001265579515282035,-0.0001265579515282035,-9.389701334811098e-06
0.0,-0.0023572204364039617,0.00012810807237056607,-0.00012810807237056607,-1.0939822177173675e-05
0.0,-0.011564187290653005,0.0001708374576334366,-0.0001708374576334366,-5.3669207440044184e-05
0.0,0.012695791223314323,5.8247287080810967e-05,-5.8247287080810967e-05,5.892096311258143e-05
0.0,-0.006879559974886984,0.0001490961775183731,-0.0001490961775183731,-3.192792732498071e-05
0.0,0.010849230370481022,6.681714633425611e-05,-6.681714633425611e-05,5.035110385913629e-05
0.0,0.004479598435997323,9.637850581559601e-05,-9.637850581559601e-05,2.0789744377796392e-05
0.0,0.0007025929724704394,0.00011390752749514353,-0.00011390752749514353,3.260722698248862e-06
0.0,0.008567392465728796,7.740711939303624e-05,-7.740711939303624e-05,3.9761130800356156e-05
0.0,-0.0007141884679080501,0.00012048278739968838,-0.00012048278739968838,-3.3145372062959794e-06
0.0,0.0031259043893263616,0.00010266097813942796,-0.00010266097813942796,1.4507272053964445e-05
0.0,0.001068707668436586,0.00011220839507270883,-0.00011220839507270883,4.959855120683564e-06
0.0,0.0017433852107295866,0.00010907722743745883,-0.00010907722743745883,8.091022755933577e-06
0.0,-0.004026127868587581,0.00013585344495273534,-0.00013585344495273534,-1.868519475934295e-05
0.0,0.002471549778432225,0.00010569782737653882,-0.00010569782737653882,1.1470422816853571e-05
0.0,-0.001017102715529128,0.00012188860755665356,-0.00012188860755665356,-4.720357363261158e-06
0.0,-0.0021261277624751163,0.00012703557498331032,-0.00012703557498331032,-9.867324789917907e-06
0.0,-0.004023402292699374,0.00013584079559882388,-0.00013584079559882388,-1.8672545405431494e-05
0.0,0.0017121542893689945,0.00010922216964177612,-0.00010922216964177612,7.94608055161628e-06
0.0,-0.006345510515579966,0.00014661766255710484,-0.00014661766255710484,-2.9449412363712447e-05
0.0,0.0018619345065358228,0.00010852704206008789,-0.00010852704206008789,8.641208133304508e-06
0.0,-0.013724668973416176,0.00018086421841552393,-0.00018086421841552393,-6.369596822213152e-05
0.0,0.0022045770199778936,0.00010693684365967248,-0.00010693684365967248,1.0231406533719919e-05
0.0,-0.008604355128821406,0.0001571009241193651,-0.0001571009241193651,-3.99326739259727e-05
0.0,0.00617868985946779,8.8493049814763e-05,-8.8493049814763e-05,2.8675200378629392e-05
0.0,0.0007584033300001014,0.00011364851252242829,-0.00011364851252242829,3.5197376709641065e-06
0.0,0.003067957412152822,0.00010292990912958615,-0.00010292990912958615,1.4238341063806242e-05
0.0,-0.00494735062681062,0.0001401288249744273,-0.0001401288249744273,-2.296057478103491e-05
0.0,0.008620803683929923,7.715923878740314e-05,-7.715923878740314e-05,4.000901140598926e-05
0.0,0.008481281595267509,7.780675855949674e-05,-7.780675855949674e-05,3.936149163389566e-05
0.0,0.008822985887663393,7.622091442788438e-05,-7.622091442788438e-05,4.0947335765508014e-05
0.0,0.003473267180873929,0.00010104887300415506,-0.00010104887300415506,1.6119377189237336e-05
0.0,-0.007094202866256172,0.0001500923317290313,-0.0001500923317290313,-3.292408153563889e-05
0.0,0.008749042674663476,7.656408369153713e-05,-7.656408369153713e-05,4.0604166501855265e-05
0.0,0.0010792374947172778,0.00011215952631809926,-0.00011215952631809926,5.008723875293138e-06
0.0,-0.001028135726814483,0.00012193981158478623,-0.00012193981158478623,-4.771561391393829e-06
0.0,0.00397369863071062,9.872637868477339e-05,-9.872637868477339e-05,1.8441871508619017e-05
0.0,0.0021605126279586884,0.0001071413457951498,-0.0001071413457951498,1.0026904398242604e-05
0.0,-0.003952993120479142,0.00013551402776165614,-0.00013551402776165614,-1.8345777568263752e-05
0.0,-0.0009484477101494582,0.0001215699807796126,-0.0001215699807796126,-4.401730586220194e-06
0.0,0.0018380494891383492,0.00010863789204212253,-0.00010863789204212253,8.53035815126987e-06
0.0,0.004780911145920941,9.498011836935642e-05,-9.498011836935642e-05,2.2188131824035976e-05
0.0,0.009101605057599604,7.492784733616011e-05,-7.492784733616011e-05,4.224040285723228e-05
0.0,-0.0030322960242857855,0.0001312410873289993,-0.0001312410873289993,-1.407283713560691e-05
0.0,-0.00656220869212365,0.0001476233553132402,-0.0001476233553132402,-3.0455105119847803e-05
0.0,-0.005754170294581917,0.00014387326209119075,-0.00014387326209119075,-2.670501189779836e-05
0.0,0.004884728797982518,9.449830231394416e-05,-9.449830231394416e-05,2.2669947879448247e-05
0.0,-0.0010403515262938923,0.00012199650491392629,-0.00012199650491392629,-4.8282547205338985e-06
0.0,0.004926444803381669,9.430469900304425e-05,-9.430469900304425e-05,2.286355119034815e-05
0.0,0.004644183009877123,9.56146714522313e-05,-9.56146714522313e-05,2.155357874116111e-05
0.0,0.003538227451535869,0.00010074739343158407,-0.00010074739343158407,1.6420856761808338e-05
0.0,0.0028241822564987196,0.00010406126571078784,-0.00010406126571078784,1.3106984482604563e-05
0.0,-0.0002623799656497061,0.00011838595139890189,-0.00011838595139890189,-1.217701205509495e-06
0.0,-0.0014416744645237012,0.00012385903822309475,-0.00012385903822309475,-6.690788029702347e-06
0.0,-0.007113887913551609,0.00015018368971729388,-0.00015018368971729388,-3.301543952390148e-05
0.0,-0.004005992185342366,0.00013575999557026918,-0.00013575999557026918,-1.8591745376876793e-05
0.0,0.006389254777276809,8.75158214138859e-05,-8.75158214138859e-05,2.9652428779506492e-05
0.0,-0.007602164835758152,0.0001524497750692036,-0.0001524497750692036,-3.528152487581119e-05
0.0,0.007919408484583057,8.041440263982744e-05,-8.041440263982744e-05,3.675384755356497e-05
0.0,0.0033231157222237684,0.00010174572351160353,-0.00010174572351160353,1.5422526681788865e-05
0.0,0.0024280177746833775,0.0001058998587066061,-0.0001058998587066061,1.12683914867863e-05
0.0,0.0020685364303643095,0.0001075682058506099,-0.0001075682058506099,9.600044342782497e-06
0.0,-0.0003981517707819515,0.00011901606616537938,-0.00011901606616537938,-1.8478159719869814e-06
0.0,-0.0016912621251551352,0.00012501737054651974,-0.00012501737054651974,-7.849120353127331e-06
0.0,0.006198839704363079,8.839953470830636e-05,-8.839953470830636e-05,2.8768715485086037e-05
0.0,0.007670409427647185,8.157000326295709e-05,-8.157000326295709e-05,3.559824693043531e-05
0.0,0.00026927832649970007,0.00011591853380599859,-0.00011591853380599859,1.2497163873938156e-06
0.0,0.005701434129840033,9.070798598896738e-05,-9.070798598896738e-05,2.6460264204425025e-05
0.0,-0.004430329054144866,0.00013772933616151226,-0.00013772933616151226,-2.0561085968119862e-05
0.0,0.00013447750859452157,0.00011654414223635392,-0.00011654414223635392,6.241079570384714e-07
0.0,-0.0016543221469484948,0.00012484593270109453,-0.00012484593270109453,-7.677682507702143e-06
0.0,-0.002803126684318036,0.0001301775161037591,-0.0001301775161037591,-1.3009265910366694e-05
0.0,-0.0036523050860121087,0.00013411853942417532,-0.00013411853942417532,-1.6950289230782915e-05
0.0,-0.002213344827027508,0.00012744034797877688,-0.00012744034797877688,-1.0272097785384476e-05
0.0,0.0018978268127400888,0.00010836046644359512,-0.00010836046644359512,8.807783749797276e-06
0.0,0.003739841510076891,9.981170582477635e-05,-9.981170582477635e-05,1.7356544368616053e-05
0.0,0.00035667194221011833,0.00011551294143944386,-0.00011551294143944386,1.6553087539485333e-06
0.0,0.005282254329749936,9.265339270716325e-05,-9.265339270716325e-05,2.4514857486229154e-05
0.0,0.00027548183892078804,0.00011588974340451025,-0.00011588974340451025,1.2785067888821558e-06
0.0,-0.005569722252617426,0.0001430172416915468,-0.0001430172416915468,-2.584899149815441e-05
0.0,0.005369014643958003,9.22507394827071e-05,-9.22507394827071e-05,2.49175107106853e-05
0.0,0.0012532727238796504,0.00011135183161539062,-0.00011135183161539062,5.816418578001777e-06
0.0,0.007840591898404803,8.078018915011129e-05,-8.078018915011129e-05,3.638806104328111e-05
0.0,-0.00036853301202766087,0.00011887860598181892,-0.00011887860598181892,-1.7103557884265257e-06
0.0,-0.0035156877607932513,0.00013348450061255893,-0.00013348450061255893,-1.6316250419166537e-05
0.0,-0.0013050961134796202,0.0001232251802899974,-0.0001232251802899974,-6.056930096604997e-06
0.0,-0.003289278113945082,0.0001324337370787529,-0.0001324337370787529,-1.526548688536049e-05
0.0,0.0027632870875580196,0.00010434387921157544,-0.00010434387921157544,1.282437098181696e-05
0.0,-6.870120538793323e-06,0.00011720013431244611,-0.00011720013431244611,-3.188411905371229e-08
0.0,0.003641105118425747,0.00010026993983225301,-0.00010026993983225301,1.6898310361139383e-05
0.0,-0.0003966902079042267,0.00011900928307554351,-0.00011900928307554351,-1.8410328821511152e-06
0.0,0.0007115197468861023,0.00011386609847848692,-0.00011386609847848692,3.302151714905478e-06
0.0,-0.008169482334351885,0.0001550826864663585,-0.0001550826864663585,-3.791443627296609e-05
0.0,-0.005527978766503461,0.00014282351084309093,-0.00014282351084309093,-2.565526064969852e-05
0.0,-0.00039511662920677093,0.00011900198012208779,-0.00011900198012208779,-1.8337299286953847e-06
0.0,-0.0014179036575431292,0.0001237487182897702,-0.0001237487182897702,-6.580468096377786e-06
0.0,-0.0328642290012785,0.00026969060903242275,-0.00026969060903242275,-0.00015252235883903036
0.0,-0.02057300761734404,0.0002126472480450865,-0.0002126472480450865,-9.54789978516941e-05
0.0,0.014206197825152422,5.123751430599769e-05,-5.123751430599769e-05,6.593073588739471e-05
0.0,-0.005904978964482943,0.00014457316270549656,-0.00014457316270549656,-2.7404912512104155e-05
0.0,0.02149560016316343,1.7407515157776983e-05,-1.7407515157776983e-05,9.976073503561542e-05
0.0,-0.00025266233815879335,0.0001183408520458279,-0.0001183408520458279,-1.1726018524355079e-06
0.0,-0.014391922356395415,0.0001839609306466661,-0.0001839609306466661,-6.679268045327369e-05
0.0,-0.00036116989772350117,0.00011884443388661997,-0.00011884443388661997,-1.676183693227574e-06
0.0,-0.004299527548581317,0.00013712228847548644,-0.00013712228847548644,-1.9954038282094033e-05
0.0,-0.005511829997012829,0.00014274856466331098,-0.00014274856466331098,-2.5580314469918583e-05
0.0,-0.030864433977743855,0.0002604095924544226,-0.0002604095924544226,-0.00014324134226103023
0.0,0.018625040052811848,3.072973851506366e-05,-3.072973851506366e-05,8.643851167832874e-05
0.0,-0.017327264039978307,0.00019758380424461896,-0.00019758380424461896,-8.041555405122655e-05
0.0,-0.0065595995737004476,0.000147611246436553,-0.000147611246436553,-3.0442996243160576e-05
0.0,0.015666780052058682,4.445897565482653e-05,-4.445897565482653e-05,7.270927453856587e-05
0.0,0.010851331974038647,6.680739282590692e-05,-6.680739282590692e-05,5.036085736748548e-05
0.0,0.010557843693063784,6.81694672230929e-05,-6.81694672230929e-05,4.8998782970299504e-05
0.0,-0.0063166863793988615,0.00014648389020414113,-0.00014648389020414113,-2.9315640010748727e-05
0.0,0.005600317169601965,9.11772681770127e-05,-9.11772681770127e-05,2.5990982016379703e-05
0.0,0.006259295774170726,8.811895905954124e-05,-8.811895905954124e-05,2.904929113385116e-05
0.0,0.021208856064105275,1.8738289915031173e-05,-1.8738289915031173e-05,9.842996027836123e-05
0.0,-0.0025089163835961825,0.0001288120908245264,-0.0001288120908245264,-1.164384063113401e-05
0.0,-0.00919901370610332,0.00015986072502348402,-0.00015986072502348402,-4.269247483009161e-05
0.0,-0.01970148934024063,0.00020860254572178024,-0.00020860254572178024,-9.143429552838785e-05
0.0,-0.0014819196931705747,0.000124045815682715,-0.000124045815682715,-6.8775654893226066e-06
0.0,-0.007567410690302756,0.00015228848163846207,-0.00015228848163846207,-3.512023144506966e-05
0.0,0.010593753366266334,6.800281100664009e-05,-6.800281100664009e-05,4.916543918675231e-05
0.0,0.0022233054237545957,0.00010684992543861209,-0.00010684992543861209,1.0318324754780309e-05
0.0,-0.01664310858849427,0.00019440864978507365,-0.00019440864978507365,-7.724039959168126e-05
0.0,-0.01815124083246611,0.00020140786730156663,-0.00020140786730156663,-8.423961710817423e-05
0.0,0.0030432907461763747,0.00010304438673011882,-0.00010304438673011882,1.4123863463273584e-05
0.0,-0.006554842390161242,0.00014758916842417052,-0.00014758916842417052,-3.0420918230778126e-05
0.0,0.0155323683669224,4.508277812625275e-05,-4.508277812625275e-05,7.208547206713965e-05
0.0,0.003261692144003847,0.00010203078935136724,-0.00010203078935136724,1.5137460842025164e-05
0.0,0.022973979644221654,1.0546379735995148e-05,-1.0546379735995148e-05,0.00010662187045739725
0.0,-0.0021831080910337253,0.0001273000197727756,-0.0001273000197727756,-1.0131769579383193e-05
0.0,0.008170747552017188,7.924794206556706e-05,-7.924794206556706e-05,3.792030812782534e-05
0.0,0.010941426132194287,6.638926728524749e-05,-6.638926728524749e-05,5.0778982908144904e-05
0.0,-0.03236490314939877,0.0002673732457753982,-0.0002673732457753982,-0.00015020499558200578
0.0,-0.0015222281477752508,0.00012423288657298972,-0.00012423288657298972,-7.064636379597318e-06
0.0,-0.023320118765389863,0.00022539654675148992,-0.00022539654675148992,-0.00010822829655809752
0.0,0.0017621539947350051,0.00010899012181240566,-0.00010899012181240566,8.178128380986741e-06
0.0,-0.00035634616892232795,0.00011882204703874576,-0.00011882204703874576,-1.6537968453533674e-06
0.0,0.005419503676349802,9.201642069447087e-05,-9.201642069447087e-05,2.515182949892152e-05
0.0,-0.00019993032368359476,0.00011809612361377559,-0.00011809612361377559,-9.278734203831906e-07
0.0,-0.019086709555430348,0.00020574936261676452,-0.00020574936261676452,-8.858111242337212e-05
0.0,-0.020773480559224233,0.00021357763974780308,-0.00021357763974780308,-9.640938955441067e-05
0.0,8.640058610476231e-05,0.00011676726646128475,-0.00011676726646128475,4.0098373210764933e-07
0.0,-0.01539571453679811,0.00018861951403023602,-0.00018861951403023602,-7.145126383684361e-05
0.0,-0.01577210632742365,0.0001903663422838859,-0.0001903663422838859,-7.319809209049351e-05
0.0,-0.020588228309714296,0.00021271788703386012,-0.00021271788703386012,-9.55496368404677e-05
0.0,-0.027112254452099527,0.00024299578755376534,-0.00024299578755376534,-0.00012582753736037295
0.0,0.04959374278953943,-0.0001129955133813576,0.0001129955133813576,0.00023016376357475
0.0,0.008562680784222065,7.742898623121696e-05,-7.742898623121696e-05,3.973926396217544e-05
0.0,-0.0012415825080966947,0.00012293041466774596,-0.00012293041466774596,-5.762164474353573e-06
0.0,0.00849248413140935,7.775476776922848e-05,-7.775476776922848e-05,3.941348242416391e-05
0.0,0.0012684969251244294,0.00011128117634198672,-0.00011128117634198672,5.887073851405679e-06
0.0,-0.02475673039503723,0.0002320638382458644,-0.0002320638382458644,-0.00011489558805247201
0.0,0.03433571464262353,-4.218324986805871e-05,4.218324986805871e-05,0.0001593515000614511
0.0,0.007010434848680358,8.463293468160989e-05,-8.463293468160989e-05,3.253531551178251e-05
0.0,0.009695285023358924,7.21725881523964e-05,-7.21725881523964e-05,4.499566204099599e-05
0.0,0.004098045450532162,9.814928709158324e-05,-9.814928709158324e-05,1.9018963101809156e-05
0.0,0.004518418782931244,9.619834120911518e-05,-9.619834120911518e-05,2.096990898427722e-05
0.0,-0.00014629784190933748,0.00011784721612745413,-0.00011784721612745413,-6.789659340617316e-07
0.0,-0.005257525167898014,0.00014156834003673478,-0.00014156834003673478,-2.4400089843342398e-05
0.0,0.010721688622945758,6.74090655356399e-05,-6.74090655356399e-05,4.9759184657752504e-05
0.0,0.0022219854881162515,0.0001068560512387052,-0.0001068560512387052,1.0312198954687202e-05
0.0,0.0075914003822110665,8.193668297356488e-05,-8.193668297356488e-05,3.523156721982752e-05
0.0,0.01318305304897005,5.598591277568631e-05,-5.598591277568631e-05,6.118233741770609e-05
0.0,-0.014157306164566674,0.0001828720806694414,-0.0001828720806694414,-6.570383047604898e-05
0.0,0.0022029127742235755,0.00010694456739748257,-0.00010694456739748257,1.0223682795909834e-05
0.0,0.0013757255543636049,0.00011078352999628975,-0.00011078352999628975,6.3847201971026565e-06
0.0,0.008488694060713842,7.777235742643978e-05,-7.777235742643978e-05,3.939589276695262e-05
0.0,-0.007846827493937836,0.00015358525053536898,-0.00015358525053536898,-3.641700034197658e-05
0.0,-0.0014562465775435074,0.0001239266671655222,-0.0001239266671655222,-6.7584169721297905e-06
0.0,0.01554926091974429,4.500438005998113e-05,-4.500438005998113e-05,7.216387013341127e-05
0.0,0.008597395948725328,7.726787371044804e-05,-7.726787371044804e-05,3.990037648294435e-05
0.0,0.0008986100931438479,0.00011299781518706596,-0.00011299781518706596,4.17043500632644e-06
0.0,0.006776236617404008,8.57198449106254e-05,-8.57198449106254e-05,3.1448405282767e-05
0.0,0.00470842037697472,9.531654686348914e-05,-9.531654686348914e-05,2.1851703329903264e-05
0.0,-0.0022244379802809355,0.0001274918311248172,-0.0001274918311248172,-1.0323580931424806e-05
0.0,-0.009357140143940179,0.00016059458728122182,-0.00016059458728122182,-4.342633708782943e-05
0.0,0.0006762010869560964,0.00011403001181183633,-0.00011403001181183633,3.138238381556064e-06
0.0,0.0007091030986317026,0.00011387731410421271,-0.00011387731410421271,3.29093608917968e-06
0.0,0.0128902247439735,5.734492423495929e-05,-5.734492423495929e-05,5.982332595843311e-05
0.0,0.003023994668760688,0.0001031339395154182,-0.0001031339395154182,1.4034310677974205e-05
0.0,-0.002651641555101225,0.0001294744760526359,-0.0001294744760526359,-1.2306225859243497e-05
0.0,0.01087875260858695,6.668013410147413e-05,-6.668013410147413e-05,5.048811609191828e-05
0.0,0.0014987433214488366,0.00011021260651549791,-0.00011021260651549791,6.955643677894494e-06
0.0,0.0017771107537685182,0.00010892070773400784,-0.00010892070773400784,8.247542459384553e-06
0.0,-0.003526436790880272,0.00013353438668851222,-0.00013353438668851222,-1.636613649511983e-05
0.0,0.006411102394986878,8.741442697107018e-05,-8.741442697107018e-05,2.975382322232222e-05
0.0,0.0012318625699112573,0.00011145119579600898,-0.00011145119579600898,5.717054397383418e-06
0.0,-0.0007904570968998437,0.00012083674888160218,-0.00012083674888160218,-3.668498688209785e-06
0.0,-0.0005440493877303387,0.00011969317466182685,-0.00011969317466182685,-2.52492446843446e-06
0.0,-0.0028255083152146643,0.00013028138889319485,-0.00013028138889319485,-1.311313869980245e-05
0.0,0.00689532059343434,8.516717809092395e-05,-8.516717809092395e-05,3.200107210246845e-05
0.0,-0.003880558492514008,0.00013517785981691477,-0.00013517785981691477,-1.800960962352237e-05
0.0,-0.001131532823106185,0.00012241967584762664,-0.00012241967584762664,-5.251425654234233e-06
0.0,-0.006524098653592381,0.00014744648723664515,-0.00014744648723664515,-3.0278237043252747e-05
0.0,-0.00812571755868352,0.00015487957484555215,-0.00015487957484555215,-3.771132465215976e-05
0.0,-0.0021316888487414865,0.00012706138389533502,-0.00012706138389533502,-9.893133701942624e-06
0.0,0.014666041867757107,4.910338549155286e-05,-4.910338549155286e-05,6.806486470183954e-05
0.0,0.0029533182046204143,0.00010346194785009288,-0.00010346194785009288,1.3706302343299524e-05
0.0,0.006949583813841809,8.491534335673841e-05,-8.491534335673841e-05,3.225290683665398e-05
0.0,-0.0008680223820187738,0.00012119672812377156,-0.00012119672812377156,-4.028477930379164e-06
0.0,0.00498490290027398,9.403339591448224e-05,-9.403339591448224e-05,2.3134854278910154e-05
0.0,0.0037059469012648005,9.996901015976455e-05,-9.996901015976455e-05,1.7199240033627847e-05
0.0,-0.0001305615560248663,0.00011777418427746394,-0.00011777418427746394,-6.059340840715337e-07
0.0,-0.0029443536044478913,0.00013083294797130537,-0.00013083294797130537,-1.3664697777912983e-05
0.0,0.010852481049954399,6.680205998304154e-05,-6.680205998304154e-05,5.036619021035085e-05
0.0,-0.018974501239482744,0.0002052286056250512,-0.0002052286056250512,-8.806035543165879e-05
0.0,-0.000839020658475631,0.00012106213159071352,-0.00012106213159071352,-3.893881397321124e-06
0.0,0.007182725862306283,8.38333348551855e-05,-8.38333348551855e-05,3.33349153382069e-05
0.0,-0.0046443248906916645,0.0001387224874011345,-0.0001387224874011345,-2.1554237207742114e-05
0.0,0.003589481529391092,0.00010050952407964235,-0.00010050952407964235,1.665872611375004e-05
0.0,0.0067342800173637585,8.591456481738955e-05,-8.591456481738955e-05,3.125368537600285e-05
0.0,0.011568600124275408,6.347856286339774e-05,-6.347856286339774e-05,5.368968732999465e-05
0.0,1.745570720723677e-05,0.00011708723853666534,-0.00011708723853666534,8.101165672706461e-08
0.0,0.002148376881724312,0.0001071976675984657,-0.0001071976675984657,9.970582594926697e-06
0.0,0.0020846350796801527,0.00010749349227775599,-0.00010749349227775599,9.674757915636412e-06
0.0,0.004636432770241061,9.565064018987653e-05,-9.565064018987653e-05,2.1517610003515874e-05
0.0,0.0010474599539205265,0.00011230700537443846,-0.00011230700537443846,4.861244818953934e-06
0.0,-0.006067494393846573,0.00014532739420240203,-0.00014532739420240203,-2.8159144009009632e-05
0.0,0.0034778715639784963,0.00010102750413613507,-0.00010102750413613507,1.614074605725733e-05
0.0,3.8123067008344336e-05,0.00011699132165184454,-0.00011699132165184454,1.7692854154786018e-07
0.0,0.006609324208602496,8.649448271846567e-05,-8.649448271846567e-05,3.067376747492673e-05
0.0,-0.0006293691084816588,0.00012008914211519302,-0.00012008914211519302,-2.920891921800625e-06
0.0,0.0005093580038946222,0.00011480432788003079,-0.00011480432788003079,2.3639223133616037e-06
0.0,-0.0022738117853239315,0.0001277209741608435,-0.0001277209741608435,-1.0552723967451094e-05
0.0,0.0015790922795098083,0.00010983970829192354,-0.00010983970829192354,7.328541901468854e-06
0.0,0.001012017561471401,0.00011247149294842138,-0.00011247149294842138,4.69675724497102e-06
0.0,0.008841205788409079,7.613635616122197e-05,-7.613635616122197e-05,4.103189403217043e-05
0.0,-0.002191763174733685,0.00012734018787718528,-0.00012734018787718528,-1.0171937683792877e-05
0.0,-0.0003689736527457965,0.000118880650988313,-0.000118880650988313,-1.7124007949206067e-06
0.0,0.0046852921407636305,9.542388463619527e-05,-9.542388463619527e-05,2.174436555719713e-05
0.0,0.001071522174355355,0.00011219533299595418,-0.00011219533299595418,4.972917197438212e-06
0.0,0.0009514170090862972,0.0001127527391385074,-0.0001127527391385074,4.4155110548849936e-06
0.0,-0.007502163081421376,0.00015198566853383066,-0.00015198566853383066,-3.4817418340438255e-05
0.0,-0.0021239857917741967,0.00012702563413169758,-0.00012702563413169758,-9.857383938305182e-06
0.0,0.009638279380647763,7.243715042443702e-05,-7.243715042443702e-05,4.473109976895538e-05
0.0,-0.004470988428756373,0.00013791803566590123,-0.00013791803566590123,-2.074978547250883e-05
0.0,-0.016511651392423388,0.00019379855904993679,-0.00019379855904993679,-7.66303088565444e-05
0.0,-0.0016054253132695706,0.0001246190032815065,-0.0001246190032815065,-7.450753088114083e-06
0.0,-0.0030214249424966866,0.0001311906348130574,-0.0001311906348130574,-1.4022384619665007e-05
0.0,0.0037202972597878414,9.990241037639416e-05,-9.990241037639416e-05,1.7265839816998236e-05
0.0,-0.02413055719884427,0.00022915777850165408,-0.00022915777850165408,-0.00011198952830826168
0.0,0.008015944543135589,7.99663803429136e-05,-7.99663803429136e-05,3.72018698504788e-05
0.0,0.00583897507464215,9.00696606737028e-05,-9.00696606737028e-05,2.7098589519689585e-05
0.0,0.008895287120600504,7.58853655673251e-05,-7.58853655673251e-05,4.128288462606729e-05
0.0,-0.005837333350761975,0.000144259220498928,-0.000144259220498928,-2.7090970305535592e-05
0.0,-0.0067493779153879885,0.0001484920046715816,-0.0001484920046715816,-3.132375447818922e-05
0.0,0.008495835590448308,7.773921370166907e-05,-7.773921370166907e-05,3.942903649172333e-05
0.0,-0.0028243962306494508,0.00013027622772659306,-0.00013027622772659306,-1.3107977533200665e-05
0.0,-0.01191414994527018,0.00017246162869144935,-0.00017246162869144935,-5.529337849805695e-05
0.0,0.0013535590072402126,0.00011088640458538918,-0.00011088640458538918,6.28184560800322e-06
0.0,-0.008375676922946718,0.00015603963223956082,-0.00015603963223956082,-3.887138204616843e-05
0.0,-0.0069119122568113145,0.00014924632393905233,-0.00014924632393905233,-3.207807374565993e-05
0.0,0.0020984713906617714,0.00010742927818076728,-0.00010742927818076728,9.738972012625109e-06
0.0,-0.01319537280847849,0.00017840776341706318,-0.00017840776341706318,-6.12395132236708e-05
0.0,-0.0027652403144732274,0.00013000168606994473,-0.00013000168606994473,-1.283343587655232e-05
0.0,0.021432370568193138,1.7700962692265935e-05,-1.7700962692265935e-05,9.946728750112646e-05
0.0,0.008161854781411959,7.928921327108571e-05,-7.928921327108571e-05,3.7879036922306684e-05
0.0,0.006135586748687638,8.869309065945263e-05,-8.869309065945263e-05,2.8475159533939774e-05
0.0,0.01049769746289475,6.844860491107271e-05,-6.844860491107271e-05,4.871964528231968e-05
0.0,0.0046600444669098184,9.554105868495303e-05,-9.554105868495303e-05,2.162719150843937e-05
0.0,-0.00034988023558091275,0.00011879203874598191,-0.00011879203874598191,-1.6237885525895174e-06
0.0,-0.0020375791387226005,0.00012662462224298713,-0.00012662462224298713,-9.456372049594741e-06
0.0,0.004097381912668174,9.815236656015043e-05,-9.815236656015043e-05,1.9015883633241966e-05
0.0,-0.001611511904139773,0.00012464725105195548,-0.00012464725105195548,-7.479000858563079e-06
0.0,0.0009317492412306283,0.00011284401693316763,-0.00011284401693316763,4.324233260224775e-06
0.0,0.009717399870633026,7.206995350146698e-05,-7.206995350146698e-05,4.5098296691925416e-05
0.0,0.002985163546397107,0.00010331415413049497,-0.00010331415413049497,1.385409606289743e-05
0.0,0.009472185190685156,7.320799089179042e-05,-7.320799089179042e-05,4.396025930160198e-05
0.0,-0.0012592227925193322,0.00012301228294436453,-0.00012301228294436453,-5.844032750972124e-06
0.0,-0.0017318870104667816,0.0001252059099866221,-0.0001252059099866221,-8.03765979322971e-06
0.0,-0.009496397343734198,0.00016124087770833258,-0.00016124087770833258,-4.4072627514940185e-05
0.0,-0.0012339337557076835,0.00012289491693078392,-0.00012289491693078392,-5.726666737391532e-06
0.0,0.003823175554131808,9.942495386505877e-05,-9.942495386505877e-05,1.774329632833363e-05
0.0,0.0057574526279098315,9.044800503934908e-05,-9.044800503934908e-05,2.6720245154043318e-05
0.0,0.007672301032188189,8.156122435667046e-05,-8.156122435667046e-05,3.5607025836721935e-05
0.0,0.002928125887423194,0.00010357886498949667,-0.00010357886498949667,1.358938520389572e-05
0.0,0.007672378673070135,8.156086402658463e-05,-8.156086402658463e-05,3.5607386166807766e-05
0.0,-0.00180590159841032,0.00012554941050024157,-0.00012554941050024157,-8.381160306849189e-06
0.0,-0.004835444424841517,0.0001396094700888348,-0.0001396094700888348,-2.2441219895442415e-05
0.0,0.0012365569653400854,0.00011142940918223812,-0.00011142940918223812,5.73884101115428e-06
0.0,0.0045106896075925995,9.62342121876945e-05,-9.62342121876945e-05,2.0934038005697906e-05
0.0,0.002285226738359958,0.00010656254961227957,-0.00010656254961227957,1.0605700581112828e-05
0.0,0.004620174547884881,9.572609433864714e-05,-9.572609433864714e-05,2.1442155854745256e-05
0.0,0.00017586919155743175,0.00011635204410067045,-0.00011635204410067045,8.162060927219456e-07
0.0,-0.003403778522185874,0.000132965131633977,-0.000132965131633977,-1.5796881440584597e-05
0.0,-0.006531243569450895,0.00014747964667636318,-0.00014747964667636318,-3.0311396482970765e-05
0.0,0.003581997784064761,0.0001005442560214773,-0.0001005442560214773,1.6623994171915104e-05
0.0,-0.00617673452276668,0.00014583437588580394,-0.00014583437588580394,-2.8666125692411557e-05
0.0,0.002828694915066654,0.00010404032253486882,-0.00010404032253486882,1.3127927658523578e-05
0.0,0.006847482673755456,8.538919310764902e-05,-8.538919310764902e-05,3.177905708574338e-05
0.0,0.004688147952890187,9.541063085799385e-05,-9.541063085799385e-05,2.1757619335398544e-05
0.0,-0.005262401280453521,0.00014159096999677133,-0.00014159096999677133,-2.4422719803378937e-05
0.0,0.007387691099234761,8.288209448331746e-05,-8.288209448331746e-05,3.428615571007493e-05
0.0,-0.0016161146071345112,0.00012466861212261275,-0.00012466861212261275,-7.500361929220347e-06
0.0,-0.0025786549148275606,0.00012913574622763858,-0.00012913574622763858,-1.1967496034246171e-05
0.0,-0.010885526112695776,0.00016768780200906503,-0.00016768780200906503,-5.051955181567263e-05
0.0,-0.00899879386967306,0.0001589315079790945,-0.0001589315079790945,-4.17632577857021e-05
0.0,-0.007282739927037873,0.0001509673291993168,-0.0001509673291993168,-3.379907900592441e-05
0.0,-0.0297778200029859,0.0002553666344537621,-0.0002553666344537621,-0.0001381983842603697
0.0,0.013017017169932643,5.675648262297261e-05,-5.675648262297261e-05,6.041176757041979e-05
0.0,0.0007668762331907164,0.00011360918991483579,-0.00011360918991483579,3.5590602785566066e-06
0.0,0.018762303409984193,3.009270147952949e-05,-3.009270147952949e-05,8.707554871386291e-05
0.0,-0.00661660635492356,0.00014787581399240926,-0.00014787581399240926,-3.070756379901687e-05
0.0,-0.012317322177972212,0.0001743327445465549,-0.0001743327445465549,-5.7164494353162515e-05
0.0,0.015131688322181258,4.694232777706822e-05,-4.694232777706822e-05,7.022592241632418e-05
0.0,-0.029292752911742603,0.0002531154458757876,-0.0002531154458757876,-0.00013594719568239523
0.0,0.0024642680276520945,0.00010573162186492984,-0.00010573162186492984,1.1436628328462555e-05
0.0,0.014426124657807904,5.021683740871505e-05,-5.021683740871505e-05,6.695141278467735e-05
0.0,0.012105865492430645,6.09851229208277e-05,-6.09851229208277e-05,5.61831272725647e-05
0.0,-0.007914727601131322,0.00015390037384205513,-0.00015390037384205513,-3.673212364866273e-05
0.0,0.00824679859557964,7.889499039413536e-05,-7.889499039413536e-05,3.8273259799257036e-05
0.0,-0.0005060748601761755,0.0001195169354894996,-0.0001195169354894996,-2.348685296107204e-06
0.0,-0.025946336754618105,0.00023758478224994033,-0.00023758478224994033,-0.00012041653205654794
0.0,0.010982987735216332,6.61963805532993e-05,-6.61963805532993e-05,5.09718696400931e-05
0.0,-0.003203180635808267,0.00013203416006585513,-0.00013203416006585513,-1.4865909872462727e-05
0.0,0.006545480165679685,8.67907818960313e-05,-8.67907818960313e-05,3.0377468297361095e-05
0.0,0.012687291793508804,5.828673279799709e-05,-5.828673279799709e-05,5.888151739539531e-05
0.0,0.0006427872591217021,0.00011418508485003068,-0.00011418508485003068,2.983165343361716e-06
0.0,-0.00689910050906084,0.00014918686482356,-0.00014918686482356,-3.2018614630167614e-05
0.0,0.010842079212828093,6.685033474204173e-05,-6.685033474204173e-05,5.031791545135067e-05
0.0,0.013009813642266721,5.678991407914722e-05,-5.678991407914722e-05,6.037833611424518e-05
0.0,0.0009106051537297599,0.0001129421463035845,-0.0001129421463035845,4.226103889807905e-06
0.0,-9.401025965849463e-05,0.00011760455029821536,-0.00011760455029821536,-4.363001048229529e-07
0.0,0.0003223043548219451,0.00011567244086040538,-0.00011567244086040538,1.495809332987014e-06
0.0,0.007229681189480308,8.361541593609684e-05,-8.361541593609684e-05,3.3552834257295556e-05
0.0,0.002879153101061016,0.00010380614690426756,-0.00010380614690426756,1.3362103289124837e-05
0.0,-0.0007244143620946941,0.00012053024561033207,-0.00012053024561033207,-3.361995416939673e-06
0.0,-0.0031355866640028207,0.0001317204575285869,-0.0001317204575285869,-1.4552207335194487e-05
0.0,0.0025817523700197853,0.00010518637891935898,-0.00010518637891935898,1.1981871274033417e-05
0.0,0.00034269198975556137,0.00011557782217420091,-0.00011557782217420091,1.590428019191495e-06
0.0,1.997472142156731e-05,0.00011707554783216398,-0.00011707554783216398,9.270236122841755e-08
0.0,-0.0048955765157830955,0.00013988854215688716,-0.00013988854215688716,-2.272029196349476e-05
0.0,-9.693591923765066e-05,0.0001176181282373222,-0.0001176181282373222,-4.4987804392980135e-07
0.0,-0.008416371322106486,0.0001562284942923156,-0.0001562284942923156,-3.906024409892322e-05
0.0,0.006158571742003405,8.858641767472252e-05,-8.858641767472252e-05,2.858183251866988e-05
0.0,-0.002428916406865711,0.0001284408122177006,-0.0001284408122177006,-1.1272562024308201e-05
0.0,-0.005316352490240539,0.00014184135669467973,-0.00014184135669467973,-2.4673106501287328e-05
0.0,0.005047606675254723,9.374238870211762e-05,-9.374238870211762e-05,2.342586149127478e-05
0.0,-0.012258373372913245,0.00017405916408927457,-0.00017405916408927457,-5.6890913895882174e-05
0.0,-0.017903202985502964,0.0002002567276384788,-0.0002002567276384788,-8.30884774450864e-05
0.0,0.00797191259701524,8.017073189749556e-05,-8.017073189749556e-05,3.699751829589684e-05
0.0,0.014216897585460186,5.118785689029842e-05,-5.118785689029842e-05,6.598039330309398e-05
0.0,-0.004478294673592398,0.00013795194383081215,-0.00013795194383081215,-2.0783693637419764e-05
0.0,-0.015560819201407838,0.00018938576212632318,-0.00018938576212632318,-7.221751193293078e-05
0.0,0.0091044925499415,7.491444653058824e-05,-7.491444653058824e-05,4.2253803662804155e-05
0.0,0.006415695380997066,8.739311099678211e-05,-8.739311099678211e-05,2.977513919661029e-05
0.0,0.010938977513132997,6.640063128697447e-05,-6.640063128697447e-05,5.076761890641793e-05
0.0,-0.0013871187334510982,0.00012360584595161143,-0.00012360584595161143,-6.437595758219042e-06
0.0,0.009955676641137279,7.096411483741553e-05,-7.096411483741553e-05,4.6204135355976875e-05
0.0,-0.0019995427986508885,0.00012644809619975894,-0.00012644809619975894,-9.279846006366543e-06
0.0,0.0027628315736780706,0.00010434599324417456,-0.00010434599324417456,1.2822256949217837e-05
0.0,-0.003919344949506964,0.000135357867140724,-0.000135357867140724,-1.8189616947331616e-05
0.0,0.006871616056117524,8.527719046780361e-05,-8.527719046780361e-05,3.1891059725588783e-05
0.0,-0.003568666378412577,0.00013373037352584153,-0.00013373037352584153,-1.656212333244913e-05
0.0,0.0028471487971184484,0.00010395467836472361,-0.00010395467836472361,1.3213571828668796e-05
0.0,0.0019204463587332299,0.0001082554894940185,-0.0001082554894940185,8.912760699373898e-06
0.0,0.004072700506109195,9.826691257148982e-05,-9.826691257148982e-05,1.890133762190258e-05
0.0,0.005581337868471481,9.126535080866138e-05,-9.126535080866138e-05,2.5902899384731014e-05
0.0,-0.0008324053147991117,0.0001210314298869847,-0.0001210314298869847,-3.863179693592297e-06
0.0,0.00325337015914573,0.00010206941154940308,-0.00010206941154940308,1.5098838643989318e-05
0.0,-0.0030228605633046968,0.00013119729750616448,-0.00013119729750616448,-1.402904731277208e-05
0.0,0.009662312168146059,7.232561464373835e-05,-7.232561464373835e-05,4.4842635549654044e-05
0.0,0.003704089049704651,9.997763241900927e-05,-9.997763241900927e-05,1.719061777438313e-05
0.0,-0.001185699214361291,0.0001226710611992716,-0.0001226710611992716,-5.502811005879185e-06
0.0,0.0007024972279667807,0.0001139079718438469,-0.0001139079718438469,3.2602783495454944e-06
0.0,0.0027300951851503275,0.00010449792229742964,-0.00010449792229742964,1.2670327895962758e-05
0.0,0.0025606760900243053,0.00010528419359623266,-0.00010528419359623266,1.1884056597159742e-05
0.0,-0.0019624672514313435,0.00012627602918072276,-0.00012627602918072276,-9.10777898733035e-06
0.0,0.0015646460846321375,0.00010990675285027618,-0.00010990675285027618,7.261497343116216e-06
0.0,0.0007115345908383919,0.00011386602958794281,-0.00011386602958794281,3.3022206054495894e-06
0.0,0.0008370427393644686,0.00011328354828689139,-0.00011328354828689139,3.8847019065010126e-06
0.0,0.007695488006902673,8.145361397951368e-05,-8.145361397951368e-05,3.571463621387871e-05
0.0,0.0005031528617669423,0.00011483312584496125,-0.00011483312584496125,2.3351243484311517e-06
0.0,-0.0005925944462060739,0.00011991847149834811,-0.00011991847149834811,-2.750221304955705e-06
0.0,-0.003756184245747196,0.00013460064093571224,-0.00013460064093571224,-1.7432390742319836e-05
0.0,-0.0015827522106851566,0.00012451377777665014,-0.00012451377777665014,-7.345527583257735e-06
0.0,0.0021749356911917594,0.00010707440859038814,-0.00010707440859038814,1.009384160300426e-05
0.0,0.007507291353015866,8.232703162686856e-05,-8.232703162686856e-05,3.4841218566523835e-05
0.0,0.0021955703874654287,0.00010697864329647345,-0.00010697864329647345,1.0189606896918945e-05
0.0,0.004174424362754614,9.779481378696761e-05,-9.779481378696761e-05,1.9373436406424777e-05
0.0,-0.004011219709926239,0.00013578425642788404,-0.00013578425642788404,-1.8616006234491628e-05
0.0,-0.008631020716408422,0.00015722467868298023,-0.00015722467868298023,-4.0056428489587817e-05
0.0,-0.00663809511563529,0.00014797554298566064,-0.00014797554298566064,-3.080729279226825e-05
0.0,0.00632356747139462,8.782067514523443e-05,-8.782067514523443e-05,2.9347575048157958e-05
0.0,0.0015002511791302187,0.00011020560857222197,-0.00011020560857222197,6.962641621170419e-06
0.0,0.009135724328457329,7.476950034822726e-05,-7.476950034822726e-05,4.2398749845165136e-05
0.0,-0.00316282139344648,0.00013184685347041557,-0.00013184685347041557,-1.4678603277023156e-05
0.0,-0.0010969340964486207,0.00012225910371302907,-0.00012225910371302907,-5.090853519636667e-06
0.0,0.002908158040315856,0.0001036715354471432,-0.0001036715354471432,1.3496714746249204e-05
0.0,0.008575225775086182,7.737076513014884e-05,-7.737076513014884e-05,3.979748506324356e-05
0.0,7.258178414493166e-05,0.00011683139929918461,-0.00011683139929918461,3.368508942077919e-07
0.0,0.007147785279833618,8.399549353712912e-05,-8.399549353712912e-05,3.317275665626328e-05
0.0,0.00033529222633799094,0.00011561216435734643,-0.00011561216435734643,1.556085836045963e-06
0.0,-0.00043230017186479675,0.00011917454834621905,-0.00011917454834621905,-2.0062981528266485e-06
0.0,0.004459292004863613,9.647274763626963e-05,-9.647274763626963e-05,2.069550255712276e-05
0.0,0.004944781081796634,9.421960062948827e-05,-9.421960062948827e-05,2.294864956390412e-05
0.0,0.0008661436002121992,0.00011314849165919537,-0.00011314849165919537,4.019758534197027e-06
0.0,-0.00019544819997963092,0.00011807532214966973,-0.00011807532214966973,-9.070719562773295e-07
0.0,0.005128166675301138,9.336851103607915e-05,-9.336851103607915e-05,2.3799739157313244e-05
0.0,3.398471712534601e-05,0.00011701052766716995,-0.00011701052766716995,1.5772252622245652e-07
0.0,-0.005780822450430323,0.00014399695431832277,-0.00014399695431832277,-2.682870412493036e-05
0.0,0.0029460216619106028,0.00010349581098759191,-0.00010349581098759191,1.3672439205800486e-05
0.0,0.008378802677341701,7.828236157129135e-05,-7.828236157129135e-05,3.888588862210106e-05
0.0,-0.007059870562045378,0.00014993299605672918,-0.00014993299605672918,-3.276474586333677e-05
0.0,0.0035333728907271933,0.00010076992337030978,-0.00010076992337030978,1.639832682308262e-05
0.0,-0.0028032386528962228,0.00013017803574813172,-0.00013017803574813172,-1.300978555473931e-05
0.0,0.004902451368978156,9.441605214666222e-05,-9.441605214666222e-05,2.2752198046730177e-05
0.0,0.006655262605488987,8.628128335650472e-05,-8.628128335650472e-05,3.0886966836887686e-05
0.0,-0.002855178689662563,0.00013041908862436016,-0.00013041908862436016,-1.3250838430967747e-05
0.0,0.006976215252569862,8.479174727742915e-05,-8.479174727742915e-05,3.2376502915963245e-05
0.0,-0.001514532772802224,0.00012419717246136424,-0.00012419717246136424,-7.028922267971842e-06
0.0,0.0018701968845122874,0.00010848869649663223,-0.00010848869649663223,8.679553696760174e-06
0.0,0.00836655302646827,7.833921200420725e-05,-7.833921200420725e-05,3.882903818918515e-05
0.0,0.003862162248501333,9.924401724280163e-05,-9.924401724280163e-05,1.7924232950590763e-05
0.0,-0.0026519776473655776,0.00012947603585143551,-0.00012947603585143551,-1.2307785658043115e-05
0.0,0.0002890760711180551,0.00011582665279127079,-0.00011582665279127079,1.3415974021216146e-06
0.0,0.0011409766124783616,0.0001118729960643941,-0.0001118729960643941,5.295254128998309e-06
0.0,-0.009042160974207403,0.0001591327740145563,-0.0001591327740145563,-4.196452382116392e-05
0.0,-0.015730711659182384,0.00019017423029357353,-0.00019017423029357353,-7.300598010018115e-05
0.0,0.010053584595046017,7.050972559619271e-05,-7.050972559619271e-05,4.665852459719969e-05
0.0,-0.0008668741908683941,0.00012119139938708806,-0.00012119139938708806,-4.023149193695665e-06
0.0,0.003134358792605374,0.000102621741389628,-0.000102621741389628,1.4546508803764392e-05
0.0,-0.01770582037552626,0.00019934067811648088,-0.00019934067811648088,-8.217242792308847e-05
0.0,0.007254613892351713,8.34997036626085e-05,-8.34997036626085e-05,3.3668546530783896e-05
0.0,0.014980414164082134,4.764438871462343e-05,-4.764438871462343e-05,6.952386147876897e-05
0.0,0.01125059589785371,6.495441536955974e-05,-6.495441536955974e-05,5.221383482383266e-05
0.0,0.003325672876785646,0.00010173385579836193,-0.00010173385579836193,1.543439439503047e-05
0.0,-0.005400853672730133,0.00014223352532512283,-0.00014223352532512283,-2.5065275131730442e-05
0.0,0.007326397804890528,8.316655567770708e-05,-8.316655567770708e-05,3.4001694515685314e-05
0.0,0.0016884725532351208,0.00010933207619873205,-0.00010933207619873205,7.836173994660345e-06
0.0,0.006462646466197652,8.717521176462403e-05,-8.717521176462403e-05,2.9993038428768365e-05
0.0,-0.0016304457368023773,0.00012473512266517517,-0.00012473512266517517,-7.566872471782776e-06
0.0,0.0018435333204338544,0.00010861244166917652,-0.00010861244166917652,8.555808524215884e-06
0.0,-0.002919942636890105,0.00013071965706302598,-0.00013071965706302598,-1.3551406869633596e-05
0.0,0.004705785881164548,9.532877351622161e-05,-9.532877351622161e-05,2.1839476677170797e-05
0.0,-0.00381551976362815,0.00013487601612098698,-0.00013487601612098698,-1.7707765927594577e-05
0.0,-0.01051810302712286,0.00016598259737148427,-0.00016598259737148427,-4.8814347178091875e-05
0.0,-0.03351362667122315,0.00027270445318621915,-0.00027270445318621915,-0.00015553620299282674
0.0,-0.030279995565056117,0.0002576972231700008,-0.0002576972231700008,-0.00014052897297660841
0.0,-0.0037785406053220116,0.00013470439644134945,-0.00013470439644134945,-1.753614624795704e-05
0.0,-0.04416324258407911,0.0003221291495542756,-0.0003221291495542756,-0.00020496089936088317
0.0,-0.008238340444361891,0.000155402255848726,-0.000155402255848726,-3.823400565533362e-05
0.0,0.046039229006110016,-9.649907201486733e-05,9.649907201486733e-05,0.00021366732220825973
0.0,-0.028107896121075893,0.00024761654454474164,-0.00024761654454474164,-0.00013044829435134925
0.0,0.04220259077449118,-7.869329561659105e-05,7.869329561659105e-05,0.00019586154580998345
0.0,-0.033922077046888544,0.0002746000648180256,-0.0002746000648180256,-0.00015743181462463316
0.0,-0.01705385200037013,0.00019631490336109578,-0.00019631490336109578,-7.914665316770339e-05
0.0,-0.07596969747745097,0.0004697423957513968,-0.0004697423957513968,-0.00035257414555800443
0.0,0.04939630628156144,-0.00011207921371960161,0.00011207921371960161,0.000229247463912994
0.0,-0.048868445131273974,0.00034396591898786416,-0.00034396591898786416,-0.00022679766879447178
0.0,-0.09511268097833658,0.0005585846746515996,-0.0005585846746515996,-0.0004414164244582071
0.0,0.09287124972971839,-0.0003138457278480294,0.0003138457278480294,0.0004310139780414218
0.0,-0.11984055240393443,0.0006733463286905157,-0.0006733463286905157,-0.0005561780784971232
0.0,0.05995484974402432,-0.0001610812443084407,0.0001610812443084407,0.0002782494945018331
0.0,-0.051830762729157875,0.0003577139873707265,-0.0003577139873707265,-0.00024054573717733406
0.0,0.0047078080405855705,9.531938870683414e-05,-9.531938870683414e-05,2.184886148655826e-05
0.0,-0.04335951230846191,0.00031839905025686895,-0.00031839905025686895,-0.00020123080006347654
0.0,-0.02929386782180443,0.0002531206201554738,-0.0002531206201554738,-0.00013595236996208143
0.0,0.09382773976227554,-0.0003182847827233458,0.0003182847827233458,0.00043545303291673816
0.0,0.011535011448221999,6.363444736936765e-05,-6.363444736936765e-05,5.3533802824024745e-05
0.0,0.062414163303876835,-0.00017249487903143773,0.00017249487903143773,0.0002896631292248301
0.0,-0.033687352562252526,0.00027351071225562197,-0.00027351071225562197,-0.00015634246206222956
0.0,0.03351600948370015,-3.8379011393860756e-05,3.8379011393860756e-05,0.00015554726158725315
0.0,-0.016012721914555605,0.00019148303535833401,-0.00019148303535833401,-7.431478516494162e-05
0.0,-0.04414243033166543,0.00032203256022516745,-0.00032203256022516745,-0.00020486431003177507
0.0,0.02282934723487151,1.121761642430442e-05,-1.121761642430442e-05,0.00010595063376908798
0.0,-0.015137125124949469,0.00018741940472402293,-0.00018741940472402293,-7.025115453063052e-05
0.0,0.07033131865275055,-0.00020923826981837174,0.00020923826981837174,0.0003264065200117641
0.0,-0.0016030527844311804,0.00012460799241328162,-0.00012460799241328162,-7.439742219889216e-06
0.0,0.03405645287963033,-4.088720051228008e-05,4.088720051228008e-05,0.00015805545070567248
0.0,0.014487410153376512,4.993241240831783e-05,-4.993241240831783e-05,6.723583778507457e-05
0.0,-0.010104660822607414,0.00016406381874217726,-0.00016406381874217726,-4.689556854878487e-05
0.0,0.030572589146256046,-2.471864489311965e-05,2.471864489311965e-05,0.00014188689508651205
0.0,-0.022030438529415775,0.00021941116149473575,-0.00021941116149473575,-0.00010224291130134333
0.0,0.005816689462164515,9.017308784319854e-05,-9.017308784319854e-05,2.6995162350193864e-05
0.0,0.026793594848223412,-7.1803930645810825e-06,7.1803930645810825e-06,0.00012434864325797348
0.0,-0.01788104803401469,0.00020015390686453567,-0.00020015390686453567,-8.298565667114326e-05
0.0,-0.030674795694063395,0.00025952948422635486,-0.00025952948422635486,-0.00014236123403296244
0.0,0.022930247703843776,1.0749338968745815e-05,-1.0749338968745815e-05,0.00010641891122464658
0.0,-0.0005394221197431159,0.0001196716995854341,-0.0001196716995854341,-2.503449392041702e-06
0.0,0.013918057304545428,5.257476983322686e-05,-5.257476983322686e-05,6.459348036016554e-05
0.0,0.014714069804799612,4.88804886072958e-05,-4.88804886072958e-05,6.82877615860966e-05
0.0,-0.005242380698498916,0.00014149805479754583,-0.00014149805479754583,-2.432980460415343e-05
0.0,0.026583916282167053,-6.207278207949059e-06,6.207278207949059e-06,0.00012337552840134146
0.0,-0.009212446303987654,0.00015992306549447377,-0.00015992306549447377,-4.2754815301081365e-05
0.0,-0.028059034078492195,0.00024738977659006763,-0.00024738977659006763,-0.00013022152639667524
0.0,0.004249827591976452,9.744486861148374e-05,-9.744486861148374e-05,1.9723381581908656e-05
0.0,0.009040556385797371,7.52111732412621e-05,-7.52111732412621e-05,4.1957076952130294e-05
0.0,-0.006979410390386298,0.0001495595816926326,-0.0001495595816926326,-3.239133149924021e-05
0.0,0.011504630788313985,6.377544352394277e-05,-6.377544352394277e-05,5.339280666944962e-05
0.0,0.016871538638701944,3.886771040837093e-05,-3.886771040837093e-05,7.830053978502147e-05
0.0,0.00013307822091168653,0.00011655063630801074,-0.00011655063630801074,6.176138853816527e-07
0.0,-0.020500317528877154,0.0002123098945122604,-0.0002123098945122604,-9.5141644318868e-05
0.0,-0.01746272460422804,0.0001982124745471607,-0.0001982124745471607,-8.10442243537683e-05
0.0,0.01152482269503552,6.368173320922625e-05,-6.368173320922625e-05,5.348651698416615e-05
0.0,0.0039263632504382695,9.89460614241859e-05,-9.89460614241859e-05,1.8222188769206493e-05
0.0,0.03150119163168075,-2.9028274110201002e-05,2.9028274110201002e-05,0.0001461965243035934
0.0,-0.010484399194493177,0.00016582617842569384,-0.00016582617842569384,-4.8657928232301446e-05
0.0,0.01665110025908012,3.989076138690647e-05,-3.989076138690647e-05,7.727748880648593e-05
0.0,-0.007773596407737116,0.00015324538624075115,-0.00015324538624075115,-3.6077136047358756e-05
0.0,0.002353711326488428,0.0001062447137389637,-0.0001062447137389637,1.0923536454428687e-05
0.0,0.012289184036080147,6.01343445047185e-05,-6.01343445047185e-05,5.70339056886739e-05
0.0,0.014827297215913804,4.835500201128585e-05,-4.835500201128585e-05,6.881324818210655e-05
0.0,-0.0021079145460738413,0.0001269510477385829,-0.0001269510477385829,-9.782797545190514e-06
0.0,0.004812335824971425,9.4834276938713e-05,-9.4834276938713e-05,2.2333973254679395e-05
0.0,0.003751234813537785,9.975882968644501e-05,-9.975882968644501e-05,1.7409420506947394e-05
0.0,0.008210832780053412,7.906190716621046e-05,-7.906190716621046e-05,3.810634302718195e-05
0.0,0.013648979133831007,5.382355730083665e-05,-5.382355730083665e-05,6.334469289255575e-05
0.0,-0.0033687022311144066,0.00013280234313060645,-0.00013280234313060645,-1.563409293721406e-05
0.0,0.026211650818398713,-4.479600170954976e-06,4.479600170954976e-06,0.00012164785036434737
0.0,0.012041579421169235,6.128347354481168e-05,-6.128347354481168e-05,5.588477664858071e-05
0.0,-0.007799170822611612,0.0001533640766893369,-0.0001533640766893369,-3.6195826495944493e-05
0.0,-0.0053130910724373814,0.00014182622050704915,-0.00014182622050704915,-2.4657970313656763e-05
0.0,-0.05894405927443824,0.0003907266823639813,-0.0003907266823639813,-0.0002735584321705889
0.0,0.013060843963234703,5.65530831793246e-05,-5.65530831793246e-05,6.06151670140678e-05
0.0,0.008312217041285264,7.859138443854711e-05,-7.859138443854711e-05,3.8576865754845294e-05
0.0,0.01896239819380252,2.9164064802303017e-05,-2.9164064802303017e-05,8.800418539108938e-05
0.0,-0.0036002995561740248,0.00013387718259565305,-0.00013387718259565305,-1.6708932402260645e-05
0.0,0.0005942198825281686,0.0001144104852645781,-0.0001144104852645781,2.7577649288143044e-06
0.0,-0.005649494809462974,0.00014338746484634013,-0.00014338746484634013,-2.6219214652947734e-05
0.0,0.006495095537691675,8.702461614510678e-05,-8.702461614510678e-05,3.014363404828563e-05
0.0,0.004307419569164139,9.717758517055689e-05,-9.717758517055689e-05,1.9990665022835506e-05
0.0,-0.025855145939064572,0.00023716156713991484,-0.00023716156713991484,-0.00011999331694652243
0.0,0.010959447267809841,6.63056314843609e-05,-6.63056314843609e-05,5.08626187090315e-05
0.0,-0.024226905044785974,0.00022960492730686466,-0.00022960492730686466,-0.00011243667711347224
0.0,0.014685678433118632,4.901225250716669e-05,-4.901225250716669e-05,6.815599768622571e-05
0.0,0.015409875731554612,4.565126447918004e-05,-4.565126447918004e-05,7.151698571421236e-05
0.0,0.005022132820864389,9.386061245111184e-05,-9.386061245111184e-05,2.330763774228056e-05
0.0,0.004541250844364075,9.609237797879696e-05,-9.609237797879696e-05,2.1075872214595437e-05
0.0,0.01588172586745884,4.3461415578607005e-05,-4.3461415578607005e-05,7.37068346147854e-05
0.0,-0.010818532028197159,0.00016737688353915073,-0.00016737688353915073,-5.020863334575834e-05
0.0,0.007827461915415501,8.084112519023462e-05,-8.084112519023462e-05,3.6327125003157774e-05
0.0,-0.005643606159361103,0.0001433601357158171,-0.0001433601357158171,-2.6191885522424695e-05
0.0,0.01046620127324438,6.859477822126141e-05,-6.859477822126141e-05,4.857347197213099e-05
0.0,-0.009362541127788226,0.00016061965316049512,-0.00016061965316049512,-4.345140296710272e-05
0.0,0.013406370782667931,5.494949876113991e-05,-5.494949876113991e-05,6.221875143225249e-05
0.0,0.009082050740923053,7.501859860572062e-05,-7.501859860572062e-05,4.2149651587671784e-05
0.0,-0.0034061012455366413,0.0001329759113557339,-0.0001329759113557339,-1.5807661162341516e-05
0.0,0.002848612194617406,0.00010394788676044007,-0.00010394788676044007,1.3220363432952331e-05
0.0,0.0084069387471426,7.815178252334453e-05,-7.815178252334453e-05,3.9016467670047864e-05
0.0,0.0016790373419135474,0.00010937586486290109,-0.00010937586486290109,7.792385330491313e-06
0.0,0.005747082068739751,9.04961346378569e-05,-9.04961346378569e-05,2.66721155555355e-05
0.0,-0.012319859824193036,0.00017434452172189908,-0.00017434452172189908,-5.7176271528506686e-05
0.0,-0.006190400054688405,0.0001458977973999192,-0.0001458977973999192,-2.872954720652681e-05
0.0,0.007395138795039502,8.28475298467331e-05,-8.28475298467331e-05,3.432072034665929e-05
0.0,-0.006473392152297919,0.00014721115917872525,-0.00014721115917872525,-3.004290898533285e-05
0.0,0.01242838167815008,5.948833048404845e-05,-5.948833048404845e-05,5.767991970934395e-05
0.0,-0.003750251937389204,0.0001345731091879239,-0.0001345731091879239,-1.74048589945315e-05
0.0,0.007670504990141325,8.156955975895698e-05,-8.156955975895698e-05,3.559869043443542e-05
0.0,0.00718102343932614,8.384123577288732e-05,-8.384123577288732e-05,3.332701442050507e-05
0.0,0.0036119303819721615,0.000100405339315449,-0.000100405339315449,1.676291087794339e-05
0.0,0.006429743053199433,8.732791597576339e-05,-8.732791597576339e-05,2.984033421762901e-05
0.0,0.00642769555966427,8.733741836036758e-05,-8.733741836036758e-05,2.9830831833024812e-05
0.0,0.0006330295486443038,0.00011423037022760103,-0.00011423037022760103,2.937879965791373e-06
0.0,0.002742218294476073,0.00010444165914180368,-0.00010444165914180368,1.272659105158872e-05
0.0,-0.007969132154236114,0.00015415286449901844,-0.00015415286449901844,-3.698461430562606e-05
0.0,0.013996549490237653,5.221048886038726e-05,-5.221048886038726e-05,6.495776133300514e-05
0.0,-0.002047174350497949,0.00012666915346669176,-0.00012666915346669176,-9.500903273299372e-06
0.0,-0.00017188262276812694,0.00011796595468440644,-0.00011796595468440644,-7.97704491014047e-07
0.0,0.0027098425110787527,0.0001045919146324415,-0.0001045919146324415,1.2576335560950899e-05
0.0,0.002303389154016955,0.00010647825813299026,-0.00010647825813299026,1.0689992060402129e-05
0.0,-0.0044043954214108005,0.00013760897858861102,-0.00013760897858861102,-2.0440728395218613e-05
0.0,0.0031586327691348615,0.00010250908625451022,-0.00010250908625451022,1.4659163938882173e-05
0.0,0.0034411070444764214,0.00010119812768053107,-0.00010119812768053107,1.5970122512861328e-05
0.0,0.010043718303008653,7.055551489903852e-05,-7.055551489903852e-05,4.661273529435388e-05
0.0,0.0035963511532906,0.00010047764226548359,-0.00010047764226548359,1.669060792790881e-05
0.0,0.010195626139483993,6.985051307031917e-05,-6.985051307031917e-05,4.731773712307323e-05
0.0,0.0016730440109038458,0.0001094036798158357,-0.0001094036798158357,7.764570377556705e-06
0.0,0.00673256535528588,8.592252253654734e-05,-8.592252253654734e-05,3.1245727656845053e-05
0.0,-0.0021949627140287475,0.00012735503688765382,-0.00012735503688765382,-1.0186786694261435e-05
0.0,0.007525003016613407,8.224483208064597e-05,-8.224483208064597e-05,3.492341811274643e-05
0.0,0.015365910154807594,4.585530801456657e-05,-4.585530801456657e-05,7.131294217882583e-05
0.0,-0.03512584371534122,0.0002801867265880936,-0.0002801867265880936,-0.00016301847639470118
0.0,-0.008133027264274895,0.00015491349907177307,-0.00015491349907177307,-3.774524887838067e-05
0.0,-0.027756342102360998,0.00024598498799151627,-0.00024598498799151627,-0.00012881673779812386
0.0,0.02014498633677464,2.3675692228762368e-05,-2.3675692228762368e-05,9.349255796463003e-05
0.0,-0.01758479659017942,0.00019877900867290409,-0.00019877900867290409,-8.161075847951167e-05
0.0,0.0005330721905940639,0.00011469427072052137,-0.00011469427072052137,2.47397947287103e-06
0.0,0.012741829089357504,5.803362608409177e-05,-5.803362608409177e-05,5.913462410930063e-05
0.0,0.005219359577689042,9.294528624108884e-05,-9.294528624108884e-05,2.422296395230355e-05
0.0,-0.004618946596211537,0.0001386047071441484,-0.0001386047071441484,-2.1436456950756015e-05
0.0,-0.008412365876402483,0.00015620990508314985,-0.00015620990508314985,-3.904165488975746e-05
0.0,-0.011182581807410497,0.00016906643271610803,-0.00016906643271610803,-5.189818252271564e-05
0.0,-0.011571097930805796,0.00017086952980336793,-0.00017086952980336793,-5.370127960997552e-05
0.0,0.010517945160813724,6.835463567030515e-05,-6.835463567030515e-05,4.881361452308726e-05
0.0,-0.023721455093028143,0.00022725914220068797,-0.00022725914220068797,-0.00011009089200729558
0.0,0.0029874591429570607,0.00010330350030373843,-0.00010330350030373843,1.386474988965397e-05
0.0,0.0159767237756141,4.302053181297691e-05,-4.302053181297691e-05,7.414771838041549e-05
0.0,0.016110590199083896,4.239925989218535e-05,-4.239925989218535e-05,7.476899030120705e-05
0.0,-0.0048126645432444715,0.00013950374902429622,-0.00013950374902429622,-2.233549883090382e-05
0.0,0.008253718228220741,7.886287649021024e-05,-7.886287649021024e-05,3.8305373703182155e-05
0.0,0.005292907769290922,9.260395026539845e-05,-9.260395026539845e-05,2.4564299927993937e-05
0.0,-0.009577652178616392,0.00016161798009168155,-0.00016161798009168155,-4.444972989828914e-05
0.0,0.01797270867614209,3.375719795464196e-05,-3.375719795464196e-05,8.341105223875044e-05
0.0,-0.013973515692226712,0.00018201911203986117,-0.00018201911203986117,-6.485086184646878e-05
0.0,0.01739675486921799,3.643019032001787e-05,-3.643019032001787e-05,8.073805987337453e-05
0.0,0.008010123642494982,7.999339504927529e-05,-7.999339504927529e-05,3.7174855144117105e-05
0.0,0.00879353312061526,7.635760424660318e-05,-7.635760424660318e-05,4.081064594678922e-05
0.0,0.01641581296364758,4.0982725945175306e-05,-4.0982725945175306e-05,7.618552424821709e-05
0.0,-0.006306918994084421,0.0001464385599258075,-0.0001464385599258075,-2.9270309732415093e-05
0.0,-0.006623141753502759,0.00014790614467222573,-0.00014790614467222573,-3.073789447883333e-05
0.0,-0.0015277553060997207,0.0001242585380259811,-0.0001242585380259811,-7.090287832588719e-06
0.0,0.00013491955745537076,0.00011654209069469214,-0.00011654209069469214,6.261594987002643e-07
0.0,-0.016329861778318078,0.0001929548763712803,-0.0001929548763712803,-7.578662617788791e-05
0.0,0.004727334073110212,9.522876870356828e-05,-9.522876870356828e-05,2.193948148982412e-05
0.0,-0.0021956999281005363,0.00012735845828631785,-0.00012735845828631785,-1.0190208092925442e-05
0.0,0.005218925396392127,9.294730126951281e-05,-9.294730126951281e-05,2.4220948923879583e-05
0.0,0.003445761353703114,0.00010117652710618034,-0.00010117652710618034,1.5991723087212055e-05
0.0,-0.018589516294535646,0.0002034418966802419,-0.0002034418966802419,-8.627364648684948e-05
0.0,-0.0030256189119989285,0.0001312100989581422,-0.0001312100989581422,-1.4041848764749805e-05
0.0,-0.035287878760604796,0.00028093872863010796,-0.00028093872863010796,-0.00016377047843671555
0.0,0.011947330894238384,6.172087944421794e-05,-6.172087944421794e-05,5.544737074917445e-05
0.0,-0.012129550130175693,0.00017346129748924388,-0.00017346129748924388,-5.629304729585148e-05
0.0,0.01231820260127181,5.999966980984023e-05,-5.999966980984023e-05,5.716858038355217e-05
0.0,0.01779929009643455,3.456203079713704e-05,-3.456203079713704e-05,8.260621939625536e-05
0.0,0.02204704770168342,1.4848255990377256e-05,-1.4848255990377256e-05,0.00010231999420301514
0.0,0.01946019413896294,2.6853801817785177e-05,-2.6853801817785177e-05,9.031444837560722e-05
0.0,-0.00028771518741854685,0.00011850353175612686,-0.00011850353175612686,-1.3352815627344648e-06
0.0,0.01169988923568721,6.286925220646345e-05,-6.286925220646345e-05,5.429899798692895e-05
0.0,-0.0013997945931910616,0.00012366467441302998,-0.00012366467441302998,-6.496424219637586e-06
0.0,0.007651855318760337,8.165611258423368e-05,-8.165611258423368e-05,3.551213760915872e-05
0.0,-0.009978532303877019,0.0001634784583129737,-0.0001634784583129737,-4.6310208119581304e-05
0.0,0.013610335409063534,5.400290220668039e-05,-5.400290220668039e-05,6.3165347986712e-05
0.0,0.011648051240012336,6.310983151162566e-05,-6.310983151162566e-05,5.405841868176674e-05
0.0,-0.004791925698091615,0.00013940750037710634,-0.00013940750037710634,-2.2239250183713954e-05
0.0,-0.011563829610944043,0.00017083579764765332,-0.00017083579764765332,-5.3667547454260926e-05
0.0,0.003946442467421596,9.885287410073406e-05,-9.885287410073406e-05,1.831537609265834e-05
0.0,-0.006792562915180156,0.00014869242556186048,-0.00014869242556186048,-3.152417536846808e-05
0.0,0.005635930617216234,9.101198673875631e-05,-9.101198673875631e-05,2.6156263454636086e-05
0.0,0.016161668273416252,4.2162207369765816e-05,-4.2162207369765816e-05,7.500604282362658e-05
0.0,-0.001584418237524976,0.0001245215097804494,-0.0001245215097804494,-7.3532595870570185e-06
0.0,0.002396979198154181,0.00010604390824165086,-0.00010604390824165086,1.1124341951741536e-05
0.0,-0.004595548640170977,0.0001384961176060467,-0.0001384961176060467,-2.132786741265429e-05
0.0,0.011271187194776155,6.485885149133688e-05,-6.485885149133688e-05,5.230939870205551e-05
0.0,0.0017911667548251575,0.00010885547405891025,-0.00010885547405891025,8.312776134482154e-06
0.0,-0.000624157213091503,0.00012006495379241515,-0.00012006495379241515,-2.8967035990227528e-06
0.0,0.008836275129611826,7.615923926949017e-05,-7.615923926949017e-05,4.1009010923902225e-05
0.0,-0.0019356376714373402,0.0001261515135309813,-0.0001261515135309813,-8.983263337588904e-06
0.0,0.002787148065356293,0.0001042331407969345,-0.0001042331407969345,1.29351093964579e-05
0.0,-0.007949201604598555,0.00015406036713833002,-0.00015406036713833002,-3.689211694493761e-05
0.0,-0.0012851080682624305,0.00012313241609324753,-0.00012313241609324753,-5.9641658998551396e-06
0.0,-0.0012649972997506032,0.0001230390823396588,-0.0001230390823396588,-5.870832146266389e-06
0.0,-0.004359258971957769,0.00013739950105180564,-0.00013739950105180564,-2.0231250858413256e-05
0.0,0.012921249154708825,5.720094044313631e-05,-5.720094044313631e-05,5.996730975025609e-05
0.0,0.0017727951669590514,0.00010894073630306172,-0.00010894073630306172,8.227513890330679e-06
0.0,0.005757654753379748,9.04470669782903e-05,-9.04470669782903e-05,2.6721183215102104e-05
0.0,-0.0035111185091528663,0.00013346329478909982,-0.00013346329478909982,-1.6295044595707436e-05
0.0,-0.0039062790518439305,0.00013529722851957036,-0.00013529722851957036,-1.8128978326177967e-05
0.0,-0.002073092860288006,0.00012678944085425282,-0.00012678944085425282,-9.621190660860426e-06
0.0,0.000745811250824957,0.00011370695215959143,-0.00011370695215959143,3.4612980338009727e-06
0.0,0.0035365890047962534,0.00010075499743658137,-0.00010075499743658137,1.6413252756811033e-05
0.0,0.008722529021144565,7.668713313158297e-05,-7.668713313158297e-05,4.048111706180944e-05
0.0,-0.00222738052560012,0.00012750548743037225,-0.00012750548743037225,-1.033723723697986e-05
0.0,0.0013415471654707467,0.00011094215135007394,-0.00011094215135007394,6.226098843318466e-06
0.0,0.006438845522919845,8.728567156001993e-05,-8.728567156001993e-05,2.9882578633372468e-05
0.0,-0.014754827521051062,0.0001856451676858491,-0.0001856451676858491,-6.847691749245671e-05
0.0,0.007082595157549276,8.429803984738717e-05,-8.429803984738717e-05,3.2870210346005224e-05
0.0,0.005709842747752214,9.066896172831936e-05,-9.066896172831936e-05,2.649928846507304e-05
0.0,0.014847403800101189,4.826168767707962e-05,-4.826168767707962e-05,6.890656251631278e-05
0.0,0.005491862685268911,9.16806036965073e-05,-9.16806036965073e-05,2.54876464968851e-05
0.0,-0.006554750898592476,0.00014758874381326967,-0.00014758874381326967,-3.0420493619877276e-05
0.0,0.0004157884466327033,0.00011523858269211102,-0.00011523858269211102,1.9296675012813815e-06
0.0,0.0022756417379066196,0.0001066070334454028,-0.0001066070334454028,1.0561216747989603e-05
0.0,-0.0037534511943366766,0.0001345879568880218,-0.0001345879568880218,-1.7419706694629428e-05
0.0,-0.007190027975370938,0.00015053705452102567,-0.00015053705452102567,-3.336880432763328e-05
0.0,0.008136379515524483,7.940744357081549e-05,-7.940744357081549e-05,3.776080662257691e-05
0.0,0.013935625421946263,5.249323648259715e-05,-5.249323648259715e-05,6.467501371079525e-05
0.0,0.0003167233075522802,0.00011569834241112573,-0.00011569834241112573,1.4699077822666758e-06
0.0,-0.0030106116552376383,0.00013114045052060102,-0.00013114045052060102,-1.3972200327208612e-05
0.0,0.0036158389430824833,0.00010038719974612609,-0.00010038719974612609,1.6781050447266303e-05
0.0,-0.0014888337468982327,0.00012407790369499245,-0.00012407790369499245,-6.9096535016000634e-06
0.0,-0.025677883699462,0.00023633889593359435,-0.00023633889593359435,-0.00011917064574020196
0.0,0.009760625975629766,7.186934184259404e-05,-7.186934184259404e-05,4.529890835079835e-05
0.0,-0.019311475173124593,0.00020679249623767814,-0.00020679249623767814,-8.962424604428573e-05
0.0,0.016051767614439383,4.2672254562549914e-05,-4.2672254562549914e-05,7.449599563084248e-05
0.0,0.013898223484416938,5.2666818273817655e-05,-5.2666818273817655e-05,6.450143191957474e-05
0.0,0.0010087690809532646,0.00011248656909432,-0.00011248656909432,4.681681099072403e-06
0.0,0.010853322230420792,6.679815607801037e-05,-6.679815607801037e-05,5.0370094115382026e-05
0.0,0.003897495164625342,9.908003774668488e-05,-9.908003774668488e-05,1.8088212446707524e-05
0.0,0.007399348360373592,8.282799332164324e-05,-8.282799332164324e-05,3.434025687174916e-05
0.0,-0.0011135249921484514,0.00012233610179344324,-0.00012233610179344324,-5.167851600050847e-06
0.0,-0.00034518493235935477,0.00011877024791915958,-0.00011877024791915958,-1.6019977257671791e-06
0.0,0.0016624551635393559,0.00010945282248634702,-0.00010945282248634702,7.715427707045382e-06
0.0,0.0047110331133788375,9.53044211958106e-05,-9.53044211958106e-05,2.1863828997581794e-05
0.0,-0.0005692724183511411,0.0001198102343417361,-0.0001198102343417361,-2.6419841483437073e-06
0.0,-0.0003204020092266724,0.00011865523077103247,-0.00011865523077103247,-1.486980577640076e-06
0.0,-0.004415835627354592,0.000137662072400612,-0.000137662072400612,-2.04938222072196e-05
0.0,-0.0018548966445751658,0.00012577679572239905,-0.00012577679572239905,-8.608545529006652e-06
0.0,-0.0077328394581538396,0.00015305623389248572,-0.00015305623389248572,-3.588798369909333e-05
0.0,0.0012563181187927874,0.00011133769798652228,-0.00011133769798652228,5.830552206870112e-06
0.0,0.01135161376597904,6.448559306641774e-05,-6.448559306641774e-05,5.2682657126974656e-05
0.0,-0.02447880752512621,0.00023077400267137115,-0.00023077400267137115,-0.00011360575247797877
0.0,-0.004750214169902844,0.00013921391784486788,-0.00013921391784486788,-2.2045667651475497e-05
0.0,0.023790763506800205,6.755698951203609e-06,-6.755698951203609e-06,0.00011041255124218879
0.0,-0.008080851690870694,0.00015467135307379215,-0.00015467135307379215,-3.7503102880399766e-05
0.0,-0.01306622187199813,0.00017780837599563646,-0.00017780837599563646,-6.064012580224405e-05
0.0,-0.013417213930100202,0.00017943732449868553,-0.00017943732449868553,-6.226907430529312e-05
0.0,0.01949596819778221,2.6687774985506552e-05,-2.6687774985506552e-05,9.048047520788585e-05
0.0,-0.005359231030161227,0.00014204035530961825,-0.00014204035530961825,-2.4872105116225852e-05
0.0,0.01415464230382213,5.147678265226458e-05,-5.147678265226458e-05,6.569146754112782e-05
0.0,0.006030313342701321,8.918166284544327e-05,-8.918166284544327e-05,2.7986587347949126e-05
0.0,0.010395487004435822,6.892296200679428e-05,-6.892296200679428e-05,4.8245288186598124e-05
0.0,0.0010153984958789497,0.00011245580208614984,-0.00011245580208614984,4.712448107242558e-06
0.0,0.006491921301497117,8.703934772429238e-05,-8.703934772429238e-05,3.0128902469100017e-05
0.0,-0.0015696837343783798,0.0001244531271880523,-0.0001244531271880523,-7.2848769946599e-06
0.0,0.00287938213053085,0.00010380508398217736,-0.00010380508398217736,1.3363166211215033e-05
0.0,-0.014760539319459198,0.00018567167605050263,-0.00018567167605050263,-6.850342585711021e-05
0.0,-0.0006027039747036333,0.00011996538965769814,-0.00011996538965769814,-2.797139464305744e-06
0.0,0.007025118077311765,8.456479005341405e-05,-8.456479005341405e-05,3.260346013997835e-05
0.0,-0.007630854183940605,0.00015258292187323092,-0.00015258292187323092,-3.541467167983851e-05
0.0,-0.00546733601831495,0.00014254206882295914,-0.00014254206882295914,-2.537381862956675e-05
0.0,0.005240265846959469,9.284826058125897e-05,-9.284826058125897e-05,2.4319989612133432e-05
0.0,0.016631202604519668,3.998310608207051e-05,-3.998310608207051e-05,7.718514411132189e-05
0.0,-0.0008680126852336212,0.00012119668312114744,-0.00012119668312114744,-4.028432927755047e-06
0.0,-0.0031578329337678124,0.00013182370210918526,-0.00013182370210918526,-1.465545191579286e-05
0.0,0.0036224990395776757,0.00010035629034528475,-0.00010035629034528475,1.6811959848107648e-05
0.0,0.011825201774944727,6.2287678724885e-05,-6.2287678724885e-05,5.48805714685074e-05
0.0,0.014438226417743616,5.0160673335265265e-05,-5.0160673335265265e-05,6.700757685812713e-05
0.0,-0.0009735307519511682,0.00012168639077366131,-0.00012168639077366131,-4.5181405802689205e-06
0.0,0.001475232784985625,0.00011032171853753258,-0.00011032171853753258,6.84653165585982e-06
0.0,0.0042206328286402695,9.758036103912015e-05,-9.758036103912015e-05,1.9587889154272258e-05
0.0,0.007719934348738189,8.134015889977964e-05,-8.134015889977964e-05,3.582809129361276e-05
0.0,-0.00019607884876882142,0.00011807824898056914,-0.00011807824898056914,-9.09998787176742e-07
0.0,0.0032944868090414303,0.00010187858983776618,-0.00010187858983776618,1.528966035562621e-05
0.0,-0.004087726727828533,0.00013613932426890182,-0.00013613932426890182,-1.8971074075509407e-05
0.0,0.01109419052516647,6.568029019158667e-05,-6.568029019158667e-05,5.148796000180572e-05
0.0,0.0036088195555097347,0.00010041977661108645,-0.00010041977661108645,1.6748473582305942e-05
0.0,-0.005306560094486046,0.0001417959103432956,-0.0001417959103432956,-2.46276601499032e-05
0.0,-0.006802319771775922,0.0001487377069765799,-0.0001487377069765799,-3.156945678318748e-05
0.0,0.009306055472153574,7.397899624666168e-05,-7.397899624666168e-05,4.318925394673071e-05
0.0,-0.009210657476561801,0.00015991476357512746,-0.00015991476357512746,-4.274651338173506e-05
0.0,0.010928696540176919,6.644834511730227e-05,-6.644834511730227e-05,5.0719905076090124e-05
0.0,0.001782270924804541,0.00010889675946312657,-0.00010889675946312657,8.271490730265833e-06
0.0,-0.00021489588801437698,0.00011816557855741657,-0.00011816557855741657,-9.973283640241736e-07
0.0,-0.0008455399168898481,0.00012109238736428359,-0.00012109238736428359,-3.924137170891193e-06
0.0,0.006762806734045723,8.578217278354336e-05,-8.578217278354336e-05,3.138607740984904e-05
0.0,-0.007194706699326425,0.00015055876840374053,-0.00015055876840374053,-3.3390518210348124e-05
0.0,0.002748090747253684,0.00010441440518280232,-0.00010441440518280232,1.2753845010590076e-05
0.0,-0.006678337608227225,0.0001481623077472939,-0.0001481623077472939,-3.09940575539015e-05
0.0,0.0007034637617677753,0.00011390348617600361,-0.00011390348617600361,3.264764017388778e-06
0.0,0.008165456466051824,7.92724979105323e-05,-7.92724979105323e-05,3.7895752282860106e-05
0.0,0.007373341616968343,8.294869019999496e-05,-8.294869019999496e-05,3.421955999339745e-05
0.0,-0.010435647322188157,0.0001655999217695133,-0.0001655999217695133,-4.843167157612091e-05
0.0,-0.00867391280271812,0.0001574237401664925,-0.0001574237401664925,-4.025548997310012e-05
0.0,-0.021449400664502738,0.00021671457409790733,-0.00021671457409790733,-9.954632390451493e-05
0.0,0.012173141406923493,6.0672896482437714e-05,-6.0672896482437714e-05,5.6495353710954684e-05
0.0,0.014917956876899785,4.793425198107547e-05,-4.793425198107547e-05,6.923399821231693e-05
0.0,-0.0025300521932207776,0.00012891018177745248,-0.00012891018177745248,-1.1741931584060078e-05
0.0,-0.008517292959364653,0.00015669686998954905,-0.00015669686998954905,-3.9528619796156637e-05
0.0,-0.002943411456817757,0.0001308285754792893,-0.0001308285754792893,-1.3660325285896905e-05
0.0,0.010554741756143349,6.818386326250877e-05,-6.818386326250877e-05,4.898438693088363e-05
0.0,-0.0007838806801412357,0.00012080622783707403,-0.00012080622783707403,-3.6379776436816324e-06
0.0,0.009911292190138532,7.117010236147521e-05,-7.117010236147521e-05,4.599814783191718e-05
0.0,-0.0021252837802967495,0.00012703165807557886,-0.00012703165807557886,-9.863407882186477e-06
0.0,0.0018768165702687245,0.00010845797464138025,-0.00010845797464138025,8.710275552012144e-06
0.0,0.0011653145418315525,0.00011176004412524889,-0.00011176004412524889,5.40820606814351e-06
0.0,0.0007688818911402162,0.00011359988168851257,-0.00011359988168851257,3.5683685048798247e-06
0.0,-0.0004923335226864056,0.00011945316216296084,-0.00011945316216296084,-2.2849119695684506e-06
0.0,0.0014469348384307246,0.00011045304885289419,-0.00011045304885289419,6.715201340498206e-06
0.0,-0.0036287033416374515,0.00013400900410768886,-0.00013400900410768886,-1.6840753914296455e-05
0.0,0.008834095710505974,7.616935391854858e-05,-7.616935391854858e-05,4.099889627484381e-05
0.0,-0.0007967387044511831,0.00012086590172133545,-0.00012086590172133545,-3.6976515279430427e-06
0.0,0.00017502486450582388,0.00011635596260895306,-0.00011635596260895306,8.122875844393437e-07
0.0,-0.0018238673194856947,0.00012563278912313742,-0.00012563278912313742,-8.464538929745032e-06
0.0,0.004652243012262192,9.557726511064418e-05,-9.557726511064418e-05,2.159098508274822e-05
0.0,0.0019484346695590737,0.00010812559619310122,-0.00010812559619310122,9.042654000291184e-06
0.0,0.0018152018730952513,0.00010874392746113712,-0.00010874392746113712,8.424322732255287e-06
0.0,-0.0020116937805257917,0.00012650448871143777,-0.00012650448871143777,-9.33623851804538e-06
0.0,-0.005390124612855707,0.0001421837319306054,-0.0001421837319306054,-2.5015481737212987e-05
0.0,-0.00043571559205179966,0.00011919039925643903,-0.00011919039925643903,-2.0221490630466286e-06
0.0,-0.013124468779900589,0.00017807869895948927,-0.00017807869895948927,-6.091044876609686e-05
0.0,0.014002289962720793,5.218384741981231e-05,-5.218384741981231e-05,6.498440277358009e-05
0.0,0.005124491902218642,9.338556559892067e-05,-9.338556559892067e-05,2.3782684594471722e-05
0.0,-0.0010832833431588806,0.00012219575078630744,-0.00012219575078630744,-5.027500592915038e-06
0.0,0.005811249724885448,9.019833357652263e-05,-9.019833357652263e-05,2.696991661686978e-05
0.0,0.0033305973193167304,0.00010171100153968514,-0.00010171100153968514,1.545724865370725e-05
0.0,0.0023149642620619026,0.00010642453824250498,-0.00010642453824250498,1.0743711950887417e-05
0.0,0.00027733619326086867,0.00011588113737580768,-0.00011588113737580768,1.2871128175847153e-06
0.0,0.0013281596467464851,0.00011100428260940598,-0.00011100428260940598,6.163967583986424e-06
0.0,0.0052216268542757405,9.293476384687323e-05,-9.293476384687323e-05,2.4233486346519166e-05
0.0,0.007500081663913916,8.236049167816879e-05,-8.236049167816879e-05,3.48077585152236e-05
0.0,-0.0020218560598241897,0.00012655165168640707,-0.00012655165168640707,-9.383401493014682e-06
0.0,0.003358975310182588,0.00010157929973996227,-0.00010157929973996227,1.5588950453430126e-05
0.0,-0.008561024934316985,0.0001568998293827592,-0.0001568998293827592,-3.973157918936679e-05
0.0,0.011277947808795874,6.4827475590279e-05,-6.4827475590279e-05,5.23407746031134e-05
0.0,0.0034511743312370946,0.00010115140556440332,-0.00010115140556440332,1.601684462898908e-05
0.0,-0.0035168126585656267,0.00013348972124504932,-0.00013348972124504932,-1.632147105165692e-05
0.0,0.0011649345752446916,0.00011176180754407443,-0.00011176180754407443,5.40644264931796e-06
0.0,-0.0032622408541723713,0.00013230825759049479,-0.00013230825759049479,-1.5140007397102388e-05
0.0,-0.007538854211077806,0.000152155951477132,-0.000152155951477132,-3.4987701283739605e-05
0.0,-0.015869512427409305,0.00019081840242911384,-0.00019081840242911384,-7.365015223572145e-05
0.0,0.015162609437855634,4.679882337596369e-05,-4.679882337596369e-05,7.036942681742871e-05
0.0,0.008241819990835397,7.891809601877331e-05,-7.891809601877331e-05,3.8250154174619084e-05
0.0,0.0020166699583279435,0.00010780891731410832,-0.00010780891731410832,9.359332879284072e-06
0.0,0.010145452020822843,7.008337034899046e-05,-7.008337034899046e-05,4.708487984440193e-05
0.0,0.0023821998626283314,0.00010611249890039988,-0.00010611249890039988,1.1055751292992524e-05
0.0,-0.0047124448070912095,0.0001390386308388148,-0.0001390386308388148,-2.1870380645422394e-05
0.0,-0.0001862618826539153,0.00011803268859853705,-0.00011803268859853705,-8.644384051446528e-07
0.0,0.004206152980007483,9.764756178400963e-05,-9.764756178400963e-05,1.9520688409382765e-05
0.0,-0.0054060480514769305,0.0001422576323534403,-0.0001422576323534403,-2.508938216004789e-05
0.0,-0.001842805614891363,0.000125720681447876,-0.000125720681447876,-8.552431254483596e-06
0.0,0.0082034265474622,7.909627937268692e-05,-7.909627937268692e-05,3.807197082070547e-05
0.0,-0.004632387901412294,0.0001386670880256538,-0.0001386670880256538,-2.1498837832261404e-05
0.0,0.006005446813494242,8.929706800801854e-05,-8.929706800801854e-05,2.7871182185373858e-05
0.0,0.001675266241764728,0.00010939336647810994,-0.00010939336647810994,7.774883715282455e-06
0.0,-0.0009399082741974318,0.00012153034939454322,-0.00012153034939454322,-4.362099201150817e-06
0.0,0.0009926793341701323,0.00011256124135066261,-0.00011256124135066261,4.607008842729784e-06
0.0,0.0012757437876824707,0.00011124754376927394,-0.00011124754376927394,5.920706424118452e-06
0.0,0.004146380281677686,9.792496591672426e-05,-9.792496591672426e-05,1.9243284276668146e-05
0.0,0.001607306655808216,0.00010970876582477977,-0.00010970876582477977,7.459484368612623e-06
0.0,0.002620850702215849,0.00010500492418774231,-0.00010500492418774231,1.2163326005650083e-05
0.0,-0.00706069881494753,0.00014993683996514237,-0.00014993683996514237,-3.276858977174998e-05
0.0,-0.010748470745585936,0.00016705173025206963,-0.00016705173025206963,-4.988348005867724e-05
0.0,0.0012566922329095842,0.00011133596172891629,-0.00011133596172891629,5.832288464476113e-06
0.0,0.008141567655737925,7.938336549543113e-05,-7.938336549543113e-05,3.778488469796127e-05
0.0,0.00852379036424833,7.760947604554986e-05,-7.760947604554986e-05,3.955877414784254e-05
0.0,0.0014957363013194946,0.00011022656204761113,-0.00011022656204761113,6.941688145781271e-06
0.0,0.002220118224179668,0.00010686471718063774,-0.00010686471718063774,1.030353301275466e-05
0.0,-0.005824918819612557,0.00014420160485929999,-0.00014420160485929999,-2.7033354665907584e-05
0.0,0.008807632480425154,7.629216934422828e-05,-7.629216934422828e-05,4.087608084916413e-05
0.0,0.004306570844779589,9.718152408679103e-05,-9.718152408679103e-05,1.9986726106601364e-05
0.0,-0.0013491160395050494,0.00012342947605951192,-0.00012342947605951192,-6.2612258661195315e-06
0.0,0.0003116886257619189,0.00011572170828843384,-0.00011572170828843384,1.4465419049585565e-06
0.0,0.002842638410522902,0.00010397561099645526,-0.00010397561099645526,1.3192639196937137e-05
0.0,-0.0003350311257153127,0.00011872312426564303,-0.00011872312426564303,-1.5548740722506316e-06
0.0,-0.003395574405981705,0.0001329270564624706,-0.0001329270564624706,-1.5758806269078192e-05
0.0,-0.001318566739775151,0.0001232876972502326,-0.0001232876972502326,-6.119447056840196e-06
0.0,-0.004605608657393345,0.00013854280598436396,-0.00013854280598436396,-2.1374555790971554e-05
0.0,-0.007722578759925436,0.00015300861415684335,-0.00015300861415684335,-3.5840363963450947e-05
0.0,0.0022764876184568905,0.00010660310772735786,-0.00010660310772735786,1.0565142466034544e-05
0.0,-0.00574663850657553,0.00014383830718404947,-0.00014383830718404947,-2.667005699065707e-05
0.0,0.008473996979569742,7.784056634392448e-05,-7.784056634392448e-05,3.9327683849467916e-05
0.0,-0.0015511404489350067,0.000124367068098203,-0.000124367068098203,-7.198817904810609e-06
0.0,-0.009110872450405094,0.00015945166287175652,-0.00015945166287175652,-4.228341267836413e-05
0.0,-0.01697731100841482,0.00019595967784704374,-0.00019595967784704374,-7.879142765365135e-05
0.0,-0.0008123585165593639,0.000120938393018401,-0.000120938393018401,-3.7701428250086e-06
0.0,0.009519611195260236,7.298788756644479e-05,-7.298788756644479e-05,4.418036262694761e-05
0.0,0.012134715784494876,6.085122917883058e-05,-6.085122917883058e-05,5.631702101456182e-05
0.0,0.001461009046688222,0.0001103877306784699,-0.0001103877306784699,6.780519514922494e-06
0.0,-0.0027763826213396126,0.00013005339733711315,-0.00013005339733711315,-1.2885147143720746e-05
0.0,-0.020364110556098214,0.00021167776013972546,-0.00021167776013972546,-9.450950994633306e-05
0.0,0.0015691842194003325,0.00010988569143972103,-0.00010988569143972103,7.28255875367137e-06
0.0,-0.011909714125195148,0.0001724410421217415,-0.0001724410421217415,-5.5272791928349105e-05
0.0,0.01149147763018199,6.383648711953105e-05,-6.383648711953105e-05,5.333176307386134e-05
0.0,-0.012985898136748442,0.00017743559483072405,-0.00017743559483072405,-6.0267344637331664e-05
0.0,0.010524514660609219,6.832414672729167e-05,-6.832414672729167e-05,4.884410346610072e-05
0.0,0.004102792854185466,9.812725446749415e-05,-9.812725446749415e-05,1.904099572589825e-05
0.0,0.008298280656405366,7.865606297689005e-05,-7.865606297689005e-05,3.851218721650235e-05
0.0,-0.0019137230947889883,0.0001260498083328087,-0.0001260498083328087,-8.881558139416285e-06
0.0,-0.006865763848056816,0.00014903214991538575,-0.00014903214991538575,-3.186389972199334e-05
0.0,-0.0024167805585421087,0.00012838448994059024,-0.00012838448994059024,-1.1216239747197835e-05
0.0,0.00302251448379387,0.00010314080903007039,-0.00010314080903007039,1.4027441163322017e-05
0.0,0.01706310194558336,3.797866817855255e-05,-3.797866817855255e-05,7.918958201483985e-05
0.0,0.007460210377712606,8.254553367690649e-05,-8.254553367690649e-05,3.462271651648591e-05
0.0,0.00337476955709759,0.00010150599889376051,-0.00010150599889376051,1.5662251299631888e-05
0.0,0.007393339551406308,8.285588010753034e-05,-8.285588010753034e-05,3.431237008586206e-05
0.0,0.0036640298040166996,0.00010016354673470494,-0.00010016354673470494,1.700470345868746e-05
0.0,0.002995871849622578,0.00010326445706725186,-0.00010326445706725186,1.3903793126140534e-05
0.0,-0.0010725536274130976,0.00012214595434790156,-0.00012214595434790156,-4.977704154509152e-06
0.0,0.004748196569493546,9.513194619300419e-05,-9.513194619300419e-05,2.2036304000388207e-05
0.0,0.0018197952535197182,0.0001087226096563787,-0.0001087226096563787,8.445640537013692e-06
0.0,-0.005051568068462853,0.0001406124964469073,-0.0001406124964469073,-2.3444246253514885e-05
0.0,0.009829281576461124,7.155071230207136e-05,-7.155071230207136e-05,4.561753789132104e-05
0.0,0.001949334719149265,0.00010812141907741222,-0.00010812141907741222,9.046831115980182e-06
0.0,0.0018000771431341267,0.00010881412108991155,-0.00010881412108991155,8.354129103480844e-06
0.0,0.0036803630854131963,0.00010008774423813402,-0.00010008774423813402,1.7080505955258378e-05
0.0,0.006461279195357994,8.718155724662602e-05,-8.718155724662602e-05,2.9986692946766384e-05
0.0,0.004181942361150437,9.775992287718743e-05,-9.775992287718743e-05,1.9408327316204964e-05
0.0,0.003732799652949259,9.984438697057996e-05,-9.984438697057996e-05,1.7323863222812448e-05
0.0,0.0008877879113036169,0.00011304804075913074,-0.00011304804075913074,4.1202094342616655e-06
0.0,-0.003498775895770745,0.00013340601291867452,-0.00013340601291867452,-1.6237762725282114e-05
0.0,-0.008225823395229703,0.0001553441644247869,-0.0001553441644247869,-3.817591423139451e-05
0.0,0.0005509400447352153,0.00011461134629649505,-0.00011461134629649505,2.5569038968973516e-06
0.0,0.007222656026415475,8.36480196050232e-05,-8.36480196050232e-05,3.352023058836921e-05
0.0,-1.0739820344718431e-05,0.00011721809352707961,-0.00011721809352707961,-4.984333368721776e-08
0.0,0.003865229864862485,9.922978048455004e-05,-9.922978048455004e-05,1.7938469708842354e-05
0.0,-0.002601625374463401,0.0001292423517617936,-0.0001292423517617936,-1.207410156840122e-05
0.0,0.0033847802152713324,0.00010145953958999498,-0.00010145953958999498,1.570871060339742e-05
0.0,-0.001398665559303236,0.00012365943458489425,-0.00012365943458489425,-6.491184391501845e-06
0.0,-0.0031971365563219223,0.00013200610959005567,-0.00013200610959005567,-1.4837859396663278e-05
0.0,0.001657132912945114,0.00010947752296585422,-0.00010947752296585422,7.690727227538177e-06
0.0,0.0022938506357221833,0.00010652252624316231,-0.00010652252624316231,1.0645723950230087e-05
0.0,-0.022724822637582465,0.0002226337869856243,-0.0002226337869856243,-0.00010546553679223193
0.0,0.013200199537034996,5.590633620003109e-05,-5.590633620003109e-05,6.126191399336131e-05
0.0,-0.01896131033450521,0.00020516738684695917,-0.00020516738684695917,-8.799913665356675e-05
0.0,-0.011815187417889228,0.00017200234519168346,-0.00017200234519168346,-5.483409499829106e-05
0.0,0.01419443613158311,5.1292100136904095e-05,-5.1292100136904095e-05,6.58761500564883e-05
0.0,-0.008448563730297565,0.00015637789874156714,-0.00015637789874156714,-3.920964854817475e-05
0.0,0.011730872577451423,6.272545901507564e-05,-6.272545901507564e-05,5.444279117831676e-05
0.0,0.020707080374404274,2.1067022830028226e-05,-2.1067022830028226e-05,9.610122736336417e-05
0.0,0.0030852853123166657,0.00010284949062329429,-0.00010284949062329429,1.4318759570098109e-05
0.0,-0.007181080169894716,0.00015049552789955485,-0.00015049552789955485,-3.332727770616247e-05
0.0,0.009549073338481762,7.28511542330559e-05,-7.28511542330559e-05,4.4317095960336495e-05
0.0,-0.009136167611567658,0.00015956905730835135,-0.00015956905730835135,-4.240080711495894e-05
0.0,-0.0074706775774360246,0.00015183954481564165,-0.00015183954481564165,-3.467129462224926e-05
0.0,0.016348464630746795,4.129528847623314e-05,-4.129528847623314e-05,7.587296171715926e-05
0.0,-0.008743415379980468,0.00015774630051102495,-0.00015774630051102495,-4.057805031763255e-05
0.0,-0.010287680637092622,0.000164913210761034,-0.000164913210761034,-4.77449605676416e-05
0.0,-0.01138805785140995,0.00017002004373538646,-0.00017002004373538646,-5.285179354199408e-05
0.0,0.017777934551572505,3.4661141537770123e-05,-3.4661141537770123e-05,8.250710865562227e-05
0.0,0.010180197220578835,6.992211843509616e-05,-6.992211843509616e-05,4.7246131758296244e-05
0.0,0.006223699921661829,8.828415883919624e-05,-8.828415883919624e-05,2.888409135419615e-05
0.0,0.01383893524747526,5.294197402901278e-05,-5.294197402901278e-05,6.422627616437962e-05
0.0,-0.0010101548486260992,0.0001218563626179724,-0.0001218563626179724,-4.688112424580006e-06
0.0,0.0014018951394270118,0.00011066207737241854,-0.00011066207737241854,6.506172820973863e-06
0.0,-0.0029897555945093135,0.00013104365787780845,-0.00013104365787780845,-1.3875407684416037e-05
0.0,-0.0026261799136575448,0.0001293563089837309,-0.0001293563089837309,-1.2188058790338497e-05
0.0,0.006374052530970564,8.758637479477277e-05,-8.758637479477277e-05,2.9581875398619624e-05
0.0,-0.000629621957060511,0.00012009031558138552,-0.00012009031558138552,-2.922065387993127e-06
0.0,-0.019392757790687165,0.00020716972756000041,-0.00020716972756000041,-9.0001477366608e-05
0.0,-0.0009637690162076495,0.00012164108671489558,-0.00012164108671489558,-4.472836521503178e-06
0.0,-0.004050216740091761,0.00013596524101840433,-0.00013596524101840433,-1.8796990825011943e-05
0.0,-0.0014410312534549607,0.00012385605309085776,-0.00012385605309085776,-6.687802897465353e-06
0.0,0.009159984668711818,7.465690849884268e-05,-7.465690849884268e-05,4.251134169454971e-05
0.0,0.002817754443029452,0.00010409109708983743,-0.00010409109708983743,1.3077153103554966e-05
0.0,-0.0142436152864307,0.0001832726399174771,-0.0001832726399174771,-6.610438972408471e-05
0.0,0.0008199802697488323,0.0001133627349342731,-0.0001133627349342731,3.8055152591192985e-06
0.0,-0.018387945694007368,0.0002025064107613732,-0.0002025064107613732,-8.533816056798077e-05
0.0,-0.009689541868338813,0.00016213725834420245,-0.00016213725834420245,-4.496900815081006e-05
0.0,-0.01103737849414832,0.00016839254647191444,-0.00016839254647191444,-5.122429627852205e-05
0.0,-0.018914821867908604,0.00020495163462031028,-0.00020495163462031028,-8.77833844269179e-05
0.0,0.002771738943381896,0.00010430465428447385,-0.00010430465428447385,1.2863595908918548e-05
0.0,-0.012171906253646725,0.00017365787157783204,-0.00017365787157783204,-5.6489621384439645e-05
0.0,-0.0014966358477518371,0.00012411411311971519,-0.00012411411311971519,-6.945862926322776e-06
0.0,-0.00538408875771057,0.00014215571962384135,-0.00014215571962384135,-2.4987469430448963e-05
0.0,0.024347646888076113,4.171212124899173e-06,-4.171212124899173e-06,0.00011299703806849323
0.0,0.018885951732779516,2.9518851599816853e-05,-2.9518851599816853e-05,8.764939859357555e-05
0.0,0.00686300355780145,8.53171609341308e-05,-8.53171609341308e-05,3.1851089259261587e-05
0.0,0.00942251544733641,7.343850737273952e-05,-7.343850737273952e-05,4.372974282065288e-05
0.0,-0.024391082077444004,0.0002303668702779662,-0.0002303668702779662,-0.00011319862008457379
0.0,0.0051569298644233985,9.323502153743644e-05,-9.323502153743644e-05,2.3933228655955968e-05
0.0,-0.0037017126347429485,0.0001343478390641148,-0.0001343478390641148,-1.7179588870722403e-05
0.0,0.008401207191663262,7.817838258024809e-05,-7.817838258024809e-05,3.8989867613144315e-05
0.0,0.014517207887505545,4.97941216029184e-05,-4.97941216029184e-05,6.7374128590474e-05
0.0,-0.01811572566845976,0.0002012430419959557,-0.0002012430419959557,-8.407479180256329e-05
0.0,-0.01896945434456343,0.0002052051830668078,-0.0002052051830668078,-8.80369328734154e-05
0.0,-0.0038405967262932217,0.00013499239790186024,-0.00013499239790186024,-1.7824147708467826e-05
0.0,0.01576672117072042,4.399515052864733e-05,-4.399515052864733e-05,7.317309966474507e-05
0.0,0.0008812077558950637,0.00011307857915467322,-0.00011307857915467322,4.089671038719178e-06
0.0,-0.021173138152195015,0.00021543244421637773,-0.00021543244421637773,-9.826419402298533e-05
0.0,-0.0071661613961429005,0.0001504262901102392,-0.0001504262901102392,-3.325803991684679e-05
0.0,-0.010142945264832837,0.00016424149622351513,-0.00016424149622351513,-4.7073246030122736e-05
0.0,-0.018412122845487655,0.00020261861653299307,-0.00020261861653299307,-8.545036633960068e-05
0.0,0.014956856067329216,4.775372146319859e-05,-4.775372146319859e-05,6.94145287301938e-05
0.0,0.022372677655603468,1.3337012605400892e-05,-1.3337012605400892e-05,0.0001038312375879915
0.0,-0.002442603440647617,0.00012850433352160353,-0.00012850433352160353,-1.1336083328211133e-05
0.0,-0.015473503680411893,0.00018898053219608375,-0.00018898053219608375,-7.181228200269136e-05
0.0,0.018642691757321028,3.064781723800693e-05,-3.064781723800693e-05,8.652043295538547e-05
0.0,-0.005254666430088317,0.00014155507268048492,-0.00014155507268048492,-2.438682248709253e-05
0.0,-0.007934042550334475,0.00015399001421101697,-0.00015399001421101697,-3.682176401762456e-05
0.0,-0.029518158313449172,0.0002541615487240245,-0.0002541615487240245,-0.00013699329853063207
0.0,-0.00723375351819977,0.00015073998406285398,-0.00015073998406285398,-3.35717338694616e-05
0.0,0.02569824789143582,-2.096905434614249e-06,2.096905434614249e-06,0.00011926515562800665
0.0,-0.004291813651667864,0.000137086488403833,-0.000137086488403833,-1.9918238210440588e-05
0.0,-0.012961545123475138,0.00017732257288734793,-0.00017732257288734793,-6.015432269395554e-05
0.0,-0.007421002465963666,0.0001516090034213171,-0.0001516090034213171,-3.4440753227924717e-05
0.0,0.021408574170870942,1.7811401389954866e-05,-1.7811401389954866e-05,9.935684880343753e-05
0.0,0.02238376135718223,1.328557332443085e-05,-1.328557332443085e-05,0.00010388267686896155
0.0,0.01234781757145198,5.986222720899141e-05,-5.986222720899141e-05,5.7306022984400986e-05
0.0,0.011662294827948783,6.30437272488324e-05,-6.30437272488324e-05,5.412452294455999e-05
0.0,-0.00043466036210393355,0.00011918550195120299,-0.00011918550195120299,-2.017251757810596e-06
0.0,0.0113041136006502,6.47060405706302e-05,-6.47060405706302e-05,5.2462209622762196e-05
0.0,-0.012272698789159042,0.00017412564811593697,-0.00017412564811593697,-5.695739792254456e-05
0.0,0.01434391292056647,5.0598380760540846e-05,-5.0598380760540846e-05,6.656986943285155e-05
0.0,0.005066170567449069,9.36562339766681e-05,-9.36562339766681e-05,2.3512016216724294e-05
0.0,0.007144955276586762,8.400862753673446e-05,-8.400862753673446e-05,3.315962265665794e-05
0.0,0.012256547427530462,6.028581048069835e-05,-6.028581048069835e-05,5.6882439712694046e-05
0.0,-0.0062937001746978805,0.0001463772115973917,-0.0001463772115973917,-2.92089614039993e-05
0.0,-0.015652540713177343,0.00018981144018896152,-0.00018981144018896152,-7.264318999556913e-05
0.0,0.0034102225843584133,0.00010134146196378735,-0.00010134146196378735,1.5826788229605048e-05
0.0,0.008090938687879357,7.96183337219206e-05,-7.96183337219206e-05,3.7549916471471794e-05
0.0,-0.012551720801807331,0.0001754205847942164,-0.0001754205847942164,-5.8252334600824015e-05
0.0,-0.009716916613271898,0.00016226430409566823,-0.00016226430409566823,-4.5096053902275835e-05
0.0,0.004253385628492534,9.74283558211716e-05,-9.74283558211716e-05,1.9739894372220796e-05
0.0,-0.002651026482054286,0.00012947162150850604,-0.00012947162150850604,-1.2303371315113653e-05
0.0,-0.01687729010355421,0.00019549548243439735,-0.00019549548243439735,-7.832723224100495e-05
0.0,-0.003417447717741773,0.00013302857015095958,-0.00013302857015095958,-1.5860319957567196e-05
0.0,0.011174577597236057,6.530721508151062e-05,-6.530721508151062e-05,5.1861035111881776e-05
0.0,-0.01214413784439794,0.0001735289988366012,-0.0001735289988366012,-5.636074864320882e-05
0.0,-0.0002048682840329885,0.00011811904060842999,-0.00011811904060842999,-9.507904150375864e-07
0.0,0.016057604355527166,4.2645166340927356e-05,-4.2645166340927356e-05,7.452308385246504e-05
0.0,-0.0006184750715809706,0.000120038583064947,-0.000120038583064947,-2.870332871554603e-06
0.0,-0.014752948498371943,0.00018563644717178136,-0.00018563644717178136,-6.846819697838896e-05
0.0,-0.027740054250753654,0.000245909396333867,-0.000245909396333867,-0.00012874114614047457
0.0,0.005697936985382235,9.072421618021523e-05,-9.072421618021523e-05,2.6444034013177165e-05
0.0,-0.028146308431003852,0.0002477948154580328,-0.0002477948154580328,-0.00013062656526464044
0.0,0.0020980468517017847,0.00010743124845926047,-0.00010743124845926047,9.737001734131927e-06
0.0,0.02474690007293945,2.318284507854437e-06,-2.318284507854437e-06,0.00011484996568553796
0.0,-0.036284507106413955,0.0002855640647724145,-0.0002855640647724145,-0.00016839581457902213
0.0,0.005675242812353654,9.082953947266446e-05,-9.082953947266446e-05,2.633871072072793e-05
0.0,0.004837126381486367,9.471922436418146e-05,-9.471922436418146e-05,2.2449025829210937e-05
0.0,0.02986242108440229,-2.1422766326734802e-05,2.1422766326734802e-05,0.0001385910165201272
0.0,-0.035649708609806985,0.00028261797514754613,-0.00028261797514754613,-0.00016544972495415375
0.0,-0.0056742248424840325,0.00014350223653230887,-0.00014350223653230887,-2.633398633891646e-05
0.0,-0.03203710063235676,0.0002658519195598745,-0.0002658519195598745,-0.0001486836693664821
0.0,0.0024578974498534745,0.00010576118761415145,-0.00010576118761415145,1.1407062579240952e-05
0.0,-0.01646320750393837,0.0001935737317417172,-0.0001935737317417172,-7.640548154832481e-05
0.0,-0.0012959645058717717,0.00012318280064578643,-0.00012318280064578643,-6.014550452394043e-06
0.0,0.02386969542307149,6.389377195810755e-06,-6.389377195810755e-06,0.00011077887299758164
0.0,-0.003946400929555671,0.00013548343350948226,-0.00013548343350948226,-1.8315183316089877e-05
0.0,0.020169632234863677,2.3561311011661547e-05,-2.3561311011661547e-05,9.360693918173085e-05
0.0,-0.04039526078745259,0.0003046420065678496,-0.0003046420065678496,-0.0001874737563744572
0.0,-0.005833781800992588,0.00014424273781350305,-0.00014424273781350305,-2.7074487620110653e-05
0.0,0.00014614176965843662,0.00011649000858813983,-0.00011649000858813983,6.782416052525637e-07
0.0,0.018555039930923556,3.1054607956212165e-05,-3.1054607956212165e-05,8.611364223718023e-05
0.0,-0.008120797617175213,0.00015485674147604976,-0.00015485674147604976,-3.768849128265737e-05
0.0,0.009450764734207695,7.330740288618787e-05,-7.330740288618787e-05,4.386084730720454e-05
0.0,0.019883256167224195,2.489037774101402e-05,-2.489037774101402e-05,9.227787245237838e-05
0.0,0.02474226295510973,2.3398052972079924e-06,-2.3398052972079924e-06,0.0001148284448961844
0.0,-0.006274368617659065,0.00014628749415173135,-0.00014628749415173135,-2.9119243958338953e-05
0.0,-0.007482768681131846,0.0001518956594336533,-0.0001518956594336533,-3.47274092402609e-05
0.0,0.018431018038486124,3.163019156663253e-05,-3.163019156663253e-05,8.553805862675987e-05
0.0,-0.016347313992415624,0.00019303587181654141,-0.00019303587181654141,-7.586762162314902e-05
0.0,0.003137400778913113,0.00010260762358004256,-0.00010260762358004256,1.4560626613349835e-05
0.0,0.009523393173235029,7.297033546742034e-05,-7.297033546742034e-05,4.419791472597206e-05
0.0,-0.010793945785935621,0.000167262779183787,-0.000167262779183787,-5.009452899039459e-05
0.0,-0.02379869397635359,0.00022761760661737737,-0.00022761760661737737,-0.00011044935642398497
0.0,-0.029110303335524668,0.0002522687003235686,-0.0002522687003235686,-0.0001351004501301762
0.0,-0.038768430665237275,0.0002970919141052814,-0.0002970919141052814,-0.000179923663911889
0.0,-0.0037736797459957394,0.00013468183727130474,-0.00013468183727130474,-1.751358707791234e-05
0.0,0.014592504858983224,4.9444669567918155e-05,-4.9444669567918155e-05,6.772358062547424e-05
0.0,-0.03251195148816344,0.00026805569475330893,-0.00026805569475330893,-0.00015088744455991654
0.0,0.002200865698254617,0.00010695406784416871,-0.00010695406784416871,1.021418234922368e-05
0.0,0.024477242280086964,3.5697619924954883e-06,-3.5697619924954883e-06,0.00011359848820089691
0.0,-0.0013015723144006452,0.00012320882639508084,-0.00012320882639508084,-6.0405762016884554e-06
0.0,0.009532217409177868,7.292938233016883e-05,-7.292938233016883e-05,4.423886786322356e-05
0.0,0.03056329358583576,-2.467550434654004e-05,2.467550434654004e-05,0.00014184375453993244
0.0,-0.0029730715337762392,0.00013096622741997165,-0.00013096622741997165,-1.3797977226579246e-05
0.0,-0.020143036075892073,0.00021065175702859689,-0.00021065175702859689,-9.34835068352045e-05
0.0,-0.0007117454091590814,0.00012047144920328157,-0.00012047144920328157,-3.303199009889164e-06
0.0,-0.008759278267998716,0.00015781991991948416,-0.00015781991991948416,-4.065166972609177e-05
0.0,0.010553814029047315,6.818816882905775e-05,-6.818816882905775e-05,4.8980081364334644e-05
0.0,0.0015841285142366157,0.00010981633520746233,-0.00010981633520746233,7.351914985930073e-06
0.0,0.0035731642904301975,0.00010058525212352736,-0.00010058525212352736,1.6582998069865034e-05
0.0,0.014964587965241805,4.7717837849197334e-05,-4.7717837849197334e-05,6.945041234419506e-05
0.0,-0.000830271529819071,0.00012102152702517107,-0.00012102152702517107,-3.8532768317786684e-06
0.0,-0.011527461422777274,0.00017066701347061752,-0.00017066701347061752,-5.349876327722512e-05
0.0,-0.009243878717321574,0.00016006894281980235,-0.00016006894281980235,-4.290069262640996e-05
0.0,-0.0044569025122100925,0.0001378526631534968,-0.0001378526631534968,-2.0684412960104393e-05
0.0,-0.00299863390215227,0.00013108486196095152,-0.00013108486196095152,-1.3916611767559129e-05
0.0,0.01920124935943668,2.805556037968119e-05,-2.805556037968119e-05,8.911268981371121e-05
0.0,-0.008363571580831342,0.00015598345154127277,-0.00015598345154127277,-3.8815201347880365e-05
0.0,0.02762829164595959,-1.1054207493672193e-05,1.1054207493672193e-05,0.0001282224576870646
0.0,0.005895806193263242,8.980590836516053e-05,-8.980590836516053e-05,2.7362341828231875e-05
0.0,0.00986137270919718,7.140177787057962e-05,-7.140177787057962e-05,4.5766472322812774e-05
0.0,-0.00933246697634671,0.00016048007950678902,-0.00016048007950678902,-4.331182931339662e-05
0.0,0.0013151670479691902,0.00011106458105160843,-0.00011106458105160843,6.10366914178396e-06
0.0,-0.01154320266205866,0.00017074006830924323,-0.00017074006830924323,-5.357181811585082e-05
0.0,0.026156273782937722,-4.222596238999214e-06,4.222596238999214e-06,0.00012139084643239161
0.0,0.012133338697180918,6.0857620218932084e-05,-6.0857620218932084e-05,5.6310629974460315e-05
0.0,0.014207760082581844,5.123026389436503e-05,-5.123026389436503e-05,6.593798629902737e-05
0.0,-0.0028230841271976725,0.000130270138275552,-0.000130270138275552,-1.3101888082159587e-05
0.0,-0.006662395550704803,0.00014808832091443765,-0.00014808832091443765,-3.092007072104524e-05
0.0,0.015638477163140152,4.459032890761835e-05,-4.459032890761835e-05,7.257792128577405e-05
0.0,-0.0007773401640558397,0.00012077587340699352,-0.00012077587340699352,-3.6076232136011213e-06
0.0,-0.0016257460597355333,0.00012471331153940713,-0.00012471331153940713,-7.54506134601473e-06
0.0,-0.0012375507238541195,0.00012291170322184582,-0.00012291170322184582,-5.743453028453422e-06
0.0,-0.004248692893594086,0.00013688636565833715,-0.00013688636565833715,-1.971811546494475e-05
0.0,0.021290637641290244,1.835874292911702e-05,-1.835874292911702e-05,9.880950726427538e-05
0.0,-0.0007054739583503,0.00012044234350082735,-0.00012044234350082735,-3.2740933074349528e-06
0.0,0.017322368774566943,3.677541499029873e-05,-3.677541499029873e-05,8.039283520309367e-05
0.0,0.0039695418998517695,9.874567000591242e-05,-9.874567000591242e-05,1.842258018747997e-05
0.0,0.0018756797165810912,0.00010846325076108127,-0.00010846325076108127,8.70499943231112e-06
0.0,-0.007237794954094601,0.00015075874030191723,-0.00015075874030191723,-3.359049010852482e-05
0.0,0.002269561170191503,0.0001066352532624858,-0.0001066352532624858,1.0532996930906598e-05
0.0,-0.012900001139847905,0.00017703694824802317,-0.00017703694824802317,-5.9868698054630785e-05
0.0,-0.0214000649197158,0.00021648560769891797,-0.00021648560769891797,-9.931735750552557e-05
0.0,-0.0022378626777133093,0.00012755413492993633,-0.00012755413492993633,-1.038588473654393e-05
0.0,0.0029161604463010526,0.00010363439640952262,-0.00010363439640952262,1.3533853783869782e-05
0.0,0.014091605518061545,5.176933536230871e-05,-5.176933536230871e-05,6.539891483108369e-05
0.0,-0.03368805871951874,0.00027351398952015025,-0.00027351398952015025,-0.00015634573932675784
0.0,-0.006666355799502699,0.00014810670036548824,-0.00014810670036548824,-3.0938450172095836e-05
0.0,-0.011028155571448206,0.00016834974303582724,-0.00016834974303582724,-5.118149284243484e-05
0.0,-0.007817025105971265,0.0001534469381315843,-0.0001534469381315843,-3.627868793819189e-05
0.0,0.0029962320243361873,0.00010326278550219211,-0.00010326278550219211,1.3905464691200277e-05
0.0,-0.010736500458081055,0.00016699617634005927,-0.00016699617634005927,-4.982792614666687e-05
0.0,-0.004095056983834944,0.00013617334386926877,-0.00013617334386926877,-1.9005093675876364e-05
0.0,0.018341016392734,3.204788775871344e-05,-3.204788775871344e-05,8.512036243467896e-05
0.0,0.006610721877456038,8.648799615976958e-05,-8.648799615976958e-05,3.068025403362281e-05
0.0,0.015271449816332883,4.6293696927945176e-05,-4.6293696927945176e-05,7.087455326544722e-05
0.0,0.0105842727693497,6.804681030462669e-05,-6.804681030462669e-05,4.912143988876571e-05
0.0,-0.0432366134006168,0.00031782867839990107,-0.00031782867839990107,-0.00020066042820650866
0.0,0.0033870120853238816,0.00010144918151693555,-0.00010144918151693555,1.571906867645685e-05
0.0,-0.011317739184353415,0.0001696936959312295,-0.0001696936959312295,-5.2525445737837105e-05
0.0,-0.007182134089448455,0.00015050041912327282,-0.00015050041912327282,-3.333216892988041e-05
0.0,0.006857100716286535,8.53445559267738e-05,-8.53445559267738e-05,3.182369426661859e-05
0.0,-0.011272103097361819,0.00016948189958463421,-0.00016948189958463421,-5.231364939124182e-05
0.0,-0.017116493600784488,0.00019660562202229666,-0.00019660562202229666,-7.943737182890425e-05
0.0,-0.00842758097968943,0.00015628051813307764,-0.00015628051813307764,-3.9112267939685224e-05
0.0,-0.017232619015461026,0.00019714455820628372,-0.00019714455820628372,-7.997630801289131e-05
0.0,-0.010340526208282075,0.0001651584662079729,-0.0001651584662079729,-4.7990216014580504e-05
0.0,-0.0021203598092424114,0.0001270088060050181,-0.0001270088060050181,-9.8405558116257e-06
0.0,0.019672139926234733,2.587016482391467e-05,-2.587016482391467e-05,9.129808536947773e-05
0.0,-0.021126437880238824,0.00021521570900445765,-0.00021521570900445765,-9.804745881106525e-05
0.0,-0.015066695771983274,0.00018709254322833734,-0.00018709254322833734,-6.992429303494496e-05
0.0,0.025883894952576147,-2.958490462991287e-06,2.958490462991287e-06,0.00012012674065638369
0.0,0.030583700679551518,-2.477021334063984e-05,2.477021334063984e-05,0.00014193846353403224
0.0,-0.002017948757084831,0.00012653351795716359,-0.00012653351795716359,-9.365267763771194e-06
0.0,-0.010245080846639998,0.0001647155058178987,-0.0001647155058178987,-4.7547255624506314e-05
0.0,-0.028003617786773516,0.0002471325904704506,-0.0002471325904704506,-0.0001299643402770582
0.0,-0.00749246363390188,0.00015194065355371195,-0.00015194065355371195,-3.4772403360319556e-05
0.0,-0.006519175777754405,0.00014742364024896592,-0.00014742364024896592,-3.025539005557351e-05
0.0,-0.0032907731480149582,0.0001324406755078538,-0.0001324406755078538,-1.5272425314461424e-05
0.0,0.02596564246086497,-3.33787933570573e-06,3.33787933570573e-06,0.00012050612952909813
0.0,-0.02366266361565439,0.00022698629189866728,-0.00022698629189866728,-0.00010981804170527488
0.0,0.026480052302171098,-5.725247145337592e-06,5.725247145337592e-06,0.00012289349733873
0.0,0.011427569666488724,6.413308295236551e-05,-6.413308295236551e-05,5.30351672410269e-05
0.0,-0.0066720972934503076,0.00014813334654666338,-0.00014813334654666338,-3.0965096353270976e-05
0.0,-0.007950909706564868,0.00015406829441211542,-0.00015406829441211542,-3.6900044218723026e-05
0.0,0.02372481982226482,7.06174253176297e-06,-7.06174253176297e-06,0.00011010650766162943
0.0,0.011881976654619875,6.202418742038737e-05,-6.202418742038737e-05,5.514406277300503e-05
0.0,0.016266654579669915,4.1674967609022225e-05,-4.1674967609022225e-05,7.549328258437017e-05
0.0,-0.007387716072364547,0.00015145452180336148,-0.00015145452180336148,-3.428627160996908e-05
0.0,-0.006082610618211248,0.00014539754835684,-0.00014539754835684,-2.8229298163447593e-05
0.0,0.024626377895927698,2.8776259952063073e-06,-2.8776259952063073e-06,0.00011429062419818609
0.0,-0.00745440410765752,0.00015176401990382897,-0.00015176401990382897,-3.459576971043658e-05
0.0,-0.004101230608784645,0.00013620199556348253,-0.00013620199556348253,-1.9033745370090135e-05
0.0,-0.02500198485734284,0.00023320206026547103,-0.00023320206026547103,-0.00011603381007207864
0.0,-0.010585992315429671,0.00016629767046789115,-0.00016629767046789115,-4.912942027449876e-05
0.0,0.013618724670070526,5.39639677811184e-05,-5.39639677811184e-05,6.3204282412274e-05
0.0,0.009613981920559844,7.254991454637221e-05,-7.254991454637221e-05,4.461833564702018e-05
0.0,0.005597892802462701,9.118851962595915e-05,-9.118851962595915e-05,2.597973056743325e-05
0.0,-0.02077788695478977,0.00021359808975883503,-0.00021359808975883503,-9.642983956544265e-05
0.0,0.05543448436034493,-0.00014010230118136297,0.00014010230118136297,0.00025727055137475535
0.0,0.009240746788147902,7.428209279996376e-05,-7.428209279996376e-05,4.288615739342863e-05
0.0,-0.008935777048800997,0.00015863904792577725,-0.00015863904792577725,-4.1470797732384864e-05
0.0,0.008713116550319144,7.673081625747468e-05,-7.673081625747468e-05,4.043743393591773e-05
0.0,-0.008252046497990273,0.0001554658654234309,-0.0001554658654234309,-3.8297615230038494e-05
0.0,-0.0030893228355314273,0.00013150574784386837,-0.00013150574784386837,-1.4337497650475982e-05
0.0,0.00475858190881473,9.508374800005255e-05,-9.508374800005255e-05,2.208450219333985e-05
0.0,-0.003883688698329779,0.00013519238705181976,-0.00013519238705181976,-1.8024136858427364e-05
0.0,0.013579987927526016,5.414374438097105e-05,-5.414374438097105e-05,6.302450581242135e-05
0.0,0.0059146891478476515,8.971827287628439e-05,-8.971827287628439e-05,2.7449977317108014e-05
0.0,-0.0002830441976333642,0.00011848185376757215,-0.00011848185376757215,-1.313603574179755e-06
0.0,-0.015444192913123267,0.00018884450139596766,-0.00018884450139596766,-7.167625120257526e-05
0.0,-0.0015918653377758885,0.00012455607165307803,-0.00012455607165307803,-7.387821459685636e-06
0.0,0.030947872397389053,-2.6460328432793143e-05,2.6460328432793143e-05,0.00014362857862618554
0.0,-0.0008676332180498347,0.00012119492202004354,-0.00012119492202004354,-4.026671826651143e-06
0.0,-0.001194660488065602,0.0001227126503265726,-0.0001227126503265726,-5.544400133180194e-06
0.0,-0.017894212283564803,0.00020021500193521724,-0.00020021500193521724,-8.304675174182484e-05
0.0,-0.014399194981406072,0.0001839946827825076,-0.0001839946827825076,-6.682643258911519e-05
0.0,-0.0018623708845491027,0.00012581148355004623,-0.00012581148355004623,-8.643233356653833e-06
0.0,0.00752178195750397,8.225978096422733e-05,-8.225978096422733e-05,3.490846922916507e-05
0.0,-0.007349578247904498,0.00015127752477271731,-0.00015127752477271731,-3.410927457932493e-05
0.0,0.014279296218109305,5.0898265838592824e-05,-5.0898265838592824e-05,6.626998435479957e-05
0.0,0.0072896644387934195,8.333703463965111e-05,-8.333703463965111e-05,3.383121555374129e-05
0.0,-0.006052724634100337,0.00014525884798469236,-0.00014525884798469236,-2.8090597791299972e-05
0.0,-0.024921675023714007,0.00023282934361775772,-0.00023282934361775772,-0.0001156610934243653
0.0,-0.011137750774080746,0.0001688583726106244,-0.0001688583726106244,-5.169012241723199e-05
0.0,-0.009007516001852345,0.00015897198725441962,-0.00015897198725441962,-4.1803737061027215e-05
0.0,0.0010373383615349674,0.0001123539795220989,-0.0001123539795220989,4.8142706712934925e-06
0.0,0.014867993802734736,4.816612980563075e-05,-4.816612980563075e-05,6.900212038776165e-05
0.0,-0.01445169956861636,0.000184238355728277,-0.000184238355728277,-6.707010553488462e-05
0.0,0.005868102525282026,8.99344806432086e-05,-8.99344806432086e-05,2.7233769550183788e-05
0.0,-0.004049622110409712,0.00013596248135160254,-0.00013596248135160254,-1.8794231158210134e-05
0.0,-0.012020638322615351,0.00017295583953999823,-0.00017295583953999823,-5.5787589346605825e-05
0.0,0.01746133164481911,3.613049054186338e-05,-3.613049054186338e-05,8.103775965152902e-05
0.0,-0.0025407424823445934,0.0001289597952375392,-0.0001289597952375392,-1.1791545044146793e-05
0.0,-0.004000548879248611,0.00013573473327413348,-0.00013573473327413348,-1.8566483080741074e-05
0.0,0.007538970575044379,8.218000886635329e-05,-8.218000886635329e-05,3.498824132703911e-05
0.0,-0.011645528874622113,0.00017121496261790432,-0.00017121496261790432,-5.404671242451191e-05
0.0,0.02284078102943865,1.1164552367399477e-05,-1.1164552367399477e-05,0.00010600369782599292
0.0,-0.0007676325452631305,0.0001207308205041271,-0.0001207308205041271,-3.5625703107347097e-06
0.0,0.006978233159061986,8.478238220581638e-05,-8.478238220581638e-05,3.2385867987576016e-05
0.0,0.012849424614881588,5.7534276978630625e-05,-5.7534276978630625e-05,5.963397321476177e-05
0.0,0.0034159058663651987,0.00010131508594329441,-0.00010131508594329441,1.5853164250097985e-05
0.0,0.003996858363534361,9.861889473679392e-05,-9.861889473679392e-05,1.8549355456598483e-05
0.0,-0.0020304911890052235,0.000126591727182215,-0.000126591727182215,-9.423476988822595e-06
0.0,-0.015562598500411085,0.00018939401982441323,-0.00018939401982441323,-7.222576963102084e-05
0.0,-0.007638350296294338,0.00015261771121024135,-0.00015261771121024135,-3.544946101684895e-05
0.0,0.018918401045981525,2.9368254858536707e-05,-2.9368254858536707e-05,8.779999533485569e-05
0.0,0.01188134498366522,6.202711899514027e-05,-6.202711899514027e-05,5.5141131198252125e-05
0.0,-0.0007115031258156934,0.00012047032477017712,-0.00012047032477017712,-3.302074576784724e-06
0.0,-0.0001817250594663422,0.0001180116332750065,-0.0001180116332750065,-8.433830816140952e-07
0.0,0.011007853469181317,6.608097908142981e-05,-6.608097908142981e-05,5.1087271111962586e-05
0.0,0.002494840970949097,0.00010558973332623541,-0.00010558973332623541,1.1578516867156991e-05
0.0,-0.012968740984683369,0.00017735596876361558,-0.00017735596876361558,-6.0187718570223165e-05
0.0,0.014642470285510134,4.921278082608928e-05,-4.921278082608928e-05,6.795546936730312e-05
0.0,0.010452303944590291,6.86592755002878e-05,-6.86592755002878e-05,4.850897469310459e-05
0.0,0.014699373244309921,4.894869510843176e-05,-4.894869510843176e-05,6.821955508496064e-05
0.0,-0.010354610691310495,0.00016522383206744398,-0.00016522383206744398,-4.8055581874051586e-05
0.0,-0.006140463017754394,0.0001456660404137349,-0.0001456660404137349,-2.8497790220342505e-05
0.0,0.01287251059802652,5.742713530172574e-05,-5.742713530172574e-05,5.974111489166666e-05
0.0,-0.011080724476164705,0.00016859371447810976,-0.00016859371447810976,-5.142546428471736e-05
0.0,-0.00882979617773516,0.00015814719240571783,-0.00015814719240571783,-4.097894221232542e-05
0.0,0.0021952617756952897,0.00010698007555874089,-0.00010698007555874089,1.0188174634651505e-05
0.0,0.011448609342766147,6.403543815275929e-05,-6.403543815275929e-05,5.31328120406331e-05
0.0,-0.0002804145319874607,0.00011846964953155446,-0.00011846964953155446,-1.3013993381620606e-06
0.0,0.002773175690496066,0.00010429798636419798,-0.00010429798636419798,1.2870263829194415e-05
0.0,-0.013788741489130674,0.0001811615779316454,-0.0001811615779316454,-6.399332773825301e-05
0.0,-0.002767405825327751,0.00013001173617103215,-0.00013001173617103215,-1.2843485977639757e-05
0.0,-0.020041234255327334,0.0002101792964147776,-0.0002101792964147776,-9.301104622138521e-05
0.0,-0.0015735561458868341,0.00012447109898765368,-0.00012447109898765368,-7.302848794261281e-06
0.0,0.005329429416074394,9.24344538893878e-05,-9.24344538893878e-05,2.4733796304004593e-05
0.0,-0.010537551485558128,0.00016607285735464755,-0.00016607285735464755,-4.890460716125516e-05
0.0,0.0030730045671669703,0.00010290648536424682,-0.00010290648536424682,1.4261764829145578e-05
0.0,-0.0030360018281855305,0.00013125828590536517,-0.00013125828590536517,-1.4090035711972783e-05
0.0,-0.004725264845680033,0.0001390981284319547,-0.0001390981284319547,-2.1929878238562298e-05
0.0,0.0075821940867943916,8.197940924269676e-05,-8.197940924269676e-05,3.5188840950695645e-05
0.0,0.0161477371607488,4.222686143985551e-05,-4.222686143985551e-05,7.494138875353689e-05
0.0,0.0006871667698291617,0.00011397912025378348,-0.00011397912025378348,3.189129939608913e-06
0.0,-0.015326919115337678,0.00018830023558441997,-0.00018830023558441997,-7.113198539102757e-05
0.0,0.0014147940136839399,0.00011060221390420943,-0.00011060221390420943,6.566036289182966e-06
0.0,-0.01845935787384867,0.00020283783354079724,-0.00020283783354079724,-8.566958334740483e-05
0.0,-0.01447813845705137,0.00018436105818476952,-0.00018436105818476952,-6.719280799137714e-05
0.0,-0.001509761003189447,0.00012417502675524867,-0.00012417502675524867,-7.00677656185627e-06
0.0,0.016476655480623936,4.0700356801308375e-05,-4.0700356801308375e-05,7.646789339208402e-05
0.0,-0.00698088356543769,0.00014956641867437993,-0.00014956641867437993,-3.239816848098752e-05
0.0,0.017562006217166637,3.566326146891121e-05,-3.566326146891121e-05,8.150498872448119e-05
0.0,-0.011019457310067593,0.0001683093745444953,-0.0001683093745444953,-5.114112435110289e-05
0.0,0.008918403718310097,7.577808180871744e-05,-7.577808180871744e-05,4.139016838467496e-05
0.0,0.012982193897784988,5.6918096869582417e-05,-5.6918096869582417e-05,6.025015332380998e-05
0.0,-0.01646322377571363,0.00019357380725876477,-0.00019357380725876477,-7.640555706537238e-05
0.0,0.0029845287333754023,0.00010331710028753059,-0.00010331710028753059,1.3851149905861816e-05
0.0,0.005639807253104534,9.099399533387594e-05,-9.099399533387594e-05,2.617425485951647e-05
0.0,0.0016469543057482383,0.00010952476171833805,-0.00010952476171833805,7.643488475054343e-06
0.0,-0.0015738434957162095,0.0001244724325735956,-0.0001244724325735956,-7.304182380203207e-06
0.0,0.014237268879836451,5.10933140403581e-05,-5.10933140403581e-05,6.60749361530343e-05
0.0,0.005715269388667954,9.064377677500709e-05,-9.064377677500709e-05,2.6524473418385317e-05
0.0,0.014436542471763847,5.0168488501505196e-05,-5.0168488501505196e-05,6.69997616918872e-05
0.0,0.0036988464765423945,0.00010000196311683462,-0.00010000196311683462,1.716628707655777e-05
0.0,-0.005796972083329965,0.00014407190450517005,-0.00014407190450517005,-2.6903654311777648e-05
0.0,-0.002492370531228194,0.0001287353017894917,-0.0001287353017894917,-1.1567051596099298e-05
0.0,0.0035791630944272956,0.00010055741177054616,-0.00010055741177054616,1.661083842284623e-05
0.0,0.0009963029974375814,0.00011254442398765165,-0.00011254442398765165,4.623826205740739e-06
0.0,-4.1352477946232646e-05,0.00011736016637922329,-0.00011736016637922329,-1.919161858308929e-07
0.0,-0.004134884052006904,0.0001363581806528426,-0.0001363581806528426,-1.91899304594502e-05
0.0,0.01326268999363811,5.561631899483012e-05,-5.561631899483012e-05,6.155193119856228e-05
0.0,-0.0020693734728036706,0.0001267721792366891,-0.0001267721792366891,-9.603929043296688e-06
0.0,0.00330615690296554,0.00010182442911934163,-0.00010182442911934163,1.5343821074050766e-05
0.0,0.0008552202959737354,0.00011319918653868584,-0.00011319918653868584,3.969063654706561e-06
0.0,-8.42619976980652e-05,0.00011755930877106047,-0.00011755930877106047,-3.9105857766807435e-07
0.0,-0.00595254815297297,0.00014479393054509123,-0.00014479393054509123,-2.762568035169884e-05
0.0,0.0009031888869577287,0.00011297656507853295,-0.00011297656507853295,4.191685114859444e-06
0.0,0.0008515791660903549,0.00011321608496398074,-0.00011321608496398074,3.952165229411665e-06
0.0,-0.015810858882773227,0.00019054619227071285,-0.00019054619227071285,-7.337794207732045e-05
0.0,-0.003841187197329843,0.00013499513826845542,-0.00013499513826845542,-1.782688807506301e-05
0.0,0.01956614972249704,2.6362063656754282e-05,-2.6362063656754282e-05,9.080618653663812e-05
0.0,0.008253202753460531,7.88652688002914e-05,-7.88652688002914e-05,3.8302981393100995e-05
0.0,-0.0003861064902076494,0.00011896016421173857,-0.00011896016421173857,-1.7919140183461692e-06
0.0,-0.011586262936400304,0.00017093991035070988,-0.00017093991035070988,-5.377166015731748e-05
0.0,-0.006998305064656485,0.00014964727157238216,-0.00014964727157238216,-3.247902137898977e-05
0.0,-0.007218732334382416,0.00015067027099006935,-0.00015067027099006935,-3.3502020796676954e-05
0.0,0.018474751389515376,3.14272257870715e-05,-3.14272257870715e-05,8.57410244063209e-05
0.0,0.0004521286642489297,0.00011506992832595093,-0.00011506992832595093,2.0983218674414673e-06
0.0,-0.004579421277258522,0.0001384212707738522,-0.0001384212707738522,-2.1253020580459776e-05
0.0,0.004483965263404999,9.635823943974901e-05,-9.635823943974901e-05,2.0810010753643387e-05
0.0,-0.0016966239932159066,0.00012504225489005265,-0.00012504225489005265,-7.874004696660256e-06
0.0,-0.0015833068345566526,0.00012451635177712785,-0.00012451635177712785,-7.348101583735449e-06
0.0,0.0029581644391338813,0.00010343945655356946,-0.00010343945655356946,1.3728793639822937e-05
0.0,-0.006377683373153031,0.00014676697627225225,-0.00014676697627225225,-2.959872607885985e-05
0.0,0.011890829058788244,6.19831035548537e-05,-6.19831035548537e-05,5.5185146638538695e-05
0.0,0.009445048649426635,7.333393114382923e-05,-7.333393114382923e-05,4.3834319049563164e-05
0.0,-0.0014458676054706077,0.00012387849852286755,-0.00012387849852286755,-6.710248329475143e-06
0.0,0.0001550346964389604,0.00011644873665781414,-0.00011644873665781414,7.195135355782532e-07
0.0,-0.011222026747550129,0.00016924949604962263,-0.00016924949604962263,-5.2081245856230236e-05
0.0,-0.007318600335353365,0.00015113375677822019,-0.00015113375677822019,-3.39655065848278e-05
0.0,0.008757581265902425,7.652445622676759e-05,-7.652445622676759e-05,4.064379396662482e-05
0.0,0.01304908677799732,5.660764808713495e-05,-5.660764808713495e-05,6.056060210625745e-05
0.0,1.660326849850513e-05,0.00011709119469101833,-0.00011709119469101833,7.705550237406308e-08
0.0,-0.006108624209833935,0.0001455182770176588,-0.0001455182770176588,-2.8350026824266415e-05
0.0,0.009854453563032717,7.143388951677448e-05,-7.143388951677448e-05,4.573436067661791e-05
0.0,0.014534424705965554,4.971421862502953e-05,-4.971421862502953e-05,6.745403156836287e-05
0.0,-0.0020035816359177394,0.00012646684037863145,-0.00012646684037863145,-9.298590185239054e-06
0.0,0.0023538963079141606,0.00010624385524313858,-0.00010624385524313858,1.092439495025383e-05
0.0,-0.0038120096998572883,0.00013485972597141474,-0.00013485972597141474,-1.7691475778022334e-05
0.0,0.0061886426142414575,8.844685923974702e-05,-8.844685923974702e-05,2.872139095364538e-05
0.0,0.001148059539441082,0.00011184012431414562,-0.00011184012431414562,5.328125879246783e-06
0.0,0.009321148810237156,7.390894830708661e-05,-7.390894830708661e-05,4.325930188630579e-05
0.0,0.006932489951473775,8.499467569737969e-05,-8.499467569737969e-05,3.217357449601271e-05
0.0,0.0008194255259321714,0.0001133653094914144,-0.0001133653094914144,3.802940701978001e-06
0.0,0.01217813742034668,6.0649710064400454e-05,-6.0649710064400454e-05,5.6518540128991944e-05
0.0,-0.0036716195284263176,0.0001342081774411378,-0.0001342081774411378,-1.7039927247745404e-05
0.0,-0.0047351076976228645,0.00013914380894969834,-0.00013914380894969834,-2.1975558756305942e-05
0.0,-0.005245281583003636,0.00014151151775593023,-0.00014151151775593023,-2.4343267562537824e-05
0.0,0.003710798414438443,9.994649436506406e-05,-9.994649436506406e-05,1.7221755828328334e-05
0.0,-0.007658808766684566,0.000152712658642662,-0.000152712658642662,-3.554440844926961e-05
0.0,-0.004486838293256468,0.00013799159463242193,-0.00013799159463242193,-2.0823344439029524e-05
0.0,0.011455854954693034,6.400181138420562e-05,-6.400181138420562e-05,5.316643880918678e-05
0.0,-0.00035407668843834283,0.00011881151441627825,-0.00011881151441627825,-1.6432642228858485e-06
0.0,0.004473544672805918,9.640660123331507e-05,-9.640660123331507e-05,2.0761648960077327e-05
0.0,0.012269004495714109,6.022799742737784e-05,-6.022799742737784e-05,5.694025276601456e-05
0.0,0.0011706778016009611,0.00011173515332281854,-0.00011173515332281854,5.433096870573862e-06
0.0,-0.0019683184132291975,0.00012630318432862907,-0.00012630318432862907,-9.134934135236688e-06
0.0,-0.007922511336500904,0.00015393649803286153,-0.00015393649803286153,-3.6768247839469126e-05
0.0,-0.0028651005386203243,0.000130465135765981,-0.000130465135765981,-1.329688557258861e-05
0.0,0.002405026057131332,0.00010600656289840875,-0.00010600656289840875,1.1161687294983647e-05
0.0,0.0067422110558885695,8.587775699500611e-05,-8.587775699500611e-05,3.1290493198386286e-05
0.0,0.007411233485312474,8.277283464773355e-05,-8.277283464773355e-05,3.439541554565885e-05
0.0,0.008470153458069118,7.785840406546364e-05,-7.785840406546364e-05,3.930984612792877e-05
0.0,-0.0010244071333035398,0.0001219225072422009,-0.0001219225072422009,-4.754257048808496e-06
0.0,0.0038553825145495324,9.927548187915716e-05,-9.927548187915716e-05,1.7892768314235246e-05
0.0,0.007117275205842377,8.41370903003855e-05,-8.41370903003855e-05,3.3031159893006905e-05
0.0,0.002357910335732072,0.00010622522620452003,-0.00010622522620452003,1.0943023988872368e-05
0.0,-0.006756896218903741,0.0001485268969974185,-0.0001485268969974185,-3.13586468040261e-05
0.0,0.0003240945218980773,0.00011566413272376366,-0.00011566413272376366,1.5041174696287418e-06
0.0,0.004034153877153557,9.844580685723064e-05,-9.844580685723064e-05,1.872244333616175e-05
0.0,0.002814673351556163,0.00010410539638586798,-0.00010410539638586798,1.306285380752442e-05
0.0,-0.00015543889679858758,0.0001178896396163463,-0.0001178896396163463,-7.213894229539018e-07
0.0,-0.006424666064487883,0.0001469850221879717,-0.0001469850221879717,-2.9816771994579307e-05
0.0,0.009877842794752345,7.132534046810606e-05,-7.132534046810606e-05,4.5842909725286346e-05
0.0,0.0014687129405193122,0.000110351977030961,-0.000110351977030961,6.81627316243139e-06
0.0,-0.002665087639215691,0.00012953687911300304,-0.00012953687911300304,-1.2368628919610637e-05
0.0,-0.013839541336347905,0.0001813973392064933,-0.0001813973392064933,-6.42290890131009e-05
0.0,-0.0025479738404268204,0.00012899335585422878,-0.00012899335585422878,-1.1825105660836388e-05
0.0,-0.005300074155050516,0.00014176580920257034,-0.00014176580920257034,-2.4597559009177955e-05
0.0,0.00902409277936278,7.528758057424119e-05,-7.528758057424119e-05,4.188066961915122e-05
0.0,-0.004218283044793103,0.00013674523403857866,-0.00013674523403857866,-1.957698384518627e-05
0.0,-0.007038730380597102,0.00014983488481423962,-0.00014983488481423962,-3.2666634620847235e-05
0.0,0.00025071394456976925,0.00011600469080430308,-0.00011600469080430308,1.1635593890893195e-06
0.0,-0.0010696923700230787,0.00012213267529831987,-0.00012213267529831987,-4.964425104927483e-06
0.0,0.005750475751703066,9.048038460974285e-05,-9.048038460974285e-05,2.668786558364955e-05
0.0,-0.011550909428841738,0.00017077583529007614,-0.00017077583529007614,-5.360758509668374e-05
0.0,-0.007555395210577687,0.00015223271799008378,-0.00015223271799008378,-3.506446779669139e-05
0.0,-0.007712913029036983,0.00015296375565506767,-0.00015296375565506767,-3.579550546167527e-05
0.0,-0.00014870682600087726,0.00011785839618392322,-0.00011785839618392322,-6.9014599053082e-07
0.0,0.006879188518795987,8.524204679016265e-05,-8.524204679016265e-05,3.1926203403229744e-05
0.0,-0.002777466728829614,0.0001300584286625583,-0.0001300584286625583,-1.2890178469165917e-05
0.0,0.011044879965972587,6.590913970464326e-05,-6.590913970464326e-05,5.1259110488749136e-05
0.0,-0.013457974663146133,0.00017962649440594035,-0.00017962649440594035,-6.245824421254795e-05
0.0,0.006717966037625089,8.599027773527657e-05,-8.599027773527657e-05,3.1177972458115834e-05
0.0,0.006264619755036449,8.809425054987188e-05,-8.809425054987188e-05,2.9073999643520516e-05
0.0,0.01450830719454621,4.9835429575955184e-05,-4.9835429575955184e-05,6.733282061743721e-05
0.0,0.003833182103508026,9.937851363015654e-05,-9.937851363015654e-05,1.7789736563235858e-05
0.0,-0.0015969365120942491,0.00012457960689162237,-0.00012457960689162237,-7.411356698229957e-06
0.0,0.0017991292600010311,0.00010881852020030473,-0.00010881852020030473,8.34972999308766e-06
0.0,-0.004194177587506065,0.00013663336099855786,-0.00013663336099855786,-1.9465110805165476e-05
0.0,-0.006971599351452862,0.00014952333078642498,-0.00014952333078642498,-3.2355080593032584e-05
0.0,-0.0032112659361860363,0.00013207168381501995,-0.00013207168381501995,-1.4903433621627557e-05
0.0,0.0014266227216406246,0.0001105473170606078,-0.0001105473170606078,6.620933132784603e-06
0.0,0.006723453106275201,8.596481233781982e-05,-8.596481233781982e-05,3.120343785557257e-05
0.0,-0.005695885604828921,0.00014360276378237656,-0.00014360276378237656,-2.6434513588984168e-05
0.0,0.0012416323054647016,0.00011140585461025388,-0.00011140585461025388,5.762395583138511e-06
0.0,0.00842991886716793,7.804513215547706e-05,-7.804513215547706e-05,3.912311803791534e-05
0.0,-0.012159612938677844,0.00017360081850055059,-0.00017360081850055059,-5.64325683071582e-05
0.0,0.0007212876971294246,0.00011382076557832742,-0.00011382076557832742,3.3474846150649754e-06
0.0,-0.002151010615372817,0.0001271510559038715,-0.0001271510559038715,-9.982805710479114e-06
0.0,-0.0093947947580596,0.00016076934174043777,-0.00016076934174043777,-4.360109154704538e-05
0.0,-0.01640093410321941,0.00019328472188938768,-0.00019328472188938768,-7.611647169599527e-05
0.0,-0.002295598477193961,0.00012782208584781435,-0.00012782208584781435,-1.0653835654421955e-05
0.0,0.0040230650909416354,9.84972697359015e-05,-9.84972697359015e-05,1.8670980457490897e-05
0.0,-0.014734533990868215,0.00018555098573828119,-0.00018555098573828119,-6.838273554488877e-05
0.0,0.00022931406074522265,0.00011610400732134883,-0.00011610400732134883,1.064242872043565e-06
0.0,0.005893173970516585,8.981812446864173e-05,-8.981812446864173e-05,2.7350125724750666e-05
0.0,-0.002709582086142026,0.0001297433771263956,-0.0001297433771263956,-1.2575126933003214e-05
0.0,7.936755559079245e-05,0.00011679990664291614,-0.00011679990664291614,3.683435504762521e-07
0.0,-0.013744071674259506,0.00018095426603843812,-0.00018095426603843812,-6.378601584504571e-05
0.0,0.008109754957160709,7.953100771846467e-05,-7.953100771846467e-05,3.763724247492773e-05
0.0,-0.001304030159777203,0.00012322023321598876,-0.00012322023321598876,-6.051983022596367e-06
0.0,0.011814893014644445,6.233552151583085e-05,-6.233552151583085e-05,5.483272867756154e-05
0.0,0.00630385429964031,8.791216365865884e-05,-8.791216365865884e-05,2.925608653473355e-05
0.0,0.005207990781392224,9.299804864206541e-05,-9.299804864206541e-05,2.4170201551326987e-05
0.0,0.00429300817103373,9.724446823776449e-05,-9.724446823776449e-05,1.992378195562791e-05
0.0,-0.00624643434611849,0.00014615785164626886,-0.00014615785164626886,-2.8989601452876472e-05
0.0,-0.005018858888767519,0.0001404606936694063,-0.0001404606936694063,-2.3292443476013914e-05
0.0,0.01059436938392988,6.799995207855975e-05,-6.799995207855975e-05,4.916829811483265e-05
0.0,-9.824505308242415e-05,0.00011762420390646487,-0.00011762420390646487,-4.5595371307247603e-07
0.0,-0.013399820506516447,0.00017935660189925446,-0.00017935660189925446,-6.218835170586206e-05
0.0,-0.008482848196321058,0.00015653701239761052,-0.00015653701239761052,-3.9368762204218117e-05
0.0,-0.012585283719027562,0.00017557634975385534,-0.00017557634975385534,-5.840809956046295e-05
0.0,-0.0016855698941634634,0.0001249909529939317,-0.0001249909529939317,-7.8227028005393e-06
0.0,0.007265792222727274,8.344782521091271e-05,-8.344782521091271e-05,3.37204249824797e-05
0.0,-0.014339628627712542,0.000183718236291935,-0.000183718236291935,-6.65499860985426e-05
0.0,-0.011832519778109618,0.00017208278439702612,-0.00017208278439702612,-5.491453420363371e-05
0.0,-0.004800280229768528,0.00013944627362440538,-0.00013944627362440538,-2.227802343101297e-05
0.0,0.012010022325859904,6.142992951718518e-05,-6.142992951718518e-05,5.5738320676207214e-05
0.0,0.006474957307233353,8.711807734914803e-05,-8.711807734914803e-05,3.0050172844244365e-05
0.0,0.010505999486313922,6.841007535375435e-05,-6.841007535375435e-05,4.875817483963805e-05
0.0,0.01885855702012762,2.964599002114485e-05,-2.964599002114485e-05,8.752226017224755e-05
0.0,0.009393730253031363,7.357209899708205e-05,-7.357209899708205e-05,4.359615119631035e-05
0.0,0.0017529924220356374,0.00010903264052412497,-0.00010903264052412497,8.13560966926743e-06
0.0,0.0028401189192852616,0.00010398730391481414,-0.00010398730391481414,1.3180946278578266e-05
0.0,0.0010049156221052513,0.00011250445293492875,-0.00011250445293492875,4.66379725846366e-06
0.0,-0.008083839306732843,0.00015468521855101306,-0.00015468521855101306,-3.751696835762067e-05
0.0,0.015616441094852496,4.469259794653724e-05,-4.469259794653724e-05,7.247565224685516e-05
0.0,-0.0008358389332403515,0.00012104736525501023,-0.00012104736525501023,-3.8791150616178395e-06
0.0,0.019075017703661823,2.8641399466251228e-05,-2.8641399466251228e-05,8.852685072714117e-05
0.0,0.0015970120755575135,0.00010975654280634334,-0.00010975654280634334,7.411707387049058e-06
0.0,0.0011904273935798848,0.00011164349578371678,-0.00011164349578371678,5.524754409675621e-06
0.0,0.0012820490603360213,0.0001112182811001815,-0.0001112182811001815,5.949969093210898e-06
0.0,0.007390278097329839,8.287008826671772e-05,-8.287008826671772e-05,3.429816192667468e-05
0.0,-0.0020209310950652926,0.00012654735893982038,-0.00012654735893982038,-9.379108746427976e-06
0.0,0.00406112922094648,9.832061472004008e-05,-9.832061472004008e-05,1.8847635473352323e-05
0.0,0.0005968736678840791,0.00011439816908937374,-0.00011439816908937374,2.7700811040186644e-06
0.0,-0.001954157460090089,0.00012623746357260277,-0.00012623746357260277,-9.069213379210379e-06
0.0,0.0009801185306033133,0.00011261953583822995,-0.00011261953583822995,4.548714355162453e-06
0.0,-0.0009462486392383118,0.0001215597749268415,-0.0001215597749268415,-4.391524733449107e-06
0.0,0.0037840728581564065,9.960642884890525e-05,-9.960642884890525e-05,1.7561821344487157e-05
0.0,0.005873742123607695,8.990830735797797e-05,-8.990830735797797e-05,2.725994283541443e-05
0.0,-0.005408509126972105,0.0001422690541652768,-0.0001422690541652768,-2.510080397188441e-05
0.0,-0.0005688697261614362,0.00011980836545375283,-0.00011980836545375283,-2.64011526036044e-06
0.0,-0.003906202808869552,0.0001352968746771511,-0.0001352968746771511,-1.81286244837587e-05
0.0,0.007968189065892917,8.018801274561663e-05,-8.018801274561663e-05,3.6980237447775765e-05
0.0,0.00409549786994079,9.816111037218154e-05,-9.816111037218154e-05,1.9007139821210866e-05
0.0,0.003924494286698943,9.895473525487568e-05,-9.895473525487568e-05,1.821351493851673e-05
0.0,0.00459935752021523,9.582270582964147e-05,-9.582270582964147e-05,2.134554436375093e-05
0.0,0.013650676351045998,5.381568054300727e-05,-5.381568054300727e-05,6.335256965038513e-05
0.0,0.0026470624846992585,0.00010488327572632277,-0.00010488327572632277,1.228497446706963e-05
0.0,-7.62494933082003e-05,0.00011752212286690605,-0.00011752212286690605,-3.538726735136596e-07
0.0,0.004528344366900416,9.615227673336636e-05,-9.615227673336636e-05,2.101597346002604e-05
0.0,0.005866407818910568,8.99423457482535e-05,-8.99423457482535e-05,2.72259044451389e-05
0.0,-0.014684266911006771,0.0001853176970281727,-0.0001853176970281727,-6.814944683478032e-05
0.0,0.010301467821202559,6.935930352578437e-05,-6.935930352578437e-05,4.780894666760803e-05
0.0,0.0016600585268868873,0.00010946394523854974,-0.00010946394523854974,7.704304954842665e-06
0.0,0.0042316894655107795,9.752904736502631e-05,-9.752904736502631e-05,1.963920282836609e-05
0.0,0.0014304577464787638,0.00011052951877194273,-0.00011052951877194273,6.638731421449659e-06
0.0,0.0003701746080437829,0.00011545027578422689,-0.00011545027578422689,1.7179744091655044e-06
0.0,-0.0028264750133749628,0.00013028587532382702,-0.00013028587532382702,-1.3117625130434623e-05
0.0,-0.005660579005492328,0.00014343890642204744,-0.00014343890642204744,-2.6270656228655035e-05
0.0,-0.008016314922730805,0.00015437183896962255,-0.00015437183896962255,-3.720358877623014e-05
0.0,-0.0034283812973570083,0.00013307931271830858,-0.00013307931271830858,-1.5911062524916187e-05
0.0,0.0018256861788026324,0.00010869526996677699,-0.00010869526996677699,8.472980226615403e-06
0.0,0.014114629309846638,5.166248231450575e-05,-5.166248231450575e-05,6.550576787888665e-05
0.0,-0.0014779006799081618,0.00012402716350672863,-0.00012402716350672863,-6.8589133133362255e-06
0.0,0.00566597189372442,9.087256565708768e-05,-9.087256565708768e-05,2.6295684536304724e-05
0.0,-0.0006710555783868699,0.00012028260835234003,-0.00012028260835234003,-3.1143581589476366e-06
0.0,0.0007509755941104146,0.00011368298452536755,-0.00011368298452536755,3.485265668024853e-06
0.0,-0.0037313402367431525,0.00013448534028903748,-0.00013448534028903748,-1.7317090095645077e-05
0.0,-0.005616897183990499,0.00014323617979019535,-0.00014323617979019535,-2.6067929596802963e-05
0.0,0.008805260963896,7.630317551434224e-05,-7.630317551434224e-05,4.0865074679050164e-05
0.0,0.012313502764936146,6.0021481674772313e-05,-6.0021481674772313e-05,5.7146768518620085e-05
0.0,0.0021943252026270788,0.00010698442217930464,-0.00010698442217930464,1.0183828014087758e-05
0.0,0.002921374261968035,0.00010361019917477084,-0.00010361019917477084,1.3558051018621558e-05
0.0,0.0008119284117831249,0.0001134001034777408,-0.0001134001034777408,3.7681467156516044e-06
0.0,0.005260365527706368,9.275497828580912e-05,-9.275497828580912e-05,2.4413271907583273e-05
0.0,-0.0006517852510764532,0.00012019317507286554,-0.00012019317507286554,-3.024924879473148e-06
0.0,0.007556774896180896,8.209737929798082e-05,-8.209737929798082e-05,3.507087089541157e-05
0.0,-0.0006006499345398986,0.00011995585689029591,-0.00011995585689029591,-2.78760669690351e-06
0.0,-0.016105744611597972,0.00019191475220092048,-0.00019191475220092048,-7.474650200752807e-05
0.0,0.012493688211609788,5.9185243911395635e-05,-5.9185243911395635e-05,5.7983006281996764e-05
0.0,0.01068444607751462,6.75819075906933e-05,-6.75819075906933e-05,4.9586342602699095e-05
0.0,-0.0031863375266721894,0.00013195599146693506,-0.00013195599146693506,-1.4787741273542671e-05
0.0,0.0023104108269635937,0.0001064456706616464,-0.0001064456706616464,1.0722579531745999e-05
0.0,0.008241457963390042,7.891977618233132e-05,-7.891977618233132e-05,3.824847401106107e-05
0.0,0.0005705832608251526,0.00011452018244618518,-0.00011452018244618518,2.6480677472072276e-06
0.0,0.0057423415255595245,9.051813542260064e-05,-9.051813542260064e-05,2.665011477079175e-05
0.0,-0.0009489536011326738,0.00012157232861153868,-0.00012157232861153868,-4.404078418146281e-06
0.0,-0.013674255653625456,0.000180630251008253,-0.000180630251008253,-6.34620008148606e-05
0.0,0.009579763275017639,7.270872273061932e-05,-7.270872273061932e-05,4.445952746277308e-05
0.0,0.005821250684729495,9.01519192825494e-05,-9.01519192825494e-05,2.7016330910842998e-05
0.0,-0.0048034698371121065,0.00013946107654084664,-0.00013946107654084664,-2.229282634745425e-05
0.0,-0.006005322001165325,0.00014503885312675284,-0.00014503885312675284,-2.7870602933360434e-05
0.0,0.001264199922982101,0.00011130111865989896,-0.00011130111865989896,5.867131533493436e-06
0.0,0.02112288421741404,1.9137283874408236e-05,-1.9137283874408236e-05,9.803096631898416e-05
0.0,0.0003479475462115911,0.00011555343122111772,-0.00011555343122111772,1.6148189722746834e-06
0.0,-0.003786751350190576,0.00013474250237638082,-0.00013474250237638082,-1.757425218298841e-05
0.0,0.0017063496993998672,0.00010924910865057351,-0.00010924910865057351,7.919141542818896e-06
0.0,-0.001658155060430544,0.00012486372119098992,-0.00012486372119098992,-7.695470997597505e-06
0.0,0.005229094697149161,9.290010570806678e-05,-9.290010570806678e-05,2.4268144485325622e-05
0.0,0.00800782894888763,8.000404468544331e-05,-8.000404468544331e-05,3.716420550794908e-05
0.0,-0.0011932620709189656,0.00012270616029506028,-0.00012270616029506028,-5.537910101667888e-06
0.0,-0.010193100883444606,0.00016447426764375445,-0.00016447426764375445,-4.7306017450362055e-05
0.0,0.005141103203274655,9.330847281757625e-05,-9.330847281757625e-05,2.385977737581614e-05
0.0,0.010304127925951478,6.934695802237857e-05,-6.934695802237857e-05,4.7821292171013825e-05
0.0,-0.0065285190034379825,0.00014746700200926672,-0.00014746700200926672,-3.0298751815874333e-05
0.0,-0.001122238087346461,0.00012237653912828343,-0.00012237653912828343,-5.20828893489104e-06
0.0,0.011201787981366396,6.518093212588998e-05,-6.518093212588998e-05,5.1987318067502426e-05
0.0,-0.0019245297153407392,0.00012609996168518362,-0.00012609996168518362,-8.931711491791212e-06
0.0,-0.0028710915621273925,0.00013049294000983298,-0.00013049294000983298,-1.3324689816440566e-05
0.0,-0.006482917484461503,0.00014725536609227428,-0.00014725536609227428,-3.0087115898881883e-05
0.0,0.006318059504952345,8.784623752900888e-05,-8.784623752900888e-05,2.932201266438351e-05
0.0,0.0056491496501236416,9.09506374193936e-05,-9.09506374193936e-05,2.6217612773998796e-05
0.0,0.008904173912846591,7.584412210727518e-05,-7.584412210727518e-05,4.132412808611722e-05
0.0,0.0032365354015160275,0.0001021475413891162,-0.0001021475413891162,1.5020708804276186e-05
0.0,-0.0014021878490156903,0.000123675781474865,-0.000123675781474865,-6.507531281472612e-06
0.0,-0.0030549644525015296,0.00013134629114018576,-0.00013134629114018576,-1.4178040946793354e-05
0.0,-0.002799795225030266,0.00013016205485472365,-0.00013016205485472365,-1.2993804661331243e-05
0.0,0.008630626525532925,7.711365113732518e-05,-7.711365113732518e-05,4.0054599056067216e-05
0.0,0.0011164855071790214,0.00011198665889064464,-0.00011198665889064464,5.181591302747764e-06
0.0,-0.0020135845401164643,0.00012651326369632348,-0.00012651326369632348,-9.345013502931095e-06
0.0,-0.0072390590731691296,0.00015076460705823434,-0.00015076460705823434,-3.359635686484194e-05
0.0,0.001091122364688113,0.00011210436882749218,-0.00011210436882749218,5.063881365900217e-06
0.0,-0.012334336350379616,0.0001744117070473691,-0.0001744117070473691,-5.724345685397671e-05
0.0,0.011099194174331695,6.565706833619328e-05,-6.565706833619328e-05,5.1511181857199115e-05
0.0,-0.00037463099831791524,0.00011890690663822931,-0.00011890690663822931,-1.7386564448369191e-06
0.0,0.0014454931932483817,0.00011045973950502576,-0.00011045973950502576,6.708510688366634e-06
0.0,-0.009456980649108493,0.00016105794546179437,-0.00016105794546179437,-4.388969526840197e-05
0.0,0.007444797710585593,8.261706361744218e-05,-8.261706361744218e-05,3.455118657595022e-05
0.0,-0.01455068829580164,0.00018469776082091392,-0.00018469776082091392,-6.75295106275215e-05
0.0,-0.01202135494776202,0.0001729591653857915,-0.0001729591653857915,-5.5790915192399105e-05
0.0,-0.0020565070133361507,0.00012671246620499688,-0.00012671246620499688,-9.544216011604492e-06
0.0,-0.005780602724641426,0.00014399593457446632,-0.00014399593457446632,-2.6827684381073933e-05
0.0,-0.002208160119998248,0.00012741628583674516,-0.00012741628583674516,-1.0248035643352748e-05
0.0,-0.00875854812743615,0.00015781653134886283,-0.00015781653134886283,-4.0648281155470434e-05
0.0,0.008731248071466746,7.664666815910716e-05,-7.664666815910716e-05,4.052158203428524e-05
0.0,0.011964576270872662,6.164084392830106e-05,-6.164084392830106e-05,5.552740626509133e-05
0.0,0.0002130100613548791,0.00011617967392059961,-0.00011617967392059961,9.885762727927939e-07
0.0,-0.004576430353515626,0.00013840738994480987,-0.00013840738994480987,-2.1239139751417464e-05
0.0,0.01020914263474304,6.978778323296117e-05,-6.978778323296117e-05,4.738046696043123e-05
0.0,0.0031784486665891176,0.00010241712099276264,-0.00010241712099276264,1.4751129200629768e-05
0.0,-0.01573051358686217,0.00019017331104311742,-0.00019017331104311742,-7.300506084972502e-05
0.0,-0.0034354388154940185,0.00013311206654660512,-0.00013311206654660512,-1.5943816353212727e-05
0.0,0.009128437077573048,7.480332036251329e-05,-7.480332036251329e-05,4.236492983087912e-05
0.0,0.012556739721478527,5.8892622867002094e-05,-5.8892622867002094e-05,5.8275627326390304e-05
0.0,0.01032612390701182,6.924487502763766e-05,-6.924487502763766e-05,4.792337516575474e-05
0.0,0.0013434298232750663,0.00011093341396544853,-0.00011093341396544853,6.234836227943871e-06
0.0,-5.835618166138978e-06,0.00011719533320355365,-0.00011719533320355365,-2.708301016125429e-08
0.0,0.005090947698625836,9.354124370891536e-05,-9.354124370891536e-05,2.362700648447704e-05
0.0,0.001649398844549843,0.00010951341665303073,-0.00010951341665303073,7.654833540361665e-06
0.0,-0.00024130405535727206,0.00011828813843781411,-0.00011828813843781411,-1.1198882444217182e-06
0.0,0.004837813139759728,9.47160371300674e-05,-9.47160371300674e-05,2.2452213063324997e-05
0.0,0.011715927882596233,6.279481710381566e-05,-6.279481710381566e-05,5.4373433089576737e-05
0.0,-0.0020816677921287052,0.0001268292369751713,-0.0001268292369751713,-9.660986781778902e-06
0.0,0.0011647735102702228,0.00011176255504403347,-0.00011176255504403347,5.40569514935892e-06
0.0,0.0009163899374069473,0.00011291529921546982,-0.00011291529921546982,4.252950977922579e-06
0.0,0.002501874243978186,0.00010555709201909524,-0.00010555709201909524,1.1611158174297161e-05
0.0,-0.002706123039226127,0.00012972732374522767,-0.00012972732374522767,-1.255907355183528e-05
0.0,-0.0073807894850155265,0.00015142237562274863,-0.00015142237562274863,-3.425412542935623e-05
0.0,0.0070010425881694704,8.467652401175651e-05,-8.467652401175651e-05,3.249172618163588e-05
0.0,0.0002488018529340774,0.00011601356479086703,-0.00011601356479086703,1.1546854025253643e-06
0.0,-0.007367046509680453,0.00015135859469499614,-0.00015135859469499614,-3.419034450160373e-05
0.0,-0.005975035585443322,0.00014489829435793098,-0.00014489829435793098,-2.7730044164538573e-05
0.0,0.00802787620486467,7.99110056925082e-05,-7.99110056925082e-05,3.72572445008842e-05
0.0,0.0011160825806737495,0.00011198852886608268,-0.00011198852886608268,5.179721327309714e-06
0.0,0.0015028090913065117,0.00011019373734290404,-0.00011019373734290404,6.974512850488353e-06
0.0,0.011847649793331305,6.218349783217488e-05,-6.218349783217488e-05,5.498475236121752e-05
0.0,-0.00019981663563317653,0.00011809559598935997,-0.00011809559598935997,-9.273457959675707e-07
0.0,-0.0011152197300303701,0.00012234396704472768,-0.00012234396704472768,-5.175716851335277e-06
0.0,0.0025808546645145203,0.0001051905451561875,-0.0001051905451561875,1.1977705037204903e-05
0.0,0.0027103813151374556,0.00010458941405146081,-0.00010458941405146081,1.257883614193158e-05
0.0,0.008503672791998707,7.770284137517642e-05,-7.770284137517642e-05,3.9465408818215984e-05
0.0,0.0023446558536817097,0.00010628674004278571,-0.00010628674004278571,1.0881510150606691e-05
0.0,-0.000393860697500914,0.00011899615136321714,-0.00011899615136321714,-1.8279011698247424e-06
0.0,0.007664386564552705,8.159795527382273e-05,-8.159795527382273e-05,3.557029491956967e-05
0.0,0.0025213273947457537,0.00010546681025889313,-0.00010546681025889313,1.1701439934499273e-05
0.0,-0.0025259318472709014,0.00012889105931809146,-0.00012889105931809146,-1.1722809124699066e-05
0.0,-0.001562130321101196,0.00012441807191837664,-0.00012441807191837664,-7.2498217249842515e-06
0.0,-0.003065171894990004,0.00013139366371679465,-0.00013139366371679465,-1.4225413523402265e-05
0.0,0.003933590015736899,9.891252212253121e-05,-9.891252212253121e-05,1.825572807086119e-05
0.0,0.0015724312002203256,0.0001098706222538974,-0.0001098706222538974,7.297627939494995e-06
0.0,0.0009073212238914774,0.00011295738696920842,-0.00011295738696920842,4.210863224183977e-06
0.0,-0.004083652583445674,0.0001361204162302711,-0.0001361204162302711,-1.89521660368787e-05
0.0,0.0026755639309195,0.00010475100097228348,-0.00010475100097228348,1.2417249221108919e-05
0.0,0.006195317856513505,8.84158795475986e-05,-8.84158795475986e-05,2.8752370645793796e-05
0.0,0.005084444409779065,9.357142536797945e-05,-9.357142536797945e-05,2.3596824825412943e-05
0.0,0.005448765178485582,9.18806185331377e-05,-9.18806185331377e-05,2.5287631660254708e-05
0.0,0.0010166989647510949,0.00011244976663100593,-0.00011244976663100593,4.718483562386466e-06
0.0,0.0007410719362856977,0.00011372894724223218,-0.00011372894724223218,3.439302951160214e-06
0.0,0.010208065293514812,6.979278315629415e-05,-6.979278315629415e-05,4.737546703709825e-05
0.0,-0.008763028841120457,0.00015783732626909011,-0.00015783732626909011,-4.066907607569772e-05
0.0,0.0055170270744306915,9.156381617066731e-05,-9.156381617066731e-05,2.560443402272509e-05
0.0,0.0028262026252154904,0.00010405188921203004,-0.00010405188921203004,1.3116360981362362e-05
0.0,0.006389375498743188,8.75152611474998e-05,-8.75152611474998e-05,2.9652989045892596e-05
0.0,-0.013927543241993745,0.00018180575463686629,-0.00018180575463686629,-6.463750444347387e-05
0.0,-0.007816403936922511,0.00015344405529600796,-0.00015344405529600796,-3.627580510261556e-05
0.0,-0.007140265531926926,0.00015030610782042366,-0.00015030610782042366,-3.313785762703126e-05
0.0,0.01079203564940956,6.708258611592938e-05,-6.708258611592938e-05,5.0085664077463015e-05
0.0,-0.001558102589770738,0.0001243993792819765,-0.0001243993792819765,-7.231129088584126e-06
0.0,-0.02314909375473495,0.00022460282242451596,-0.00022460282242451596,-0.00010743457223112356
0.0,-0.005142620237842288,0.00014103506810226612,-0.00014103506810226612,-2.3866817908873728e-05
0.0,0.011090468702846357,6.569756310918415e-05,-6.569756310918415e-05,5.1470687084208254e-05
0.0,0.0008133101292933098,0.00011339369094897298,-0.00011339369094897298,3.774559244419414e-06
0.0,-0.004960171878030217,0.00014018832819536714,-0.00014018832819536714,-2.3020078001974756e-05
0.0,0.0157933986591674,4.387134073333231e-05,-4.387134073333231e-05,7.329690946006009e-05
0.0,-0.013693502993456064,0.00018071957760320298,-0.00018071957760320298,-6.355132740981058e-05
0.0,-0.018381860868696753,0.00020247817118485787,-0.00020247817118485787,-8.530992099146546e-05
0.0,-0.02996879838863975,0.00025625296207356,-0.00025625296207356,-0.00013908471188016757
0.0,0.010354085880061037,6.911510395991857e-05,-6.911510395991857e-05,4.805314623347382e-05
0.0,-0.007734647858502863,0.00015306462664945402,-0.00015306462664945402,-3.589637645606163e-05
0.0,0.023042611519136447,1.0227860307070085e-05,-1.0227860307070085e-05,0.00010694038988632231
0.0,0.004671676849538509,9.54870729840447e-05,-9.54870729840447e-05,2.1681177209347702e-05
0.0,4.303397765514916e-05,0.0001169685301944253,-0.0001169685301944253,1.9971999896708765e-07
0.0,0.016847579753558328,3.8978903209428736e-05,-3.8978903209428736e-05,7.818934698396366e-05
0.0,0.0038237284285767004,9.942238798364182e-05,-9.942238798364182e-05,1.774586220975058e-05
0.0,0.016133247764330783,4.229410649586287e-05,-4.229410649586287e-05,7.487414369752953e-05
0.0,0.001989779357261412,0.00010793371616166709,-0.00010793371616166709,9.234534031725312e-06
0.0,0.009722284736913167,7.204728291553504e-05,-7.204728291553504e-05,4.5120967277857354e-05
0.0,-0.0019845553982971165,0.00012637853991548606,-0.00012637853991548606,-9.210289722093655e-06
0.0,0.004239676828782013,9.749197814039957e-05,-9.749197814039957e-05,1.9676272052992824e-05
0.0,-0.008932805548120926,0.0001586252572388575,-0.0001586252572388575,-4.1457007045465095e-05
0.0,0.01148337085011919,6.387411055556905e-05,-6.387411055556905e-05,5.329413963782335e-05
0.0,-0.0031537266931381813,0.0001318046451123889,-0.0001318046451123889,-1.4636394918996507e-05
0.0,0.0015951960865450143,0.00010976497078217692,-0.00010976497078217692,7.403279411215474e-06
0.0,-0.00597597320797616,0.0001449026458490432,-0.0001449026458490432,-2.7734395655650792e-05
0.0,-3.937906806072977e-05,0.00011735100781564702,-0.00011735100781564702,-1.8275762225462737e-07
0.0,0.010093051774424433,7.032655905072819e-05,-7.032655905072819e-05,4.684169114266421e-05
0.0,-0.02115107439771169,0.0002153300466862695,-0.0002153300466862695,-9.816179649287712e-05
0.0,-0.0016025435809103872,0.00012460562920792184,-0.00012460562920792184,-7.437379014529447e-06
0.0,-0.003018017615584734,0.00013117482146359692,-0.00013117482146359692,-1.4006571270204518e-05
0.0,-0.01726024985928465,0.0001972727925085863,-0.0001972727925085863,-8.010454231519391e-05
0.0,0.0115800702824842,6.342533004341606e-05,-6.342533004341606e-05,5.3742920149976336e-05
0.0,0.004472672652839682,9.641064826396958e-05,-9.641064826396958e-05,2.0757601929422814e-05
0.0,0.010665025888896507,6.767203637408933e-05,-6.767203637408933e-05,4.949621381930307e-05
0.0,0.007495302358939249,8.238267235577785e-05,-8.238267235577785e-05,3.478557783761455e-05
0.0,0.005407711405364557,9.207114843467341e-05,-9.207114843467341e-05,2.5097101758718985e-05
0.0,0.0012566297656613212,0.00011133625163841195,-0.00011133625163841195,5.831998554980446e-06
0.0,0.00026455008109871336,0.00011594047751694644,-0.00011594047751694644,1.227772676445957e-06
0.0,-0.002896455862498093,0.00013061065532038202,-0.00013061065532038202,-1.3442405126989628e-05
0.0,0.01697685316676334,3.837894737549045e-05,-3.837894737549045e-05,7.878930281790195e-05
0.0,-0.0019410273951238066,0.00012617652715202557,-0.00012617652715202557,-9.008276958633185e-06
0.0,0.0028092730585327352,0.0001041304590590353,-0.0001041304590590353,1.3037791134357096e-05
0.0,0.0025111788443470395,0.00010551390951825954,-0.00010551390951825954,1.1654340675132853e-05
0.0,-0.0018612489301417234,0.0001258062765776655,-0.0001258062765776655,-8.638026384273112e-06
0.0,0.00403867571712313,9.842482107057413e-05,-9.842482107057413e-05,1.8743429122818273e-05
0.0,-0.0012532169669905446,0.00012298441000456757,-0.00012298441000456757,-5.816159811175158e-06
0.0,0.004236552581176722,9.750647772334544e-05,-9.750647772334544e-05,1.9661772470046957e-05
0.0,-0.009324107094664358,0.0001604412814302007,-0.0001604412814302007,-4.327303123680831e-05
0.0,0.00013839090212397487,0.00011652598023985146,-0.00011652598023985146,6.422699535409421e-07
0.0,-0.001681413492255035,0.00012497166319944627,-0.00012497166319944627,-7.803413006053876e-06
0.0,0.008970249395274354,7.55374668548146e-05,-7.55374668548146e-05,4.163078333857779e-05
0.0,-0.009586022165882668,0.0001616568250681225,-0.0001616568250681225,-4.448857487473011e-05
0.0,0.009689347495581924,7.22001441234245e-05,-7.22001441234245e-05,4.4968106069967886e-05
0.0,0.007113411987488272,8.415501943470523e-05,-8.415501943470523e-05,3.301323075868717e-05
0.0,-0.002070122839989974,0.0001267756570377623,-0.0001267756570377623,-9.607406844369918e-06
0.0,0.006051847587953629,8.908172275916976e-05,-8.908172275916976e-05,2.8086527434222638e-05
0.0,0.0077076668832223305,8.139709201016487e-05,-8.139709201016487e-05,3.577115818322753e-05
0.0,-0.007609466332438197,0.0001524836611979989,-0.0001524836611979989,-3.5315411004606505e-05
0.0,0.004679145956573816,9.545240897828324e-05,-9.545240897828324e-05,2.1715841215109162e-05
0.0,-0.00017116047891174713,0.00011796260322637005,-0.00011796260322637005,-7.943530329776549e-07
0.0,0.00397155273894878,9.873633773396685e-05,-9.873633773396685e-05,1.8431912459425553e-05
0.0,-0.0018227694906369774,0.0001256276941170869,-0.0001256276941170869,-8.45944392369449e-06
0.0,-0.0004748538883844189,0.00011937203946097143,-0.00011937203946097143,-2.2037892675790344e-06
0.0,-0.009191323428069387,0.00015982503456667097,-0.00015982503456667097,-4.265678437327859e-05
0.0,0.002145772011323821,0.00010720975676014776,-0.00010720975676014776,9.958493433244632e-06
0.0,-0.00029944716993013376,0.00011855797969849167,-0.00011855797969849167,-1.3897295050992735e-06
0.0,0.0026514435020339455,0.00010486294349525247,-0.00010486294349525247,1.2305306698139927e-05
0.0,0.001614127248163344,0.0001096771115652308,-0.0001096771115652308,7.491138628161602e-06
0.0,-0.003300233889343751,0.00013248458265637623,-0.00013248458265637623,-1.5316332462983827e-05
0.0,-0.018614700871699585,0.00020355877789827558,-0.00020355877789827558,-8.639052770488317e-05
0.0,0.004092509543626166,9.817497914660096e-05,-9.817497914660096e-05,1.899327104679144e-05
0.0,-0.002812083478299976,0.00013021908444074055,-0.00013021908444074055,-1.3050834247348146e-05
0.0,0.012265644545291332,6.0243590903313157e-05,-6.0243590903313157e-05,5.692465929007924e-05
0.0,0.025295927786425976,-2.297442904388927e-07,2.297442904388927e-07,0.00011739799448383129
0.0,0.007431229727488331,8.26800324090302e-05,-8.26800324090302e-05,3.44882177843622e-05
0.0,0.0037568333092317108,9.973284715786797e-05,-9.973284715786797e-05,1.743540303552442e-05
0.0,0.0009690634297987444,0.00011267084238346643,-0.00011267084238346643,4.497407809925973e-06
0.0,-0.00289265965137242,0.000130593037165533,-0.000130593037165533,-1.3424786972140595e-05
0.0,0.00023222772482434095,0.00011609048505316496,-0.00011609048505316496,1.0777651402274432e-06
0.0,-0.006049734794859041,0.00014524497218880455,-0.00014524497218880455,-2.8076721995412163e-05
0.0,-0.013203489851361216,0.0001784454344826836,-0.0001784454344826836,-6.12771842892912e-05
0.0,0.003917814394541086,9.898573652706942e-05,-9.898573652706942e-05,1.8182513666322967e-05
0.0,0.003963584828470035,9.877331667849614e-05,-9.877331667849614e-05,1.839493351489625e-05
0.0,2.195086225209586e-05,0.00011706637659431573,-0.00011706637659431573,1.0187359907667529e-07
0.0,0.0053404615405816536,9.238325397677803e-05,-9.238325397677803e-05,2.4784996216614368e-05
0.0,0.003467959094991535,0.00010107350774546213,-0.00010107350774546213,1.6094742447930262e-05
0.0,0.003020480305938378,0.00010315024961681914,-0.00010315024961681914,1.4018000576573254e-05
0.0,0.005722005647630368,9.06125139053789e-05,-9.06125139053789e-05,2.6555736288013505e-05
0.0,-0.003801238017440034,0.00013480973476636074,-0.00013480973476636074,-1.7641484572968336e-05
0.0,0.005607785488815242,9.114260782752062e-05,-9.114260782752062e-05,2.6025642365871777e-05
0.0,0.0024484564662998753,0.00010580500306715658,-0.00010580500306715658,1.136324712623582e-05
0.0,0.0004514491145146682,0.00011507308210535084,-0.00011507308210535084,2.095168088041562e-06
0.0,0.006051417924264779,8.908371682144728e-05,-8.908371682144728e-05,2.8084533371945126e-05
0.0,-0.0018697756269248078,0.00012584584884045647,-0.00012584584884045647,-8.677598647064082e-06
0.0,0.0024954538421815275,0.00010558688900069133,-0.00010558688900069133,1.1581361192701074e-05
0.0,-0.006144213927296471,0.00014568344832466222,-0.00014568344832466222,-2.8515198131269828e-05
0.0,-0.002963883313944371,0.00013092358503933847,-0.00013092358503933847,-1.3755334845946079e-05
0.0,0.008165786048233592,7.927096832492136e-05,-7.927096832492136e-05,3.7897281868471035e-05
0.0,-0.005414022527810203,0.00014229464176999498,-0.00014229464176999498,-2.512639157660257e-05
0.0,-2.6466639124200775e-05,0.00011729108144038765,-0.00011729108144038765,-1.2283124699524917e-07
0.0,0.0037993543260221863,9.953550780203324e-05,-9.953550780203324e-05,1.7632742391359152e-05
0.0,-0.003863994965801476,0.00013510098875553096,-0.00013510098875553096,-1.7932738562138565e-05
0.0,-0.02949284635160343,0.00025404407631572895,-0.00025404407631572895,-0.00013687582612233653
0.0,-0.0008651123249070469,0.0001211832225954654,-0.0001211832225954654,-4.014972402073004e-06
0.0,0.010869123768910471,6.672482139172767e-05,-6.672482139172767e-05,5.0443428801664726e-05
0.0,0.007287273468533639,8.334813109421639e-05,-8.334813109421639e-05,3.382011909917601e-05
0.0,0.01104275925539211,6.591898188837856e-05,-6.591898188837856e-05,5.1249268305013844e-05
0.0,-0.00040565878647391695,0.0001190509061046074,-0.0001190509061046074,-1.8826559112149986e-06
0.0,-0.011055736101235558,0.0001684777438314958,-0.0001684777438314958,-5.1309493638103395e-05
0.0,-0.010701995701766776,0.00016683604032031527,-0.00016683604032031527,-4.966779012692287e-05
0.0,-0.004284800394927402,0.00013705393999196677,-0.00013705393999196677,-1.988568979857438e-05
0.0,-0.0022238866412221947,0.00012748927236910272,-0.00012748927236910272,-1.0321022175710317e-05
0.0,0.01259602672149196,5.8710292531075927e-05,-5.8710292531075927e-05,5.845795766231647e-05
0.0,0.005538045085450305,9.146627191917455e-05,-9.146627191917455e-05,2.5701978274217842e-05
0.0,-0.01110391288210788,0.0001687013314975759,-0.0001687013314975759,-5.153308130418349e-05
0.0,0.001560360190925314,0.00010992664361411771,-0.00010992664361411771,7.241606579274696e-06
0.0,-0.01541164380306681,0.00018869344149908922,-0.00018869344149908922,-7.152519130569683e-05
0.0,0.0015754440882007614,0.00010985663948918153,-0.00010985663948918153,7.31161070421088e-06
0.0,0.0011462798112440442,0.00011184838400411716,-0.00011184838400411716,5.319866189275235e-06
0.0,0.018312792279639112,3.2178875414173256e-05,-3.2178875414173256e-05,8.498937477921914e-05
0.0,-0.0021126894641922966,0.00012697320805686276,-0.00012697320805686276,-9.80495786347036e-06
0.0,0.009991058969353706,7.079990602057165e-05,-7.079990602057165e-05,4.636834417282075e-05
0.0,0.008768227105582893,7.647504905583337e-05,-7.647504905583337e-05,4.0693201137559026e-05
0.0,0.006137941522227575,8.868216219328265e-05,-8.868216219328265e-05,2.848608800010975e-05
0.0,0.00531348622041139,9.250844600433622e-05,-9.250844600433622e-05,2.465980418905618e-05
0.0,-0.002855132319398823,0.00013041887342071107,-0.00013041887342071107,-1.3250623227318658e-05
0.0,-0.014580715690809543,0.00018483711747876273,-0.00018483711747876273,-6.766886728537033e-05
0.0,0.009217869449967608,7.43882661589396e-05,-7.43882661589396e-05,4.2779984034452804e-05
0.0,-0.004678895760321544,0.00013888293025171412,-0.00013888293025171412,-2.1714680058321714e-05
0.0,0.005275414405311762,9.268513668659908e-05,-9.268513668659908e-05,2.4483113506793326e-05
0.0,-0.005046825754019935,0.00014059048744176185,-0.00014059048744176185,-2.342223724836944e-05
0.0,-0.007608597684666707,0.00015247962981764602,-0.00015247962981764602,-3.531137962425364e-05
0.0,0.007224881828679752,8.363768969247166e-05,-8.363768969247166e-05,3.353056050092075e-05
0.0,0.003908672930614365,9.902816191429793e-05,-9.902816191429793e-05,1.814008827909447e-05
0.0,0.003644298722618622,0.00010025511836649836,-0.00010025511836649836,1.6913131826894035e-05
0.0,-0.009464770111542897,0.0001610940962318166,-0.0001610940962318166,-4.392584603842421e-05
0.0,0.006712541085862833,8.601545484925465e-05,-8.601545484925465e-05,3.115279534413775e-05
0.0,0.00033958278885926063,0.00011559225192561207,-0.00011559225192561207,1.5759982677803249e-06
0.0,-0.0027238667143857365,0.00012980967185659558,-0.00012980967185659558,-1.264142166320317e-05
0.0,0.010426292122230674,6.877999594998515e-05,-6.877999594998515e-05,4.838825424340726e-05
0.0,-7.194380749464546e-05,0.00011750214024821516,-0.00011750214024821516,-3.338900548227545e-07
0.0,0.0024449877750611915,0.00010582110120747162,-0.00010582110120747162,1.1347148985920777e-05
0.0,0.0023769693899173827,0.0001061367734402251,-0.0001061367734402251,1.1031476753167292e-05
0.0,-0.0043341850761716705,0.00013728313350426844,-0.00013728313350426844,-2.0114883310876053e-05
0.0,-0.01706412670256352,0.0001963625880889147,-0.0001963625880889147,-7.91943378955223e-05
0.0,-0.00496910650440241,0.00014022979365282788,-0.00014022979365282788,-2.3061543459435482e-05
0.0,-0.004679730915472358,0.00013888680619335248,-0.00013888680619335248,-2.1718555999960073e-05
0.0,0.00013602428004699796,0.00011653696369489149,-0.00011653696369489149,6.312864985009044e-07
0.0,-0.015864553655509872,0.00019079538884839007,-0.00019079538884839007,-7.362713865499766e-05
0.0,0.01585414463498891,4.3589419635414124e-05,-4.3589419635414124e-05,7.357883055797827e-05
0.0,-0.0175967394669998,0.00019883443537236804,-0.00019883443537236804,-8.166618517897563e-05
0.0,-0.012234826602200433,0.0001739498839046696,-0.0001739498839046696,-5.67816337112772e-05
0.0,0.011159277893187936,6.53782207622119e-05,-6.53782207622119e-05,5.179002943118049e-05
0.0,-0.017819007085749905,0.00019986597582031162,-0.00019986597582031162,-8.269772562691924e-05
0.0,0.00552061780274804,9.154715165823067e-05,-9.154715165823067e-05,2.562109853516172e-05
0.0,-0.0269730913054258,0.00024234993362567492,-0.00024234993362567492,-0.00012518168343228253
0.0,-0.007567865323653167,0.00015229059158453773,-0.00015229059158453773,-3.512234139114534e-05
0.0,0.004886869929446425,9.448836535721693e-05,-9.448836535721693e-05,2.2679884836175475e-05
0.0,-0.013890984206835322,0.0001816360847420081,-0.0001816360847420081,-6.446783454861571e-05
0.0,0.021265869083087807,1.847369340983362e-05,-1.847369340983362e-05,9.869455678355878e-05
0.0,0.006416130719105961,8.739109059961233e-05,-8.739109059961233e-05,2.9777159593780072e-05
0.0,-0.010653512117636543,0.00016661102878524393,-0.00016661102878524393,-4.944277859185154e-05
0.0,0.010798495567894584,6.705260573801741e-05,-6.705260573801741e-05,5.011564445537499e-05
0.0,-0.0021848931523151816,0.00012730830421350624,-0.00012730830421350624,-1.0140054020113853e-05
0.0,0.0008246534476661349,0.00011334104679063237,-0.00011334104679063237,3.827203402760025e-06
0.0,0.017646000146633645,3.5273446991597015e-05,-3.5273446991597015e-05,8.189480320179538e-05
0.0,0.0015743334544251475,0.00010986179392269208,-0.00010986179392269208,7.3064562707003195e-06
0.0,-0.011156934922627149,0.00016894740593583954,-0.00016894740593583954,-5.177915574244714e-05
0.0,-0.003306980860763864,0.0001325158952423485,-0.0001325158952423485,-1.5347645048956104e-05
0.0,-0.01973722070834405,0.0002087683744271324,-0.0002087683744271324,-9.160012423374001e-05
0.0,0.005538521570653376,9.146406055900172e-05,-9.146406055900172e-05,2.5704189634390676e-05
0.0,0.0037812354559083605,9.961959718715624e-05,-9.961959718715624e-05,1.754865300623616e-05
0.0,0.006728194715792668,8.594280660422207e-05,-8.594280660422207e-05,3.1225443589170326e-05
0.0,-0.04839563335990149,0.0003417716071525314,-0.0003417716071525314,-0.000224603356959139
0.0,-0.05974960534553109,0.0003944652087390201,-0.0003944652087390201,-0.0002772969585456277
0.0,-0.0023314724921273955,0.00012798857657481304,-0.00012798857657481304,-1.0820326381420639e-05
0.0,-0.015700524562941354,0.00019003413246486734,-0.00019003413246486734,-7.286588227147494e-05
0.0,0.09515387644904849,-0.0003244393617825934,0.0003244393617825934,0.0004416076119759858
0.0,-0.03460757958472693,0.0002777814710837008,-0.0002777814710837008,-0.0001606132208903084
0.0,0.018092095201708958,3.320312700740183e-05,-3.320312700740183e-05,8.396512318599057e-05
0.0,0.007944712390868913,8.029696761725592e-05,-8.029696761725592e-05,3.687128257613648e-05
0.0,-0.0017277808903947145,0.00012518685354933148,-0.00012518685354933148,-8.018603355939073e-06
0.0,-0.0224083715440897,0.0002211651425444348,-0.0002211651425444348,-0.00010399689235104241
0.0,0.0013268380955802073,0.00011101041590713827,-0.00011101041590713827,6.157834286254129e-06
0.0,-0.023567493023827546,0.00022654460671089145,-0.00022654460671089145,-0.00010937635651749907
0.0,0.025117204723895226,5.997065716234744e-07,-5.997065716234744e-07,0.00011656854362176892
0.0,0.01666113847096007,3.9844174206833075e-05,-3.9844174206833075e-05,7.732407598655932e-05
0.0,0.020259113708281262,2.314602893102881e-05,-2.314602893102881e-05,9.402222126236359e-05
0.0,0.007373133469998461,8.294965620673834e-05,-8.294965620673834e-05,3.4218593986654056e-05
0.0,0.0006407067039131409,0.00011419474067333,-0.00011419474067333,2.9735095200624003e-06
0.0,0.005802410694099036,9.023935537640546e-05,-9.023935537640546e-05,2.6928894816986936e-05
0.0,0.00147999135976562,0.00011029963406842398,-0.00011029963406842398,6.868616124968422e-06
0.0,0.006299102138585644,8.793421836177123e-05,-8.793421836177123e-05,2.9234031831621166e-05
0.0,0.01472657412963474,4.8822456236614936e-05,-4.8822456236614936e-05,6.834579395677746e-05
0.0,-0.006381597588933863,0.00014678514208481014,-0.00014678514208481014,-2.9616891891417758e-05
0.0,-0.007693239651855532,0.0001528724518276166,-0.0001528724518276166,-3.570420163422421e-05
0.0,0.00434635623313584,9.699688073857234e-05,-9.699688073857234e-05,2.0171369454820063e-05
0.0,0.005799775094835535,9.025158715024711e-05,-9.025158715024711e-05,2.6916663043145295e-05
0.0,-0.0007114809122162891,0.00012047022167721915,-0.00012047022167721915,-3.3019714838267447e-06
0.0,0.032558782749008364,-3.393653749577255e-05,3.393653749577255e-05,0.00015110478768916495
0.0,0.0072482009835321826,8.352946586941812e-05,-8.352946586941812e-05,3.363878432397428e-05
0.0,0.001024415597859818,0.00011241395386071419,-0.00011241395386071419,4.754296332678202e-06
0.0,0.004132332074135769,9.799016342224522e-05,-9.799016342224522e-05,1.917808677114717e-05
0.0,0.007005272294898557,8.465689401077604e-05,-8.465689401077604e-05,3.2511356182616354e-05
0.0,0.0008761131291423752,0.0001131022232355885,-0.0001131022232355885,4.0660269578038995e-06
0.0,-0.0038802294486252054,0.00013517633272951284,-0.00013517633272951284,-1.8008082536120446e-05
0.0,-0.01613513066101424,0.00019205113238418157,-0.00019205113238418157,-7.488288219078919e-05
0.0,-0.00044487103794299543,0.00011923288953374004,-0.00011923288953374004,-2.0646393403476406e-06
0.0,-0.006708297825321674,0.00014830135263352559,-0.00014830135263352559,-3.113310244013318e-05
0.0,0.0204590558452733,2.2218100685270908e-05,-2.2218100685270908e-05,9.495014950812149e-05
0.0,-0.005571225417268844,0.00014302421785454607,-0.00014302421785454607,-2.5855967661153662e-05
0.0,0.004011194261904327,9.855236206276165e-05,-9.855236206276165e-05,1.8615888130630752e-05
0.0,-8.118516130162234e-05,0.00011754502922277321,-0.00011754502922277321,-3.7677902938081684e-07
0.0,0.0041020419271569075,9.813073950777023e-05,-9.813073950777023e-05,1.9037510685622172e-05
0.0,0.005800290454605506,9.024919537383379e-05,-9.024919537383379e-05,2.69190548195586e-05
0.0,7.36874595066439e-05,0.00011682626787759331,-0.00011682626787759331,3.4198231579909075e-07
0.0,-0.005277383403094138,0.00014166050178726226,-0.00014166050178726226,-2.4492251593869858e-05
0.0,0.010280683010067904,6.945576550035734e-05,-6.945576550035734e-05,4.771248469303507e-05
0.0,0.0009199480792858594,0.00011289878593617048,-0.00011289878593617048,4.269464257221921e-06
0.0,0.00548298940767844,9.17217844352576e-05,-9.17217844352576e-05,2.5446465758134788e-05
0.0,-0.002743888954607865,0.000129902594751814,-0.000129902594751814,-1.2734344558421613e-05
0.0,0.0038224199557175265,9.942846058516095e-05,-9.942846058516095e-05,1.7739789608231455e-05
0.0,-0.011296379879250695,0.00016959456773937986,-0.00016959456773937986,-5.242631754598746e-05
0.0,0.009392659896159117,7.357706650613112e-05,-7.357706650613112e-05,4.359118368726128e-05
0.0,-0.008352184790166306,0.0001559306056287224,-0.0001559306056287224,-3.876235543532998e-05
0.0,-0.0003092402101070313,0.00011860342904062982,-0.00011860342904062982,-1.4351788472374293e-06
0.0,-0.002178658486505891,0.00012727936922964374,-0.00012727936922964374,-1.0111119036251337e-05
0.0,0.009606504133156335,7.258461883758306e-05,-7.258461883758306e-05,4.458363135580934e-05
0.0,0.01112172017970181,6.555252550714542e-05,-6.555252550714542e-05,5.1615724686246985e-05
0.0,-3.2861029504172024e-06,0.00011718350094439483,-0.00011718350094439483,-1.5250751002435834e-08
0.0,0.008020121275230219,7.994699619636062e-05,-7.994699619636062e-05,3.722125399703178e-05
0.0,0.005218970885222163,9.294709015658339e-05,-9.294709015658339e-05,2.4221160036809014e-05
0.0,0.005164427424532603,9.32002254814161e-05,-9.32002254814161e-05,2.3968024711976292e-05
