nasdaq_Close,SPX_Close,Prediction,Residual,Excess
-0.014084507042253502,0.0031156756258232665,0.00018533771606988602,-0.014269844758323389,-0.013985704725243726
0.03428573608398433,0.0005455206301101523,0.0002668408310110025,0.03401889525297333,0.03430303528605299
-0.016574648513063672,0.00400120187417663,0.00015725647282840803,-0.01673190498589208,-0.016447764952812416
0.07584272131085013,0.0028817272914287706,0.00019275653634346523,0.07564996477450665,0.07593410480758632
0.0443864437807735,0.0017467554316374923,0.00022874803961770072,0.0441576957411558,0.04444183577423546
0.09799995422363272,-0.009381166148364262,0.0005816295868797826,0.09741832463675294,0.09770246466983261
0.042349742438439586,0.008325925658531075,2.0113592234538634e-05,0.042329628846205045,0.04261376887928471
0.020533037712341162,0.0024264254383745687,0.0002071947781321025,0.02032584293420906,0.020609982967288724
0.11301366954924541,-0.010823130159869354,0.0006273562293455786,0.11238631331989983,0.1126704533529795
0.04884617145244885,0.012499626599363545,-0.00011224014832892932,0.04895841160077778,0.04924255163385744
-0.031536508834444255,-0.010597829662970737,0.000620211643775585,-0.03215672047821984,-0.03187258044514018
-0.046194597516214575,-0.01894490338978838,0.0008849087186654333,-0.04707950623488001,-0.046795366201800345
0.1055974510129809,-0.022140988764300484,0.0009862609383078154,0.1046111900746731,0.10489533010775275
0.00035907464074891315,0.004598098012701168,0.00013832808342496042,0.00022074655732395274,0.0005048865904036155
0.01507537929262992,-0.004203199573680982,0.00041742921546188036,0.01465795007716804,0.014942090110247703
0.03429983344422438,0.004880152210944955,0.00012938376069834235,0.03417044968352604,0.0344545897166057
0.03247865856203269,-0.011817740959567224,0.0006588966922611077,0.03181976186977158,0.03210390190285125
-0.002980137427623486,-0.009829173828039273,0.0005958365204973889,-0.003575973948120875,-0.003291833915041212
-0.17901033502948616,0.014266108894671836,-0.00016825770750185853,-0.1788420773219843,-0.17855793728890462
-0.005258865872879381,0.01297294837718499,-0.0001272498264713992,-0.005131616046407982,-0.004847476013328319
-0.035380269777747,-0.00547431142933863,0.00045773790339995407,-0.03583800768114695,-0.03555386764806729
-0.11467113794658157,-0.031140677888039425,0.0012716533361631414,-0.1159427912827447,-0.11565865124966505
0.0,0.002897118921960873,0.0001922684467790298,-0.0001922684467790298,9.1871586300633e-05
-0.06476193382626472,-0.00886329049344714,0.0005652070446213128,-0.06532714087088604,-0.06504300083780637
0.05346238172301554,0.013040132316577413,-0.00012938032068035967,0.0535917620436959,0.05387590207677556
0.03624939490772028,-0.0022325735201887964,0.00035493797971476585,0.03589445692800551,0.03617859696108518
-0.02098884103219234,0.009680437561949251,-2.2839824791881307e-05,-0.02096600120740046,-0.020681861174320797
-0.012386861920770098,-0.002744592819371894,0.0003711748089577474,-0.012758036729727846,-0.012473896696648182
-0.001447119149026177,0.01800074864554846,-0.00028668821982000975,-0.0011604309292061674,-0.0008762908961265044
0.012560304925142596,0.0042379594555796984,0.00014974856750656534,0.01241055635763603,0.012694696390715693
0.018606932921384933,0.006584742448973557,7.532888294611444e-05,0.018531604038438818,0.01881574407151848
0.07634656354298364,0.002186622042297248,0.00021479927038504427,0.07613176427259859,0.07641590430567825
-0.003481284825920805,-0.0010458578339902491,0.00031730560924061476,-0.00379859043516142,-0.003514450402081757
-0.04366812299816891,-0.012102809596931441,0.000667936606957286,-0.044336059605126196,-0.04405191957204654
-0.03424657593899694,0.00972045942422195,-2.4108972546164648e-05,-0.034222466966450774,-0.03393832693337111
-0.03356969727085013,-0.002081040179913507,0.0003501326511371243,-0.033919829921987256,-0.03363568988890759
0.024951086866757288,0.0014053791778985136,0.00023957354550861525,0.024711513321248674,0.024995653354328337
-0.09737474182512229,0.01015850827289455,-3.8000098070787225e-05,-0.0973367417270515,-0.09705260169397184
-0.004230561837735958,0.0023304422719907514,0.00021023853504763515,-0.004440800372783593,-0.00415666033970393
-0.1232076316635271,0.00042920160206150193,0.0002705294657932241,-0.12347816112932034,-0.12319402109624067
-0.009085379554863438,0.0037361180334851696,0.00016566264240687505,-0.009251042197270312,-0.00896690216419065
-0.09657706714146741,0.014007480947064943,-0.00016005626308471314,-0.0964170108783827,-0.09613287084530303
-0.0527740018310805,-0.00017559601339156572,0.00028970842179027584,-0.05306371025287077,-0.05277957021979111
-0.015714304787772027,0.0017127370855292146,0.00022982680769884534,-0.01594413159547087,-0.015659991562391208
-0.08272854947310182,0.00452455995494172,0.0001406600753803529,-0.08286920954848218,-0.08258506951540251
-0.024525348987071816,0.004041519314613495,0.0001559779518880218,-0.024681326938959837,-0.024397186905880174
-0.06650443632588043,-0.00021734594703937127,0.00029103236904114464,-0.06679546869492158,-0.06651132866184191
0.07471760552352236,0.000452194832708086,0.0002698003191373291,0.07444780520438503,0.0747319452374647
-0.0040420526432851656,0.0077791163013856135,3.745366159247211e-05,-0.004079506304877638,-0.003795366271797975
-0.061688254385818375,0.005821675803744153,9.952676540752155e-05,-0.0617877811512259,-0.061503641118146234
-0.04498273692804189,-0.0003258460273372066,0.0002944730543423754,-0.04527720998238426,-0.044993069949304604
-0.05253622515490508,-0.005086446449439896,0.00044543817669434767,-0.05298166333159943,-0.05269752329851977
0.02103253023197693,0.005095296193887933,0.00012256125201698327,0.020909968979959948,0.02119410901303961
0.03838949772439748,0.007170966908320198,5.673890702204907e-05,0.03833275881737543,0.03861689885045509
0.07394045838970253,-0.005493304207041971,0.00045834019024521764,0.07348211819945731,0.07376625823253698
-0.03190597139457452,-0.001704167338318907,0.0003381815001061931,-0.03224415289468071,-0.03196001286160105
-0.08933215583915444,0.000737722599547963,0.0002607458448202368,-0.08959290168397467,-0.089308761650895
-0.013333366030738425,0.005683234964352302,0.00010391691295283254,-0.013437282943691257,-0.013153142910611594
-0.024131274930966784,4.265937281555665e-05,0.00028278724627431393,-0.024414062177241097,-0.024129922144161434
0.027695419995447557,-0.00327287474868454,0.00038792734834852325,0.027307492647099033,0.027591632680178696
0.0028873659268422447,0.0074138011482498545,4.90383025831584e-05,0.002838327624259086,0.0031224676573387493
-0.029750519898935956,0.00792799084446738,3.273264709457687e-05,-0.029783252546030533,-0.02949911251295087
0.009891234902632329,0.0016842957106795176,0.0002307287224266826,0.009660506180205647,0.00994464621328531
-0.02938297645582677,-0.005876707172041695,0.0004704984203820219,-0.02985347487620879,-0.029569334843129128
0.002018209694412132,0.003374341747336196,0.00017713506110619514,0.0018410746333059368,0.0021252146663855997
0.013091652612856386,0.00668390656297202,7.218425384991934e-05,0.013019468359006466,0.013303608392086129
0.002982080687858879,0.0017666094762833762,0.00022811844082481917,0.00275396224703406,0.0030381022801137226
-0.008919737485316825,0.0006854008197059169,0.0002624050397106239,-0.00918214252502745,-0.008898002491947787
-0.019999980926513672,0.011150066851666862,-6.944377090426429e-05,-0.01993053715560941,-0.019646397122529746
-0.0061224916784619055,0.0008425387276917995,0.00025742198265860106,-0.0063799136611205065,-0.006095773628040844
0.025667351732524768,-0.016126534744455467,0.0007955344108784926,0.024871817321646277,0.02515595735472594
0.004004000277224362,0.004521331252766547,0.00014076246192316167,0.0038632378153012005,0.004147377848380864
-0.045862417785997756,0.008058340784849571,2.8599072975016954e-05,-0.045891016858972775,-0.04560687682589311
-0.10553806765048934,-0.0010189969053922,0.00031645381261566276,-0.105854521463105,-0.10557038143002534
0.08060742366344398,0.002263879356942944,0.00021234933572891935,0.08039507432771506,0.08067921436079473
0.08864861565667259,0.0071235200993795544,5.824350994643632e-05,0.08859037214672616,0.08887451217980581
-0.08540215320158062,-0.004296448099761374,0.00042038625320936886,-0.08582253945478999,-0.08553839942171033
0.0,-0.023381945257149872,0.0010256133586257837,-0.0010256133586257837,-0.0007414733255461209
-0.006514703514460929,0.006462752419523099,7.919735290553502e-05,-0.006593900867366464,-0.006309760834286801
-0.01202182090308257,0.012943228020842135,-0.00012630735349870186,-0.011895513549583868,-0.011611373516504205
-0.026548647359614486,-0.016647680109796337,0.0008120606401071784,-0.027360707999721665,-0.027076567966642002
0.09772723159514274,0.013120586781854904,-0.00013193164133688606,0.09785916323647963,0.09814330326955929
0.03933748658833758,-0.02383846584506677,0.0010400902481565854,0.03829739634018099,0.03858153637326066
-0.0129482186190093,-0.006586554728659322,0.0004930086530700022,-0.013441227272079302,-0.013157087238999639
0.042381441247310025,-0.032353496411350324,0.0013101134631488668,0.04107132778416116,0.041355467817240824
0.022265295025106546,-0.015308264998017185,0.0007695859629023838,0.021495709062204164,0.021779849095283826
-0.0918560822428468,0.04397412445198401,-0.0011103393370839989,-0.0907457429057628,-0.09046160287268314
-0.02606882127447485,-0.003397292018489928,0.00039187278940500515,-0.026460694063879856,-0.026176554030800193
0.001070688299621425,0.013739523915341278,-0.00015155898070591452,0.0012222472803273396,0.0015063873134070025
-0.0160428412924849,-0.012145144968583543,0.0006692791192445182,-0.01671212041172942,-0.016427980378649756
-0.05000000518301273,-0.018800014512092122,0.0008803140950445761,-0.05088031927805731,-0.05059617924497764
0.0,0.0011093685155389998,0.00024896044671820144,-0.00024896044671820144,3.5179586361461355e-05
0.02974831071975781,-0.014195906037184347,0.0007343115454482782,0.02901399917430953,0.029298139207389193
-0.017777760823567745,-0.005130263873571406,0.00044682768688395516,-0.0182245885104517,-0.01794044847737204
-0.0124435077435332,-0.03897590341661106,0.0015201190076537274,-0.013963626751186927,-0.013679486718107264
0.054982877557824494,0.015024380686144978,-0.00019230353862104138,0.055175181096445536,0.0554593211295252
-0.03257331047690448,-0.012908014000787449,0.0006934707351277782,-0.03326678121203226,-0.032982641178952596
-0.015712614146575987,0.00035393738571354305,0.0002729161965881343,-0.01598553034316412,-0.015701390310084457
0.05929298482864098,-0.0056609945338124135,0.00046365787886714163,0.05882932694977384,0.0591134669828535
-0.0021527991573173644,0.032876173067238,-0.0007584081855267719,-0.0013943909717905926,-0.0011102509387109296
-0.010787527133936381,-0.01237468831159061,0.0006765582512425019,-0.011464085385178882,-0.01117994535209922
0.05125411811542335,-0.01716532127985071,0.00082847574653133,0.05042564236889202,0.05070978240197169
0.13900406132679644,0.025842707133391096,-0.0005353674026179972,0.13953942872941444,0.1398235687624941
0.22859748028465,0.004051376711240895,0.00015566536041720266,0.2284418149242328,0.22872595495731246
-0.0785766852429326,-0.034411425771964765,0.0013753732056541314,-0.07995205844858673,-0.07966791841550706
-0.021721677484693558,-0.01353207320412908,0.0007132605023071315,-0.022434937987000688,-0.022150797953921025
0.018914514703681773,0.010976067492112662,-6.392601426115108e-05,0.018978440717942923,0.019262580751022586
0.006456813679522444,-0.005941674758709992,0.0004725586310278799,0.005984255048494564,0.006268395081574227
-0.07698476484280858,0.029506792849203878,-0.0006515605504040642,-0.07633320429240452,-0.07604906425932485
0.02780188431458508,0.004379678623643857,0.0001452544596946403,0.027656629854890438,0.0279407698879701
0.027895175472044453,-0.0018046635646612463,0.00034136837229887797,0.027553807099745576,0.02783794713282524
0.06661187744908426,0.023494191121040897,-0.0004608927616664223,0.06707277021075068,0.06735691024383034
0.002313009433581481,-0.0005559347650669899,0.0003017694815497329,0.0020112399520317483,0.002295379985111411
-0.03923078683706427,0.0012830081640498037,0.00024345409700212746,-0.039474240934066394,-0.039190100900986735
0.014411553921082731,0.0013171307943036226,0.000242372021928714,0.014169181899154018,0.01445332193223368
-0.08050516587384493,-0.003856841152281021,0.0004064457182497396,-0.08091161159209467,-0.08062747155901501
0.07124463097714395,-0.016070691127224812,0.0007937635337284882,0.07045086744341546,0.07073500747649512
-0.03285255308099466,-0.0029854738442266493,0.00037881347428673226,-0.033231366555281396,-0.03294722652220173
-0.0033139985803132266,-0.01680350261882635,0.0008170019840670054,-0.004131000564380232,-0.003846860531300569
-0.01828755762575207,0.002859362131449217,0.00019346576602320454,-0.018481023391775275,-0.018196883358695612
0.028789092873259037,-0.00203393834902843,0.00034863898793666885,0.02844045388532237,0.02872459391840203
0.005761370427681101,-0.03101701864061035,0.0012677319330284841,0.004493638494652617,0.00477777852773228
0.06628473389872735,-0.0101129704925228,0.0006048360992013528,0.065679897799526,0.06596403783260567
-0.026861046428863,-0.0032404516759250157,0.0003868991685577047,-0.027247945597420706,-0.026963805564341043
-0.06782339035122265,-0.004662369010297374,0.00043199010359213486,-0.06825538045481477,-0.06797124042173512
0.0033840916147012123,0.00535903441522545,0.00011419775386068895,0.0032698938608405233,0.003554033893920186
-0.06913994254313105,0.03133081639370272,-0.0007094028209482746,-0.06843053972218277,-0.06814639968910312
-0.0027173671263451826,0.00941267817151159,-1.4348809887409055e-05,-0.002703018316457774,-0.0024188782833781106
-0.0009082859831013312,0.007203887818266752,5.569494013607702e-05,-0.0009639809232374083,-0.0006798408901577454
0.02999999306418699,0.0007329020475055348,0.0002608987110901112,0.02973909435309688,0.030023234386176545
0.04413062695206538,0.015378879091830777,-0.00020354516581988497,0.04433417211788526,0.04461831215096493
0.014370251681344648,-0.0001551316306374062,0.0002890594683448248,0.014081192212999824,0.014365332246079486
0.04166666666666674,0.0011961033180916125,0.0002462099680141421,0.041420456698652595,0.04170459673173226
0.020800018310546786,-0.028819473359129044,0.0011980447795441147,0.01960197353100267,0.019886113564082333
0.0015673592265372793,0.005981890060832162,9.444615313611006e-05,0.0014729130734011692,0.0017570531064808321
0.06885760037776856,0.011416551196032687,-7.789435236144586e-05,0.06893549473013,0.06921963476320966
0.016105437004853895,-0.012819816608358736,0.0006906738757069985,0.015414763129146896,0.01569890316222656
-0.012247844012412856,0.022513373250030444,-0.0004297896913027277,-0.011818054321110128,-0.011533914288030465
0.0051057399437965945,0.008220020548377116,2.3471987498686832e-05,0.005082267956297908,0.0053664079893775704
-0.02757620622674606,0.011200166146517754,-7.103248776901046e-05,-0.027505173738977047,-0.027221033705897384
0.0440298633868621,-0.0010493573466290318,0.0003174165835520132,0.04371244680331009,0.04399658683638975
-0.014295912261416133,-0.006921964711350426,0.000503644960381144,-0.014799557221797276,-0.014515417188717614
0.01957943861570466,-0.004158621107493432,0.00041601557159229167,0.019163423044112365,0.019447563077192028
0.0803697814396942,6.349921218862242e-05,0.000282126386588182,0.08008765505310601,0.08037179508618568
-0.019749785737188108,0.022022522061804883,-0.00041422413168486064,-0.019335561605503246,-0.019051421572423583
-0.05036937425836452,-0.004796355216742376,0.00043623898866039946,-0.05080561324702492,-0.050521473213945255
-0.030410204719608647,0.006051112519185553,9.225101471485011e-05,-0.030502455734323496,-0.030218315701243833
-0.0007294112949679521,-0.001268524584838171,0.0003243666751367156,-0.0010537779701046677,-0.0007696379370250049
0.024087586007328188,-0.003704038628435491,0.0004016001421327165,0.02368598586519547,0.023970125898275133
0.017106252983631,0.005483064382283187,0.00011026459470176247,0.016995988388929236,0.0172801284220089
0.014716123177025198,-0.0059674054882985494,0.0004733745875031403,0.014242748589522057,0.01452688862260172
-0.09254138406599843,-0.028178764954173263,0.0011777270435087586,-0.09371911110950719,-0.09343497107642752
-0.0684931924421095,-0.0053787488495717906,0.000454707483858799,-0.0689478999259683,-0.06866375989288863
0.022058861340894076,-0.004023574358396065,0.0004117330552722777,0.0216471282856218,0.02193126831870146
0.0007993787928755047,0.00012045854325926086,0.00028032012863293707,0.0005190586642425676,0.0008031986973222305
-0.1453674586225714,0.012192216013040102,-0.00010249174000607494,-0.14526496688256532,-0.14498082684948566
0.01028043105723353,0.0014827787168125717,0.00023711910072726013,0.01004331195650627,0.010327451989585932
-0.016651276428180206,-0.016935392189468268,0.0008211843819587639,-0.01747246081013897,-0.017188320777059306
0.033866383142196144,-0.0036630286052607985,0.0004002996584505573,0.033466083483745586,0.03375022351682525
0.015468615089575088,-0.004040306703826824,0.00041226366073192984,0.015056351428843158,0.01534049146192282
-0.019713285845592954,-0.014512432962598854,0.0007443490452983053,-0.02045763489089126,-0.020173494857811596
0.03473492952616786,0.0032893427453595248,0.00017983049521018492,0.03455509903095767,0.03483923906403733
0.0026502374076233792,-0.007684786454732473,0.000527835076671465,0.002122402330951914,0.002406542364031577
0.03171803035927545,0.01658676839931239,-0.00024184898065907697,0.03195987933993453,0.03224401937301419
0.032450906336721985,-0.01471920868888299,0.0007509061851651531,0.03170000015155683,0.031984140184636495
0.019851097443269516,0.000390794428747121,0.000271747409561762,0.019579350033707754,0.019863490066787417
-0.042173520462850056,0.029504621333996228,-0.0006514916886996686,-0.041522028774150385,-0.041237888741070726
0.010160870558459711,0.009080835857702363,-3.825638214949149e-06,0.01016469619667466,0.010448836229754323
0.06370488313213185,0.013219002387319545,-0.00013505253420815772,0.06383993566634001,0.06412407569941968
-0.011820301299469649,-0.011471189788493708,0.0006479070826943327,-0.01246820838216398,-0.012184068349084318
-0.006379579262313917,0.006438699367075529,7.996010795400052e-05,-0.006459539370267917,-0.006175399337188255
0.02006420539603626,0.0048322900955937165,0.00013090153355457221,0.01993330386248169,0.020217443895561352
-0.00393392530171488,0.004863332840635781,0.00012991712583539916,-0.004063842427550279,-0.0037797023944706166
0.09478671593431609,0.011130616053760978,-6.882695961464791e-05,0.09485554289393074,0.0951396829270104
-0.005050483157154728,-0.0007131195389205036,0.00030675402478224,-0.005357237181936968,-0.005073097148857305
0.034807867820047855,0.00354113887216001,0.00017184569713435765,0.034636022122913494,0.03492016215599316
-0.002102360594472552,-0.00036434366656679096,0.00029569386690828054,-0.0023980544613808326,-0.00211391442830117
0.002808986130333757,0.0008268557718451586,0.0002579193105454862,0.002551066819788271,0.0028352068528679337
0.032212888427783026,0.015209797205957498,-0.00019818334896379026,0.03241107177674682,0.03269521180982648
-0.017639093142408635,-0.002564020390809607,0.000365448611345208,-0.018004541753753843,-0.01772040172067418
-0.031767893578373174,-0.004825492514895946,0.00043716297206390826,-0.03220505655043708,-0.03192091651735742
0.017831668462005013,-0.008331340584428193,0.0005483381885990096,0.017283330273406002,0.017567470306485665
0.058864693200242124,0.021194392772258208,-0.0003879630241700974,0.05925265622441222,0.059536796257491885
0.06750493231405263,-0.005667432349210744,0.0004638620307604146,0.06704107028329222,0.06732521031637188
0.008059583067520526,0.004850385958537151,0.00013032768909776029,0.007929255378422765,0.008213395411502428
-0.0030751010888896424,-0.0025877588476783675,0.0003662013901394544,-0.003441302479029097,-0.003157162445949434
-0.04256623477356791,-0.003083722237648967,0.0003819290646364331,-0.042948163838204344,-0.042664023805124685
0.009664923589305374,0.004416438203773465,0.0001440887633496775,0.009520834825955697,0.00980497485903536
0.01978299071046985,-0.008034932488803492,0.0005389386842393612,0.019244052026230488,0.01952819205931015
0.002503186274919411,0.02086134059079603,-0.00037740148594676945,0.0028805877608661804,0.0031647277939458435
-0.0037453444383406254,-0.0006720045633211713,0.00030545021291577174,-0.004050794651256397,-0.003766654618176734
0.018797004387081095,-0.0016465185803191673,0.00033635337948416746,0.018460651007596928,0.01874479104067659
-0.017835175754666643,0.00612227817348443,8.999425490392214e-05,-0.017925170009570567,-0.0176410299764909
-0.040075161717065044,0.00014583690635494584,0.00027951534617901697,-0.04035467706324406,-0.040070537030164395
-0.06849316346774159,0.003818756605307172,0.00016304206075751443,-0.0686562055284991,-0.06837206549541944
-0.036414531779627723,0.007121020299379444,5.832278200865773e-05,-0.03647285456163638,-0.036188714528556716
-0.044331438968379544,-0.0036413861990395313,0.00039961334827673655,-0.04473105231665628,-0.04444691228357662
-0.024334578259096573,0.002027485447987365,0.00021984570850220442,-0.024554423967598778,-0.024270283934519115
-0.02026502185720458,0.007243744595420987,5.4431027455712475e-05,-0.02031945288466029,-0.02003531285158063
-0.00795540415459095,-0.015877250249970554,0.0007876292600837232,-0.008743033414674674,-0.008458893381595011
-0.01603847674277481,0.01052407519882892,-4.959272311978063e-05,-0.01598888401965503,-0.015704743986575367
-0.00814999003577499,0.0017739084702186325,0.00022788697978739069,-0.00837787701556238,-0.008093736982482717
0.004930112207579773,0.0023892585241640507,0.0002083733915954769,0.004721738815984296,0.005005878849063959
-0.04415371889329478,0.002146971596890701,0.00021605664000470785,-0.04436977553329949,-0.04408563550021982
0.006843531244827394,1.688528477283846e-05,0.00028360457770520113,0.006559926667122193,0.006844066700201856
0.06372132292529264,-0.002690583513671685,0.00036946210032433183,0.06335186082496831,0.06363600085804798
0.02715648454331654,0.0011248494058304637,0.0002484695266052431,0.026908015016711296,0.02719215504979096
-0.013996839526197569,-0.0004392872986367369,0.0002980704315391645,-0.014294909957736733,-0.01401076992465707
0.07097788618845002,0.0009465333975153811,0.0002541241700589593,0.07072376201839106,0.07100790205147073
-0.010309303689933214,0.007759284493458862,3.808255522870811e-05,-0.010347386245161922,-0.01006324621208226
0.01711313267050585,0.003678053944041082,0.00016750393375459773,0.01694562873675125,0.017229768769830914
0.030724219016084575,0.01928286287479275,-0.00032734580800750535,0.03105156482409208,0.03133570485717174
0.012065299819228326,0.00392275298702649,0.00015974419387132765,0.011905555625356999,0.012189695658436661
-0.03576439135315679,-0.0021209574072836856,0.00035139848077615733,-0.036115789833932946,-0.03583164980085328
-0.002909088134765647,-0.008052299681943542,0.0005394894215844081,-0.0034485775563500554,-0.0031644375232703923
0.01094089118256103,0.004376080778473401,0.00014536855226452696,0.010795522630296503,0.011079662663376165
0.0021645517596426966,-0.004242126544221403,0.0004186636427083138,0.0017458881169343829,0.0020300281500140456
-0.002879766800888084,-0.011808492232419865,0.0006586034025283843,-0.0035383702034164684,-0.0032542301703368053
-0.007942282117099242,-0.0012174356326716262,0.0003227465748907786,-0.00826502869199002,-0.007980888658910357
0.011644821694133611,-0.016205413633636034,0.0007980357678713722,0.01084678592626224,0.011130925959341903
-0.030215833656141666,0.00021216287934855416,0.00027741205925293816,-0.030493245715394603,-0.03020910568231494
-0.12017803713443775,0.015357313493959523,-0.0002028612913434404,-0.11997517584309432,-0.11969103581001465
0.012647603418785902,0.002540373205550228,0.00020358133926133722,0.012444022079524565,0.012728162112604227
-0.005828530155244871,-0.0015753666901773267,0.0003340970561534031,-0.006162627211398274,-0.0058784871783186116
0.009212781760251199,-0.014284032792181156,0.0007371061648598985,0.0084756755953913,0.008759815628470963
0.02157678213828973,0.014922967493543604,-0.00018908758817956148,0.02176586972646929,0.022050009759548954
-0.01705930389834298,-0.007468562068020934,0.0005209783069153153,-0.017580282205258296,-0.017296142172178633
-0.021487621544211577,-0.001378858764733426,0.0003278655222338502,-0.021815487066445427,-0.021531347033365764
0.020270250677801638,-0.006070216944686235,0.0004766348787934343,0.019793615799008204,0.020077755832087867
-0.036423806553163796,0.02161695515261708,-0.0004013630526950795,-0.036022443500468716,-0.03573830346738905
-0.031786930811503855,0.012818562518186694,-0.00012235404064050228,-0.03166457677086335,-0.03138043673778369
-0.015084300744356627,0.0026032365675492386,0.00020158785644526728,-0.015285888600801894,-0.01500174856772223
-0.0027027644697734665,-0.001298238661417761,0.00032530894896956803,-0.0030280734187430347,-0.002743933385663372
-0.0009032769180831179,0.0005150801927265025,0.000267806138734107,-0.0011710830568172248,-0.0008869430237375621
0.1139239807778587,0.003701760406026544,0.00016675216956167123,0.11375722860829703,0.11404136864137669
-0.017045458064028796,0.0038427480627742927,0.0001622812589697588,-0.017207739322998555,-0.016923599289918892
0.0586292368518353,0.006001641860553519,9.381979666902196e-05,0.058535417055166274,0.05881955708824594
-0.028861146206459187,4.832031784740565e-05,0.0002826077299983011,-0.02914375393645749,-0.028859613903377827
0.024096401231396447,0.00091095635360805,0.0002552523665699405,0.023841148864826505,0.024125288897906168
0.0007843316770066444,-0.005122452280258649,0.0004465799706222103,0.0003377517063844341,0.0006218917394640969
-0.024294703295931308,0.006185094896691501,8.800225106745714e-05,-0.024382705546998767,-0.024098565513919104
-0.03212848390829681,0.0008368043854836138,0.0002576038264590275,-0.03238608773475584,-0.032101947701676174
0.012448100925807948,0.0025483530061645165,0.00020332828891699676,0.01224477263689095,0.012528912669970613
-0.01639342724524051,0.006030102155631267,9.291728195498771e-05,-0.0164863445271955,-0.016202204494115836
-0.005000034968058231,0.0033795554893063517,0.000176969726248268,-0.005177004694306499,-0.0048928646612268365
-0.02931318593766441,-0.0016443283858672553,0.00033628392543549906,-0.02964946986309991,-0.029365329830020246
-0.050043133396900696,0.0006126972471360848,0.000264710569004255,-0.05030784396590495,-0.05002370393282529
0.04087191643145305,0.0007713239125555216,0.00025968030142663006,0.040612236130026416,0.04089637616310608
0.043630017306775404,0.0010091453555356455,0.0002521386596054164,0.043377878647169986,0.04366201868024965
-0.030100305646238223,-0.0015082191889665975,0.00033196771744880546,-0.030432273363687028,-0.030148133330607365
0.02499999588933477,-0.0001907894500615681,0.00029019022635744446,0.024709805662977324,0.024993945696056986
0.04793941786085165,0.011314828013585299,-7.46685717198059e-05,0.048014086432571455,0.04829822646565112
-0.017656522179395284,-0.0013130618315739806,0.0003257790118813571,-0.017982301191276643,-0.017698161158196977
0.08169934793296552,0.0050071702616640845,0.00012535584533735245,0.08157399208762817,0.08185813212070783
0.053625381451725795,-0.002122957701494954,0.0003514619128295895,0.05327391953889621,0.05355805957197587
0.001433724590475416,-0.001844782063018524,0.0003426405845150019,0.001091084005960414,0.001375224039040077
0.05297063399953328,-0.001376327172630698,0.00032778524200076045,0.052642848757532515,0.05292698879061218
-0.048946313063334856,0.0037251273626697223,0.0001660111715454856,-0.04911232423488034,-0.04882818420180068
0.0007148126551423939,0.00900758006769764,-1.5025973544501524e-06,0.0007163152524968441,0.0010004552855765068
0.004999978201730038,-0.001710746243041017,0.000338390126134058,0.0046615880755959795,0.004945728108675642
0.019900546746174363,0.007384542591010179,4.996613127741768e-05,0.019850580614896945,0.020134720647976608
-0.025784029923175855,0.00137641065101346,0.0002404921769453673,-0.02602452210012122,-0.02574038206704156
-0.027896952962707333,-0.010115654884377157,0.0006049212249226489,-0.02850187418762998,-0.028217734154550318
-0.048565109639563175,-0.0012949592195925508,0.00032520495340335957,-0.048890314592966534,-0.048606174559886875
-0.03634959442658858,0.0024135455272700224,0.0002076032176530404,-0.036557197644241625,-0.03627305761116196
0.044141267179053534,0.00583628034196626,9.906363561209533e-05,0.04404220354344144,0.0443263435765211
0.03843197472741111,0.0002634624737614111,0.0002757852792545188,0.038156189448156595,0.038440329481236254
0.03848997004290888,0.00422090718967616,0.0001502893180800758,0.03833968072482881,0.03862382075790847
-0.002138256132727556,0.0022443057531671418,0.00021297004135990735,-0.0023512261740874637,-0.0020670861410078006
-0.019285746983119467,-0.017852526697772375,0.0008502679661672851,-0.020136014949286754,-0.019851874916207088
0.09395491322188554,0.007662558220206783,4.114987707499337e-05,0.09391376334481054,0.0941979033778902
-0.03928096768352152,0.01669359840810869,-0.00024523670571869715,-0.03903573097780282,-0.038751590944723156
-0.06167708416496187,-0.00272251746839014,0.0003704747695159891,-0.06204755893447786,-0.0617634189013982
0.009601190163011308,0.0023541990752451447,0.00020948517446451627,0.009391704988546792,0.009675845021626455
0.016093655142718433,0.002884262567260709,0.00019267613929430571,0.015900979003424128,0.01618511903650379
0.05759533601776501,0.006240171597036381,8.625569389628516e-05,0.05750908032386872,0.05779322035694839
-0.02927157003296832,0.004184752099316791,0.00015143584523123247,-0.029423005878199553,-0.02913886584511989
-0.030855576928144113,-0.0027857656113878804,0.00037248045426152196,-0.031228057382405635,-0.030943917349325972
-0.036902987443518054,0.0007494929370688297,0.0002603725913886504,-0.0371633600349067,-0.03687922000182704
-0.0405709951035883,0.005507371620330659,0.00010949377908177514,-0.04068048888267008,-0.04039634884959042
-0.010180118228725887,0.002384924061824778,0.00020851084329890916,-0.010388629072024796,-0.010104489038945133
0.040348042828727504,-0.003234911055292722,0.0003867234679322591,0.03996131936079524,0.04024545939387491
-0.0015208748798115623,0.006257435156610036,8.570824291275644e-05,-0.0016065831227243187,-0.001322443089644656
-0.0038080876084585213,0.003075691142146564,0.00018660567849798827,-0.0039946932869565095,-0.0037105532538768467
-0.004587115159965904,0.0019247226272978146,0.00022310445748827866,-0.004810219617454183,-0.00452607958437452
-0.021505428325737652,-0.02052856505826517,0.0009351287867971186,-0.02244055711253477,-0.022156417079455107
-0.06043952259991081,-0.006111960522950599,0.0004779586245064394,-0.06091748122441725,-0.060633341191337585
0.07602337736939657,-0.000994377240208233,0.0003156730895057151,0.07570770427989086,0.07599184431297051
-0.01863352243678007,0.01055051646463201,-5.043121166600935e-05,-0.018583091225114062,-0.018298951192034396
-0.06329115261120022,0.005561085699577806,0.00010779043248122439,-0.06339894304368145,-0.06311480301060178
0.012668886536921775,-0.015739677754675885,0.0007832666489122415,0.011885619888009534,0.012169759921089197
0.0166805515498758,0.0016152009236127807,0.00023291981221758052,0.01644763173765822,0.016731771770737883
-0.027891649763525428,0.017219001487115193,-0.00026189795284585807,-0.02762975181067957,-0.027345611777599907
0.005907147052389705,-0.0073780374502926405,0.0005181076480110795,0.005389039404378626,0.005673179437458289
-0.0008389453706231231,-0.008341232507744434,0.0005486518749581502,-0.0013875972455812734,-0.0011034572125016105
-0.028547452304272358,0.008922733898683255,1.1879902081781898e-06,-0.028548640294480537,-0.028264500261400875
0.0008643240402426144,-0.0013617034323515353,0.0003273215032819557,0.0005370025369606587,0.0008211425700403216
-0.02417959713436524,-0.018870951812180237,0.0008825636134325089,-0.025062160747797747,-0.024778020714718085
-0.022123893431876263,0.007080513662183874,5.960730263590986e-05,-0.02218350073451217,-0.02189936070143251
0.041628962009672144,-0.006049325659529536,0.0004759723876914447,0.0411529896219807,0.04143712965506036
0.0,-0.01120034817237281,0.000639318326216082,-0.000639318326216082,-0.0003551782931364192
0.03562118499209954,-0.019494949042855536,0.0009023514153742188,0.034718833576725325,0.035002973609804984
-0.015100696646282552,0.013398228752857344,-0.0001407360463291272,-0.014959960599953425,-0.014675820566873762
0.0017036165377852797,0.004310201897316901,0.0001474576612996031,0.0015561588764856765,0.0018402989095653395
-0.008503433632946034,0.014985846366661448,-0.0001910815628743326,-0.0083123520700717,-0.008028212036992038
0.022298476182188054,-0.003550567117658776,0.0003967333515290818,0.02190174283065897,0.022185882863738633
0.017617452751918616,0.00291397966743423,0.0001917337695791722,0.017425718982339446,0.01770985901541911
0.022258821231824655,0.009340748456551973,-1.2067820672434135e-05,0.02227088905249709,0.02255502908557675
0.0016129401918516528,0.003161136890789118,0.00018389607744884548,0.0014290441144028073,0.0017131841474824702
-0.03220608825065552,-0.002747836267090409,0.00037127766310181596,-0.03257736591375733,-0.03229322588067767
-0.021630633858578885,0.007060045042073693,6.0256390453690796e-05,-0.021690890249032577,-0.021406750215952914
0.005952354886210376,0.006684706201916635,7.215889621004038e-05,0.005880195990000336,0.006164336023079998
0.017751482629019488,-0.0018295015230987977,0.0003421560177851677,0.01740932661123432,0.017693466644313982
0.0008305837968038965,0.004962987972138233,0.00012675692590548683,0.0007038268708984097,0.0009879669039780724
0.0149377052823505,0.0003452097520288966,0.00027319296173753196,0.014664512320612968,0.01494865235369263
0.03679483072631129,-0.0001800552456384663,0.00028984983011739015,0.036504980896193896,0.03678912092927356
0.03312303361085189,0.002183677516658822,0.0002148926453028823,0.03290814096554901,0.03319228099862867
-0.041984746161752295,-0.0015200063176690204,0.00033234150335162524,-0.04231708766510392,-0.04203294763202426
-0.008764988739424218,-0.00400444374710851,0.00041112639753635745,-0.009176115136960575,-0.008891975103880912
0.001607753893755115,-0.0027933795260068894,0.00037272190186269,0.0012350319918924251,0.0015191720249720878
0.0,-0.007776699229565143,0.0005307497559278675,-0.0005307497559278675,-0.0002466097228482046
0.0,0.00019023558280406583,0.00027810740368687086,-0.00027810740368687086,6.03262939279197e-06
-0.013643665792414161,8.367659155239515e-05,0.0002814865344110802,-0.013925152326825242,-0.01364101229374558
0.05288849638306026,0.003925413156908419,0.0001596598362617627,0.052728836546798497,0.053012976579878156
0.0007728152400403587,-0.011017851653977395,0.0006335311130947161,0.00013928412694564263,0.00042342416002530544
0.06100385895664795,0.00573117089721964,0.00010239679924264276,0.06090146215740531,0.06118560219048497
0.018922869957273436,0.013514947433656221,-0.00014443735464430408,0.01906730731191774,0.019351447344997403
0.0014286041259765625,0.0052767819301140495,0.00011680609217468502,0.0013117980338018774,0.0015959380668815403
-0.007845977657629066,-0.0015926699031209024,0.0003346457645992918,-0.008180623422228358,-0.007896483389148695
-0.02947518705317509,0.008979584523029382,-6.148205087961245e-07,-0.029474572232666293,-0.02919043219958663
-0.09111107720269096,0.006249847099511818,8.59488705367275e-05,-0.09119702607322769,-0.09091288604014802
-0.04074979473074358,0.0035554240499382495,0.00017139269469351027,-0.04092118742543709,-0.04063704739235743
0.03908233360936131,0.002300662213150728,0.00021118290126782033,0.03887115070809349,0.03915529074117315
-0.03107106909156221,-0.00175271131343413,0.00033972089566409287,-0.0314107899872263,-0.03112664995414664
-0.030379797363931704,-0.0033793036283190636,0.0003913023530561674,-0.03077109971698787,-0.03048695968390821
-0.024368993781445747,-0.006855308680100647,0.00050153120685829,-0.024870524988304037,-0.024586384955224375
0.005352401374890459,-0.009069835815006422,0.0005717568780405712,0.004780644496849887,0.00506478452992955
-0.01419705364574364,0.0038199203649145197,0.00016300515635556213,-0.014360058802099203,-0.014075918769019539
0.030603074986014667,0.004544163641626575,0.00014003841577935205,0.030463036570235316,0.03074717660331498
-0.04716156950640893,0.008074036650198346,2.810133571023906e-05,-0.04718967084211917,-0.0469055308090395
0.0009166112760492506,-0.011111495877577093,0.0006365006989494012,0.00028011057709984943,0.0005642506101795123
0.047619001873288935,0.004895437361786659,0.0001288990477498931,0.04749010282553904,0.047774242858618705
0.010489584233828841,-0.00806733006032423,0.0005399660553511704,0.00994961817847767,0.010233758211557333
0.04930793028838987,-0.006204391417766519,0.0004808897340530845,0.04882704055433678,0.049111180587416446
-0.034624902912732014,-0.0003685605881837972,0.0002958275912353432,-0.03492073050396736,-0.03463659047088769
0.040990567094164154,0.00880379946585852,4.959563037497503e-06,0.04098560753112666,0.041269747564206316
0.02707144288269081,0.0021779408643529674,0.00021507456235965168,0.02685636832033116,0.027140508353410822
0.05750793027391787,-0.007688267521873571,0.0005279454660510129,0.05697998480786686,0.05726412484094652
0.006797594723847222,-0.01192558460112425,0.0006623165609959316,0.006135278162851291,0.006419418195930953
0.0030007473429831677,-0.0008273801774386635,0.00031037738522934297,0.0026903699577538248,0.0029745099908334875
0.0007479602817825892,0.0031831687125787322,0.00018319741837704776,0.0005647628634055414,0.0008489028964852042
-0.03288494247341067,0.0039531157988739185,0.0001587813477596869,-0.03304372382117036,-0.0327595837880907
-0.032457429384799674,0.004080919686204165,0.00015472851244960922,-0.032612157897249285,-0.03232801786416962
-0.015175760951334105,0.010592724697279676,-5.176969220227354e-05,-0.015123991259131832,-0.01483985122605217
-0.06244927079106721,-0.02278464425831217,0.0010066721305504686,-0.06345594292161769,-0.06317180288853802
-0.04757786944380582,-0.0012248353901096465,0.00032298123127609904,-0.04790085067508192,-0.047616710642002257
0.017257000584331328,-0.009733809463420173,0.0005928123866284973,0.01666418819770283,0.016948328230782492
0.035714337412192876,-0.010760206333523925,0.0006253608291227436,0.035088976583070135,0.035373116616149794
-0.0008620886683601281,-0.0009564073932939454,0.0003144690139528735,-0.0011765576823130016,-0.0008924176492333388
0.0017255827287361303,-0.004186874918536865,0.00041691153841640863,0.0013086711903197218,0.0015928112233993845
-0.03789832845776586,0.007377489898070522,5.018978177486399e-05,-0.03794851823954073,-0.03766437820646106
-0.07430616992273431,-0.013979844477308045,0.0007274599391528108,-0.07503362986188712,-0.07474948982880746
-0.0019342802193929032,0.0006687560771996282,0.00026293286716224377,-0.002197213086555147,-0.0019130730534754842
0.04166669747010143,0.012611779574887017,-0.00011579667191226345,0.041782494142013696,0.04206663417509336
-0.027906994486963987,-0.01743184580508239,0.000836927602178486,-0.028743922089142473,-0.02845978205606281
0.014354122004059722,0.0017543350239683786,0.00022850768042302904,0.014125614323636692,0.014409754356716355
-0.015094414653619381,0.003045016966140013,0.0001875783983911293,-0.015281993052010511,-0.014997853018930848
0.011494333721897787,0.005395190996116739,0.00011305117944273527,0.011381282542455053,0.011665422575534715
-0.03409096553469926,0.013423475684721353,-0.00014153666091970833,-0.03394942887377955,-0.033665288840699886
-0.04411762918430462,-0.006468448774604507,0.0004892633524306963,-0.04460689253673532,-0.04432275250365565
-0.037948706211187955,-0.002827986549257977,0.0003738193376976914,-0.03832252554888565,-0.03803838551580598
-0.015991532022868293,-0.011725787945559007,0.0006559807369656511,-0.016647512759833945,-0.016363372726754283
-0.023835246399285137,0.009184457300265958,-7.111615269917283e-06,-0.023828134784015218,-0.023543994750935555
-0.004439507307092638,0.012944354874931063,-0.0001263430875764073,-0.004313164219516231,-0.004029024186436568
0.06577481995809564,0.008282747245164312,2.1482838522593668e-05,0.06575333711957305,0.06603747715265271
0.02824262471111716,0.01011922818616795,-3.6754473029217746e-05,0.028279379184146376,0.028563519217226038
-0.04679552815027366,0.014409702179091433,-0.00017281124609557885,-0.04662271690417808,-0.046338576871098415
0.005336199716706735,-0.0013361790618444669,0.0003265120907341883,0.005009687625972547,0.00529382765905221
-0.0074309654200931385,0.0010015590452223666,0.0002523792318364583,-0.007683344651929597,-0.007399204618849934
-0.012834313832887467,0.010453846497412655,-4.736567536069912e-05,-0.012786948157526769,-0.012502808124447106
0.0021668969399348814,-0.006961116506509657,0.0005048865171224052,0.0016620104228124762,0.001946150455892139
-0.006486531850454003,-0.01809053260189253,0.0008578154575024475,-0.0073443473079564505,-0.007060207274876787
0.004352553175128504,-0.004433512667192274,0.0004247327572965963,0.003927820417831907,0.004211960450911571
0.014084520139577394,0.003105840267646931,0.00018564960867141004,0.013898870530905985,0.014183010563985647
-0.02243590233437287,-0.0067161276923011215,0.0004971175881990404,-0.02293301992257191,-0.022648879889492247
0.019672165320231638,0.005554424471774233,0.00010800166908610974,0.01956416365114553,0.01984830368422519
-0.039657008422794626,-0.008129889770918997,0.0005419499089677005,-0.040198958331762326,-0.03991481829868267
-0.013392844313413588,0.01630870818887753,-0.000233031312724877,-0.01315981300068871,-0.012875672967609048
0.002262387301373625,-0.0006708332980633891,0.000305413070499423,0.001956974230874202,0.002241114263953865
0.048532767701826796,0.013546192203295337,-0.00014542816883856598,0.04867819587066536,0.048962335903745026
0.01184065200526696,0.0009078513609139804,0.0002553508301166364,0.011585301175150324,0.011869441208229987
-0.032978667927951566,-0.0056430132712504966,0.00046308766854449,-0.03344175559649606,-0.03315761556341639
-0.0374037565325116,-0.004104971538103408,0.0004143142706871596,-0.03781807080319876,-0.0375339307701191
-0.013714272635323654,-0.020308668519432915,0.0009281555680964985,-0.014642428203420153,-0.01435828817034049
0.042873682578514316,-0.0032339665839667964,0.0003866935174603366,0.04248698906105398,0.04277112909413364
-0.032222217983669754,-0.006450532698506817,0.0004886952092595959,-0.03271091319292935,-0.03242677315984969
0.08266363534735244,-0.004132299323336697,0.00041518087197177855,0.08224845447538066,0.08253259450846032
0.00954402435580981,-0.025556664705103427,0.001094576673844857,0.008449447681964954,0.008733587715044617
0.0010503439838980277,0.005015682586245518,0.00012508590793282477,0.000925258075965203,0.0012093981090448658
0.03252890118602858,-0.047820446201610634,0.001800591503829949,0.030728309682198633,0.031012449715278296
-0.002032566814382575,-0.0005749176607442452,0.00030237145502249197,-0.0023349382694050668,-0.002050798236325404
0.017311617268536583,-0.06663446415643826,0.0023972096340338384,0.014914407634502745,0.015198547667582408
0.004004000277224362,0.0474068481332115,-0.0012191956796854496,0.005223195956909812,0.0055073359899894744
0.008973096209767384,-0.04415240397919251,0.0016842728898314712,0.007288823319935913,0.007572963353015575
0.014822191096922399,0.04629002144148742,-0.001183779584400644,0.016005970681323044,0.016290110714402707
0.010710774272078227,0.00526166928318772,0.00011728533478906262,0.010593488937289165,0.010877628970368827
-0.06262047832738393,0.021784622088531824,-0.0004066799995611158,-0.06221379832782282,-0.06192965829474315
-0.08221986379216994,-0.00973854541245922,0.0005929625700219224,-0.08281282636219187,-0.0825286863291122
0.013437836669448977,0.0009473866272851073,0.00025409711298103637,0.013183739556467941,0.013467879589547604
0.0011049976432127018,-0.0445937143129993,0.0016982674414911768,-0.000593269798278475,-0.0003091297651988121
-0.011037569187436924,-0.015008981502439234,0.0007600952756945096,-0.011797664463131434,-0.011513524430051771
0.056919668159656656,0.00025804116011829414,0.00027595719649286583,0.05664371096316379,0.05692785099624345
0.00527985103748585,0.034284877594586316,-0.0008030801244573205,0.0060829311619431704,0.006367071195022833
-0.0147059177091301,0.013119972745138542,-0.00013191216939641745,-0.014574005539733684,-0.01428986550665402
-0.0031982657361596667,-0.01556552007023193,0.000777743871571268,-0.003976009607730935,-0.003691869574651272
-0.03529410804731792,0.015121610152536658,-0.00019538681740702984,-0.03509872122991089,-0.03481458119683122
0.0343680100011039,0.028280001568408375,-0.0006126573282504551,0.034980667329354356,0.035264807362434016
0.013933560075451545,0.002347024984931334,0.00020971267463801546,0.01372384740081353,0.014007987433893193
0.021141628801125467,0.004921982065451136,0.00012805727904821856,0.021013571522077248,0.02129771155515691
0.006211223660916865,-0.01187143263889856,0.0006605993285298239,0.005550624332387041,0.005834764365466704
-0.004115222299809318,-0.025281938303220453,0.001085864725519805,-0.0052010870253291226,-0.00491694699224946
-0.03822312746842016,-0.007436289416773878,0.0005199548971955004,-0.03874308236561566,-0.038458942332535995
0.024704568407076133,0.028646463529026667,-0.0006242783360681305,0.025328846743144263,0.025612986776223926
0.037735813219785364,-0.010612179635699603,0.0006206667009525543,0.03711514651883281,0.03739928655191247
-0.017171725539842142,-0.026705492278710663,0.0011310075606728537,-0.018302733100514997,-0.018018593067435335
-0.023638186336796596,0.006965716710316983,6.324767030965053e-05,-0.023701434007106247,-0.023417293974026584
-0.0010526556717721514,0.00912006281484623,-5.0695784450985304e-06,-0.0010475860933270528,-0.0007634460602473901
0.04109592757943781,0.013479804803234297,-0.00014332293397652777,0.04123925051341434,0.041523390546493996
-0.05060728686320404,0.017187073659429952,-0.0002608854779507678,-0.05034640138525327,-0.050062261352173607
-0.030916839905637095,0.0057066970727697175,0.00010317289754430852,-0.031020012803181403,-0.03073587277010174
-0.093509391331279,-0.0098025870260805,0.0005949934168014729,-0.09410438474808047,-0.0938202447150008
0.014563093312173425,-0.0016610054537223862,0.00033681277796795126,0.014226280534205474,0.014510420567285137
0.016746453238300596,-0.02939044252863232,0.0012161509894526527,0.015530302248847943,0.015814442281927604
-0.007058872896082313,-0.031883121516435575,0.001295197234676422,-0.008354070130758735,-0.008069930097679073
0.0272512449461757,0.006082009597382809,9.127122628969448e-05,0.027159973719886005,0.027444113752965668
-0.034602097819484756,0.023336145831710953,-0.00045588093031631084,-0.03414621688916845,-0.03386207685608878
0.04898445077872582,0.010688382331855317,-5.480312606086094e-05,0.04903925390478668,0.04932339393786634
0.015945369883898275,-0.020691134941917988,0.0009402840991947832,0.015005085784703491,0.015289225817783154
-0.03475340997367993,0.008114229792425487,2.682675643535205e-05,-0.03478023673011528,-0.034496096697035614
0.013937269494084026,-0.024974129488995245,0.0010761036888478803,0.012861165805236146,0.013145305838315809
-0.04009157458738566,-0.0284510281118181,0.0011863608790045831,-0.04127793546639024,-0.04099379543331058
0.021479749727639552,0.022488442948566112,-0.00042899911749330643,0.021908748845132858,0.02219288887821252
0.010513924591326607,0.017865633700204997,-0.0002824035409041627,0.010796328132230769,0.011080468165310432
-0.009248546501051447,0.018303664125949304,-0.0002962940822126409,-0.008952252418838806,-0.008668112385759144
-0.0035005523966715746,-0.008163308930517088,0.0005430096760286373,-0.004043562072700212,-0.003759422039620549
-0.012880521916697751,0.034124984892549115,-0.0007980097091344625,-0.01208251220756329,-0.011798372174483627
0.030842143036209357,0.0005440035535435594,0.0002668889395748781,0.030575254096634478,0.03085939412971414
-0.002301439016694773,0.009794704112697561,-2.646337272385358e-05,-0.0022749756439709194,-0.0019908356108912567
-0.01960785176447344,-0.002973672247100878,0.00037843922957050513,-0.019986290994043945,-0.019702150960964282
0.05764703189625453,0.01738025794738407,-0.00026701161479940317,0.057914043511053934,0.05819818354413359
0.023359292935872134,-0.019369883187983272,0.0008983854068020257,0.02246090752907011,0.022745047562149772
0.029347876452318955,0.020418716445174567,-0.0003633652715252769,0.02971124172384423,0.029995381756923893
-0.003167971045360929,-0.01264913736003248,0.0006852614043122379,-0.0038532324496731666,-0.003569092416593504
0.021186522439583966,0.0045541787147385104,0.00013972082417248506,0.02104680161541148,0.021330941648491142
0.03319498790742981,0.01880876515031682,-0.0003123115235399407,0.03350729943096975,0.03379143946404941
0.09738958467004899,0.012872958939026846,-0.00012407902522217735,0.09751366369527116,0.09779780372835083
0.2470265081316223,-0.02004472508361621,0.0009197855623096088,0.24610672256931268,0.24639086260239235
0.054291985686349076,0.010536553156824224,-4.998841616024634e-05,0.05434197410250932,0.05462611413558899
0.01530969163401985,0.034291437858544604,-0.0008032881593611796,0.01611297979338103,0.016397119826460693
0.01782044044980502,0.0003892292585989665,0.0002717970432386026,0.01754864340656642,0.01783278343964608
-0.03569028101217142,-0.02473750308360323,0.0010685999432959831,-0.03675888095546741,-0.03647474092238774
0.06424581675280794,-0.027942247001422227,0.0011702267371377973,0.06307559001567015,0.0633597300487498
0.041338590807255216,0.016104667765514558,-0.00022656091303858397,0.0415651517202938,0.041849291753373465
0.030245778158286107,0.01878180753005876,-0.0003114566606907754,0.030557234818976882,0.030841374852056545
0.061773712863427255,-0.006280017279460592,0.0004832879331144072,0.06129042493031285,0.06157456496339251
-0.012096830900804711,0.006295743615618132,8.449342950929959e-05,-0.01218132433031401,-0.011897184297234348
0.02040818596238081,0.011735638864999398,-8.801305687672394e-05,0.020496199019257533,0.020780339052337195
0.012571389334542493,-0.036695142913972245,0.0014477929861842894,0.011123596348358203,0.011407736381437866
-0.012415311618476865,0.008624176874533207,1.0655640017767773e-05,-0.012425967258494633,-0.01214182722541497
0.03657139369419671,0.019480539941325148,-0.00033361441698310623,0.03690500811117981,0.03718914814425948
-0.02646083563322732,-0.009550141648312915,0.0005869880300933316,-0.02704782366332065,-0.026763683630240988
0.01472254989401578,0.004817163683512371,0.0001313812126807607,0.01459116868133502,0.014875308714414682
0.0898437836772894,-0.016616200730203312,0.0008110623861117872,0.08903272129117762,0.08931686132425727
0.05427544437656895,-0.016799952076269054,0.0008168893915273986,0.05345855498504155,0.05374269501812121
0.10539096941294601,-0.00039467858438069214,0.0002966558284621322,0.10509431358448387,0.10537845361756354
-0.03295254799902281,-0.018648495446902502,0.0008755092191493409,-0.03382805721817215,-0.03354391718509248
-0.07996366245250364,-0.004140841830647446,0.00041545176651175555,-0.08037911421901539,-0.08009497418593572
0.008888903959297867,-0.02209521492281885,0.000984809387459794,0.007904094571838074,0.008188234604917737
0.013705275335994083,-0.002685506857766806,0.0003693011126522179,0.013335974223341865,0.013620114256421527
-0.022694318403271962,0.029240425313361795,-0.0006431136731042398,-0.022051204730167723,-0.02176706469708806
0.025691722512057424,0.002213653490450218,0.00021394206635279287,0.02547778044570463,0.025761920478784294
0.15606935141602718,0.0433153072475978,-0.0010894473463582115,0.1571587987623854,0.15744293879546506
0.07833329836527514,-0.0019086457924624156,0.00034466579034504545,0.07798863257493009,0.07827277260800976
-0.2190881089706338,-0.00024098633145541726,0.0002917820378243608,-0.21937989100845817,-0.2190957509753785
0.015833825663985834,0.010287014543699957,-4.2075206917365274e-05,0.0158759008709032,0.01616004090398286
0.11495365923382939,0.0011057487964409862,0.0002490752329401188,0.11470458400088927,0.11498872403396893
-0.008737390167046888,0.002018354924337773,0.0002201352498410445,-0.008957525416887933,-0.00867338538380827
0.003966511699847741,-0.02114181011508598,0.0009545756226636341,0.003011936077184107,0.0032960761102637697
0.01404739618870221,0.01688335256005491,-0.00025125406828337615,0.014298650256985587,0.01458279029006525
-0.03939393213785791,-0.014914054108935981,0.000757084998774767,-0.04015101713663268,-0.039866877103553015
-0.026137895887648255,-0.00868600976072853,0.0005595852311665949,-0.02669748111881485,-0.026413341085735186
-0.0069413013254173705,-0.01134836742295231,0.0006440122182239964,-0.007585313543641367,-0.007301173510561704
0.0037279512799501813,0.0032431003656709922,0.00018129690404280067,0.0035466543759073805,0.0038307944089870432
0.04781795429518243,0.0032161498496299235,0.00018215154160757064,0.04763580275357486,0.04791994278665452
0.007089049604586339,-0.011732825699560245,0.0006562039137290162,0.006432845690857323,0.006716985723936986
-0.07347118829416566,0.029825423296426123,-0.0006616647557951825,-0.07280952353837047,-0.07252538350529081
-0.028015202637683867,0.0019495059855065833,0.000222318543449598,-0.028237521181133464,-0.0279533811480538
-0.07669759391735598,0.008265549753183832,2.2028194412772285e-05,-0.07671962211176875,-0.07643548207868908
-0.10634922060586471,0.009035052675189448,-2.373791150105185e-06,-0.10634684681471461,-0.10606270678163494
-0.020722231306627537,7.9107947907886e-05,0.0002816314123226087,-0.021003862718950144,-0.02071972268587048
-0.1910520330213462,-0.0124780022540123,0.0006798344770492178,-0.19173186749839544,-0.19144772746531577
-0.03961133994305166,0.01070708742195392,-5.539628994040641e-05,-0.039555943653111256,-0.03927180362003159
0.04513617949322679,-0.0042913365279230176,0.00042022415830545595,0.044715955334921335,0.045000095368000995
0.012658233241322536,0.015473984880403524,-0.0002065610998902189,0.012864794341212755,0.013148934374292418
-0.09852942022072808,0.00018792399994027598,0.00027818070712738616,-0.09880760092785547,-0.0985234608947758
0.007340958475340997,0.002943716919978634,0.00019079076080491457,0.007150167714536083,0.007434307747615746
0.10040483666532452,-0.002536961462655807,0.00036459053588470817,0.1000402461294398,0.10032438616251947
-0.006622527709887693,0.0022615979258335805,0.00021242168301624124,-0.006834949392903935,-0.006550809359824271
-0.04074075486924911,0.00888576974833133,2.3601737534736022e-06,-0.040743115043002584,-0.04045897500992292
0.07181469643809635,0.0003095972599744812,0.00027432228235753034,0.07154037415573881,0.07182451418881848
0.001440886449888934,0.002336608362904613,0.00021004299990779802,0.001230843449981136,0.0015149834830607987
0.020143934843871225,-0.004947922948427275,0.00044104540783647373,0.01970288943603475,0.019987029469114414
0.015514760833551744,0.003552954600872571,0.00017147100428626907,0.015343289829265475,0.015627429862345138
-0.07291661561639062,0.011107929092462498,-6.810752517685771e-05,-0.07284850809121377,-0.0725643680581341
0.020973762170062527,0.004938656879440728,0.0001275284979889119,0.020846233672073614,0.021130373705153277
0.020542900265608344,0.0006694597815233294,0.0002629105517398374,0.020279989713868508,0.02056412974694817
0.051761342554059064,0.00047134296924533636,0.0002691931056518752,0.05149214944840719,0.051776289481486854
-0.012987049389703853,-0.00102581731454221,0.0003166700970778162,-0.013303719486781669,-0.013019579453702006
-0.0422437447647801,0.008679141952454561,8.912622545652804e-06,-0.042252657387325754,-0.04196851735424609
-0.03976863295509547,-0.005753890884025226,0.00046660374863827746,-0.04023523670373375,-0.039951096670654086
-0.012048181523292234,-0.0015928775670267514,0.00033465234990454214,-0.012382833873196776,-0.012098693840117114
0.04725608925054203,-0.0025221231757218687,0.00036411999359931165,0.04689196925694272,0.04717610929002238
0.0021834561241091954,-0.0004569466961219515,0.0002986304350819193,0.0018848256890272761,0.002168965722106939
-0.012345684142522684,0.008899605562620927,1.921421240792516e-06,-0.012347605563763476,-0.012063465530683814
-0.017647111622106082,0.0010951470667548424,0.0002494114282258606,-0.01789652305033194,-0.01761238301725228
0.09431139680097944,0.014605356896842503,-0.00017901572363729714,0.09449041252461673,0.0947745525576964
-0.05061557981605047,-0.0004238741534883239,0.00029758165971694735,-0.05091316147576742,-0.05062902144268776
0.06340058409115978,0.00202338180532724,0.00021997584059928155,0.0631806082505605,0.06346474828364017
-0.04945802741128724,0.0021602108339675574,0.0002156368057678593,-0.0496736642170551,-0.049389524183975436
0.009265867207068457,0.0014741105602813498,0.00023739397977512694,0.00902847322729333,0.009312613260372993
0.11158191671836892,-0.006886302644093845,0.0005025140676639736,0.11107940265070496,0.11136354268378461
-0.01016517469750522,0.006800039312997219,6.8501526197494e-05,-0.010233676223702713,-0.00994953619062305
0.046213049863945255,-0.0009395233752043097,0.00031393359874666116,0.045899116265198596,0.046183256298278255
0.015337424030768432,-0.0053832058728249255,0.0004548488221357128,0.014882575208632719,0.015166715241712382
0.015709984342453298,0.01102570580548079,-6.550011277531602e-05,0.015775484455228615,0.016059624488308277
0.008923237554776753,0.0023489303072772305,0.00020965225427176652,0.008713585300504987,0.00899772533358465
-0.02122633976628685,0.000719922777789872,0.00026131030140791377,-0.021487650067694763,-0.0212035100346151
0.0620481178088792,-0.0033401068031253534,0.00039005936835119113,0.06165805844052801,0.06194219847360767
0.03062966200980033,0.004272002277298181,0.00014866902327049033,0.03048099298652984,0.0307651330196095
-0.014309313582285155,0.0016722378083675604,0.00023111109492939913,-0.014540424677214553,-0.01425628464413489
-0.002791693885344837,0.0013545591394890089,0.00024118511813311084,-0.003032879003477948,-0.002748738970398285
-0.09518480990163802,0.0033563334079245166,0.0001777061300726259,-0.09536251603171064,-0.09507837599863099
0.02475245187544539,-0.0047369876733168725,0.0004343563630118876,0.024318095512433503,0.024602235545513166
0.05072464853126668,0.006158039788692005,8.886020538566178e-05,0.05063578832588102,0.050919928358960684
0.050000049327982854,-0.003245756135652589,0.00038706738019925863,0.049612981947783595,0.04989712198086326
0.006020727982860352,-0.003869693865664492,0.0004068532952939044,0.005613874687566448,0.0058980147206461105
-0.049510331281982234,-0.015370160722531612,0.0007715487606160927,-0.05028188004259833,-0.04999774000951866
0.0389238884889922,0.0069006220464606915,6.531191074619298e-05,0.038858576578246005,0.039142716611325665
0.020385721598343398,0.009817931917032618,-2.719995803085164e-05,0.02041292155637425,0.020697061589453912
0.008099331253925257,0.0036312500921620305,0.00016898814763498547,0.007930343106290271,0.008214483139369934
0.08355647881989992,0.00016046065922270536,0.00027905160706101067,0.0832774272128389,0.08356156724591857
0.04152249983170453,0.018131549330308916,-0.00029083608765762643,0.041813335919362156,0.042097475952441815
-0.008068347354352579,-0.0011962619960680376,0.000322075130039903,-0.00839042248439248,-0.008106282451312818
0.038277567416790115,0.005967198922915307,9.491202912578791e-05,0.03818265538766433,0.038466795420743986
0.006912424574032849,0.0011193985360786751,0.0002486423811080455,0.006663782192924804,0.0069479222260044665
0.03844394223902481,0.00397384638616094,0.0001581239526059825,0.038285818286418825,0.03856995831949849
-0.06170117168701161,-0.003000518154814724,0.0003792905498627636,-0.06208046223687438,-0.06179632220379471
-0.030530835975908333,-0.0018711970276237277,0.0003434782390144287,-0.03087431421492276,-0.030590174181843097
-0.06395347547763208,-0.0072065416718331,0.000512669283333845,-0.06446614476096593,-0.06418200472788627
-0.028985480061493263,0.003108858515779689,0.00018555389591288175,-0.029171033957406143,-0.02888689392432648
-0.01918979775902807,0.013885824750712539,-0.00015619837942744446,-0.019033599379600627,-0.018749459346520964
0.03641304837958814,-0.0028167751776319028,0.00037346380983582637,0.036039584569752314,0.03632372460283198
-0.010487617136412553,-0.00494150905632218,0.00044084201458340793,-0.01092845915099596,-0.010644319117916298
-0.04557501706960709,-0.001607929836799582,0.0003351296778771609,-0.045910146747484254,-0.045626006714404595
0.009439204560437675,0.0036984360198231148,0.00016685759037531815,0.009272346970062358,0.00955648700314202
0.027502749813356875,0.007504645877610239,4.615749250314231e-05,0.02745659232085373,0.027740732353933397
0.011777264976464474,-0.003988635996082901,0.00041062511222440167,0.011366639864240073,0.011650779897319736
0.004761912931450674,-0.010202524371008104,0.0006076759746422444,0.004154236956808429,0.0044383769898880925
0.009478689170367538,-0.0006290422223540482,0.0003040878185777558,0.009174601351789782,0.009458741384869445
0.009911347590059405,-0.011358438273891824,0.0006443315786217339,0.009267016011437671,0.009551156044517334
0.2221073916062477,-0.017081454337735447,0.0008258162115871801,0.22128157539466053,0.2215657154277402
0.15469145693221265,0.007448895819775148,4.792540275730449e-05,0.15464353152945534,0.154927671562535
-0.053440669867549695,0.013779387810288313,-0.00015282311910118173,-0.05328784674844851,-0.05300370671536885
0.1117555808754156,-0.012475001040294531,0.0006797393044751862,0.11107584157094041,0.11135998160402007
0.036521712593410305,-0.000503600390907244,0.00030010988727638063,0.03622160270613392,0.03650574273921359
-0.040268419003798184,0.015486673802446171,-0.00020696348288791575,-0.04006145552091027,-0.0397773154878306
0.00454542514100198,-0.004055288780130728,0.00041273876277405974,0.00413268637822792,0.004416826411307583
0.028541583985016272,-0.005934396967956612,0.0004723278423722231,0.02806925614264405,0.028353396175723713
0.01827414312925235,0.0011692656800530443,0.000247061026063736,0.018027082103188617,0.01831122213626828
0.03888335228849504,-0.008407570124922548,0.0005507555311371766,0.03833259675735787,0.03861673679043753
0.0015994637458240923,0.003679773444691614,0.00016744940604736008,0.0014320143397767323,0.0017161543728563952
-0.0827211816277792,0.013644592157896263,-0.00014854856539963588,-0.08257263306237955,-0.0822884930292999
-0.06267406964120525,0.006680165568110796,7.230288589144093e-05,-0.0627463725270967,-0.062462232494017035
-0.0011144385795126555,0.002414323726029899,0.0002075785399106167,-0.001322017119423272,-0.0010378770863436093
-0.09706205884138763,-0.0038835019016946193,0.0004072911669201494,-0.09746935000830778,-0.09718520997522812
-0.000823742059227861,0.005658384242170911,0.00010470496319482103,-0.0009284470224226821,-0.0006443069893430193
-0.04534214225439959,-0.002496683664631072,0.00036331327205919547,-0.045705455526458785,-0.04542131549337912
-0.05613122822217165,-0.0076588713308223255,0.0005270132728011595,-0.056658241494972804,-0.056374101461893145
-0.0018298679968196119,-0.016147208958519288,0.0007961900183605205,-0.0026260580151801324,-0.0023419179821004693
-0.03528874741214216,0.00035058102206497743,0.00027302263145011327,-0.035561770043592275,-0.035277630010512616
0.006175822937150244,-0.004278673417828949,0.0004198225938397991,0.005756000343310445,0.006040140376390108
-0.017469350042595644,-0.006702266480503982,0.000496678030296809,-0.017966028072892454,-0.017681888039812788
-0.014896659005192547,0.002517410777005402,0.00020430950914063933,-0.015100968514333186,-0.014816828481253524
-0.0468292236328125,-0.0033873413051768164,0.0003915572387350037,-0.047220780871547505,-0.04693664083846784
0.02814734960546983,-0.01111286391927968,0.0006365440814147842,0.027510805524055045,0.027794945557134708
-0.10253854904411364,-0.005745837446504476,0.0004663483631673547,-0.10300489740728098,-0.10272075737420133
0.016084248315836547,-0.004403818556987793,0.0004237911166246887,0.015660457199211858,0.01594459723229152
0.025655088893691946,-0.015051375861739213,0.0007614396585603851,0.02489364923513156,0.025177789268211223
-0.03352852780303084,-0.007387777046316768,0.0005184165038643485,-0.034046944306895185,-0.033762804273815526
0.0033039353770112356,0.016035901237667627,-0.00022438023279456828,0.0035283156098058037,0.003812455642885467
0.05598246411656316,0.0004863370186602989,0.00026871762392608866,0.05571374649263707,0.05599788652571673
-0.05769234010167834,0.0016937032123527374,0.0002304303977375257,-0.05792277049941587,-0.0576386304663362
-0.04191937985181171,0.001380031526917458,0.00024037735403955682,-0.042159757205851266,-0.041875617172771606
0.039147862117038246,-0.002165632329979128,0.0003528151834129654,0.03879504693362528,0.03907918696670494
0.06537398088931701,0.011078977592776207,-6.718943369576598e-05,0.06544117032301278,0.06572531035609244
0.01404058576135947,-0.014334892170861036,0.000738718985017941,0.013301866776341528,0.013586006809421191
0.008205120380108122,-0.0022766655169013106,0.0003563361969748289,0.007848784183133293,0.008132924216212955
-0.046286869505337,-0.024642584749729912,0.0010655899536694434,-0.047352459459006443,-0.047068319425926784
-0.0037333170572916297,0.00010955419561042845,0.00028066592034637966,-0.00401398297763801,-0.0037298429445583466
0.026766594851792558,0.005726850663809513,0.0001025337997273549,0.026664061052065202,0.026948201085144865
-0.030239828700604376,0.023049400920118535,-0.0004467878586816125,-0.029793040841922764,-0.0295089008088431
-0.04032257981818044,-0.00010646449242102118,0.0002875161671172641,-0.0406100959852977,-0.04032595595221804
0.038095254377792376,0.008114163624478143,2.682885471106956e-05,0.0380684255230813,0.03835256555616097
-0.03130058835475691,-0.012620113782869202,0.0006843410271561961,-0.03198492938191311,-0.03170078934883344
-0.011699219102813019,0.011650737147309576,-8.532070778995149e-05,-0.011613898395023067,-0.011329758361943405
0.006200710922818153,-0.007023250955987548,0.0005068568851298002,0.005693854037688353,0.005977994070768016
0.048179198018152514,0.010814652782245693,-5.880733399734684e-05,0.04823800535214986,0.048522145385229525
-0.004810168340090737,0.010337815429059649,-4.3686172172568765e-05,-0.004766482167918168,-0.004482342134838505
-0.024704670842551235,0.0014447466011910937,0.00023832515090560396,-0.02494299599345684,-0.024658855960377177
0.04240090662078955,0.009815695418065262,-2.71290356029412e-05,0.042428035656392485,0.04271217568947215
-0.005282640246042969,-0.0016863570122068738,0.0003376167104111479,-0.005620256956454117,-0.005336116923374454
-0.02124267765007759,-0.022261677039013494,0.000990088127851787,-0.02223276577792938,-0.021948625744849716
0.018448190285292876,0.007174604262178752,5.662356157786001e-05,0.018391566723715017,0.01867570675679468
0.010122462550627986,-0.015954853497705423,0.0007900901647491962,0.009332372385878791,0.009616512418958454
-0.05116030380765557,0.004772721486371312,0.00013279053527331448,-0.051293094342928884,-0.051008954309849225
0.05780994601217282,0.008984905521485453,-7.835566159530589e-07,0.05781072956878877,0.05809486960186844
-0.1192853586892757,-0.002109799583246086,0.00035104465098124375,-0.11963640334025695,-0.11935226330717728
0.0865154436628286,0.02492023877666627,-0.000506114674812441,0.08702155833764104,0.0873056983707207
0.06589790352942271,0.0024593113157624913,0.00020615192217627185,0.06569175160724644,0.06597589164032609
0.058732581072144185,0.0062321108631679945,8.651131074432768e-05,0.058646069761399855,0.05893020979447952
-0.014598503561962128,-0.0046870230309741245,0.00043277191616154385,-0.015031275478123673,-0.01474713544504401
0.003950613516348289,-0.00943264946713962,0.000583262193027932,0.0033673513233203572,0.00365149135640002
-0.077225759995872,-0.0016388318166757898,0.0003361096217412312,-0.07756186961761323,-0.07727772958453356
-0.006929694377886597,-0.008125926498228409,0.0005418242281935127,-0.00747151860608011,-0.007187378573000447
-0.0026838024322535237,-1.4923577632885987e-05,0.00028461328004927145,-0.002968415712302795,-0.0026842756792231325
0.019375705695899414,-0.004987097282612596,0.0004422876793209458,0.018933418016578468,0.01921755804965813
0.04435058758722921,0.01649736234989274,-0.0002390137930791703,0.044589601380308375,0.04487374141338804
0.0,-0.002314313728559836,0.00035753007303570856,-0.00035753007303570856,-7.339003995604577e-05
0.02527805776759018,0.007409672577889825,4.9169225171545936e-05,0.025228888542418632,0.025513028575498295
-0.02712037109403842,0.006680490923747229,7.229256842114162e-05,-0.027192663662459562,-0.0269085236293799
0.007095859110253233,0.002717099891568653,0.0001979770953819809,0.006897882014871252,0.007182022047950915
0.027176597150035287,-0.010061659913606968,0.0006032089708693855,0.0265733881791659,0.026857528212245563
0.035766758828706724,-0.00890905606969361,0.0005666583333674717,0.035200100495339254,0.03548424052841891
0.024124893264261926,-0.009040932945028057,0.0005708403286737416,0.023554052935588186,0.02383819296866785
0.039260988288526866,-0.000313861457302278,0.00029409300730602703,0.03896689528122084,0.0392510353143005
0.0,0.016540974699349675,-0.00024039680007157717,0.00024039680007157717,0.00052453683315124
-0.005777740478515647,0.01908056557933535,-0.0003209306852808829,-0.005456809793234764,-0.005172669760155102
-0.0706303023885001,-0.0004833595887074882,0.00029946802387478084,-0.07092977041237487,-0.07064563037929522
0.012025011495467641,-0.0043168283608459035,0.0004210325390421194,0.011603978956425521,0.011888118989505184
0.02614064701179042,-0.0028999798130677767,0.0003761023421332461,0.025764544669657174,0.026048684702736837
0.002315851630716903,-0.0075036694675360005,0.0005220916103630578,0.0017937600203538453,0.002077900053433508
-0.003234736450949627,0.01904028588598905,-0.00031965336135214237,-0.0029150830895974846,-0.002630943056517822
-0.006490467854852633,0.0023292692665812798,0.0002102757326465637,-0.006700743587499196,-0.006416603554419534
0.015865615853760673,0.005106758007594747,0.00012219778229568697,0.015743418071464985,0.016027558104544648
-0.027560880516920405,0.0006208264404641284,0.00026445278121351893,-0.027825333298133925,-0.027541193265054262
0.06282474817727479,0.0004136855394443195,0.00027102150126852856,0.06255372667600627,0.06283786670908592
0.017777760823567634,0.002188441817939202,0.00021474156282127454,0.01756301926074636,0.017847159293826024
0.024454125557680895,-0.0012519007957618733,0.000323839512146895,0.024130286045534,0.024414426078613664
0.01960788617957565,-0.00012814640056846294,0.0002882037299509575,0.019319682449624693,0.019603822482704356
-0.09030099667737002,0.0011396405267545262,0.00024800048001825026,-0.09054899715738826,-0.09026485712430861
-0.06709563310957345,0.007100510313353237,5.897318159596776e-05,-0.06715460629116941,-0.06687046625808975
-0.03743834236928034,0.0018721339981915275,0.00022477211453222911,-0.03766311448381257,-0.03737897445073291
-0.02251793825188475,-2.1174829462955458e-05,0.00028481151575773334,-0.022802749767642485,-0.022518609734562822
0.013612577156494554,-0.003497536135912971,0.0003950516668805381,0.013217525489614017,0.01350166552269368
0.003099145870393505,0.0002264032488046297,0.0002769604777450064,0.0028221853926484984,0.003106325425728161
0.014418160944669856,-0.008072242646582573,0.0005401218401513633,0.013878039104518493,0.014162179137598156
-0.06345177419239278,0.006454730908207917,7.945172595300224e-05,-0.06353122591834579,-0.06324708588526612
-0.0010840356063207546,-0.0004890148137838279,0.00029964735876321504,-0.0013836829650839696,-0.0010995429320043069
-0.01410744571766609,-0.0008081822874276279,0.0003097685939934813,-0.01441721431165957,-0.014133074278579908
-0.008805715285651439,0.0008443492265819419,0.0002573645692732643,-0.009063079854924702,-0.00877893982184504
0.01554695630689018,-0.00780580496271055,0.0005316727383619822,0.015015283568528198,0.015299423601607862
-0.014215430063817425,0.0050732955705157234,0.00012325892174447917,-0.014338688985561903,-0.01405454895248224
0.10371596564995356,-0.0011659590635981765,0.0003211141827848684,0.10339485146716869,0.10367899150024835
-0.0844221275065461,-0.0010676612969652277,0.0003179970267434222,-0.08474012453328952,-0.08445598450020986
0.006586215354324576,0.020435540463669577,-0.0003638987840626364,0.006950114138387213,0.007234254171466875
0.019629258852583265,0.0040499740579702515,0.00015570984046254252,0.01947354901212072,0.019757689045200384
0.03582887962345871,-0.006147829935223559,0.0004790960924164408,0.03534978353104227,0.035633923564121935
-0.033040850246158215,0.0031349558295050706,0.0001847263145554298,-0.03322557656071364,-0.03294143652763398
-0.012279740942741424,0.002092692232889659,0.00021777791255460718,-0.012497518855296031,-0.012213378822216368
0.024324365564294848,0.01630974737217783,-0.00023306426664248528,0.02455742983093733,0.024841569864016994
-0.02638522321211989,0.003958951318527193,0.00015859629548469362,-0.026543819507604583,-0.02625967947452492
-0.009756113698236146,-0.003124690820504483,0.00038322823418963795,-0.010139341932425784,-0.009855201899346121
0.03229338466366438,-0.0012797755200721905,0.0003247234576144661,0.031968661206049916,0.03225280123912958
0.01590663983838314,0.001185553958514829,0.0002465445025723987,0.015660095335810743,0.015944235368890405
0.027139898846810562,-0.0005407337436069692,0.00030128743645854386,0.026838611410352018,0.02712275144343168
-0.016260146842582257,-7.531901909729743e-05,0.0002865285017443847,-0.01654667534432664,-0.016262535311246978
0.04855364654308847,-0.002232653981520283,0.0003549405312531592,0.04819870601183531,0.04848284604491497
-0.0059112776549119506,-0.0105018557847808,0.000617168181401329,-0.00652844583631328,-0.006244305803233617
-0.15213080517331923,-0.0057367349435899495,0.00046605971040418205,-0.1525968648837234,-0.15231272485064376
0.07422551169558056,0.009648981834660786,-2.1842320843277292e-05,0.07424735401642384,0.0745314940495035
-0.011969495288340126,-0.004477753072888002,0.0004261356808076198,-0.012395630969147746,-0.012111490936068083
-0.025330346274105797,0.002651506710448004,0.000200057144479855,-0.025530403418585652,-0.02524626338550599
0.02203386287219966,0.0008722869484341089,0.0002564786260678514,0.02177738424613181,0.022061524279211472
0.010503069787450192,0.0036244096381636837,0.00016920506774657665,0.010333864719703616,0.010618004752783279
-0.0021882338087966247,0.007174435557619541,5.662891142917383e-05,-0.0022448627202257985,-0.001960722687146136
0.05866226470674052,-0.00032158936312698394,0.0002943380697235605,0.05836792663701696,0.05865206667009662
0.020196856954083575,-0.0034567355331607263,0.0003937578242051627,0.01980309912987841,0.020087239162958074
0.005583690291518284,-0.00989094181235195,0.0005977952673953441,0.00498589502412294,0.005270035057202603
0.06360425355124533,-0.006188030354815854,0.00048037090246648716,0.06312388264877884,0.06340802268185851
0.020408178044796443,0.00019538952303133073,0.00027794396522364857,0.020130234079572793,0.02041437411265246
-0.0004651269247365475,-0.0029661372528556607,0.0003782002846418635,-0.0008433272093784109,-0.0005591871762987481
0.001861373473865946,0.008077922524027725,2.7978109359341633e-05,0.0018333953645066044,0.002117535397586267
-0.016720882437075923,0.010269933278491461,-4.153353673640349e-05,-0.01667934890033952,-0.016395208867259856
0.0014171320990736813,0.004117058019306619,0.0001535825166938893,0.001263549582379792,0.0015476896154594548
0.008962199050536412,-0.0024437290975140025,0.00036163401062259016,0.008600565039913821,0.008884705072993486
0.016362804649686202,-0.016571304555192734,0.0008096386672627657,0.015553165982423437,0.0158373060155031
-0.015179389474716753,0.00043958226653084687,0.00027020028078655276,-0.015449589755503305,-0.015165449722423643
-0.020084087260176076,-0.01444390628760639,0.0007421759711149354,-0.020826263231291012,-0.02054212319821135
-0.06768351321625354,-0.0030853828766044256,0.0003819817257591624,-0.06806549494201271,-0.06778135490893304
-0.012781186443041381,0.002995542646406335,0.00018914729644381995,-0.012970333739485201,-0.012686193706405538
-0.013982317860300464,-0.0007289817322603254,0.00030725703653411885,-0.014289574896834583,-0.01400543486375492
-0.0315126235619253,0.00015587969925845435,0.00027919687553981047,-0.03179182043746511,-0.03150768040438545
0.009219092807506213,0.010926475234507071,-6.23533762379347e-05,0.009281446183744147,0.00956558621682381
0.050510402787742326,-0.009379454163327194,0.0005815752975028827,0.04992882749023944,0.05021296752331911
-0.0005114231162858252,0.002163809008205897,0.0002155227027627819,-0.000726945819048607,-0.0004428057859689442
-0.048106473388680904,0.007853184882181896,3.510484602911742e-05,-0.04814157823471002,-0.04785743820163036
-0.011290375672814434,-0.023705000038029778,0.0010358578656622266,-0.012326233538476662,-0.012042093505396999
-0.02011957282027088,-0.01220484261628385,0.0006711722129491189,-0.02079074503322,-0.020506605000140336
0.025527140554231886,0.001698692425988746,0.0002302721829788362,0.02529686837125305,0.025581008404332712
-0.014610414743062128,0.00013048788935265954,0.00028000208441039096,-0.01489041682747252,-0.014606276794392857
0.0005491614159587321,-0.0039854205221913075,0.00041052314516847944,0.0001386382707902527,0.0004227783038699155
0.0027443000161109232,-0.013852035718884714,0.0007234069493737379,0.0020208930667371854,0.002305033099816848
0.020251719902258714,-0.0015935449138314572,0.00033467351238050967,0.019917046389878203,0.020201186422957866
0.007510799441056593,0.00483994963594836,0.0001306586390991943,0.007380140801957398,0.007664280835037061
0.007454706311485371,0.019862053761098286,-0.00034571273975214493,0.007800419051237515,0.008084559084317178
-0.04598313085228134,0.0006633863793055195,0.0002631031475948996,-0.04624623399987624,-0.045962093966796576
-0.05872573466739961,0.002320181125065268,0.0002105639299902321,-0.058936298597389844,-0.05865215856431018
0.059446747644974485,0.013026314842639719,-0.00012894214976521325,0.0595756897947397,0.05985982982781936
-0.04333337148030603,-0.0020295818770267315,0.00034850083827686845,-0.04368187231858289,-0.043397732285503234
-0.03193956207849613,-0.0052265872985560735,0.0004498822338630836,-0.03238944431235921,-0.03210530427927955
0.016796681785484324,0.007856028682432292,3.5014665250501266e-05,0.016761667120233824,0.017045807153313487
-0.012979422466112722,0.004269642628790704,0.00014874385093802258,-0.013128166317050745,-0.012844026283971082
-0.026897720735422626,0.00016250753698754394,0.00027898669777965746,-0.027176707433202284,-0.02689256740012262
-0.035626588017047545,-0.004745224843287543,0.00043461757488900347,-0.03606120559193655,-0.03577706555885689
0.027388494058943058,-0.0017098123935156417,0.00033836051249389574,0.02705013354644916,0.027334273579528827
-0.05951637535156773,0.0015848622233496368,0.00023388189371804853,-0.05975025724528578,-0.05946611721220611
0.0547132445307692,0.0033065906083264984,0.00017928354198742962,0.05453396098878177,0.05481810102186143
0.0006250143051147461,0.0029209195962771606,0.00019151369498479485,0.00043350061012995125,0.0007176406432096141
-0.05371646458818491,0.0003385605486661003,0.00027340381703102543,-0.053989868405215934,-0.053705728372136274
0.013861389005589198,0.0065488820784729285,7.646606412920213e-05,0.013784922941459995,0.014069062974539658
-0.02083331393077925,0.0004482397633895907,0.00026992573977141656,-0.021103239670550666,-0.020819099637471004
0.009973378916936726,-0.0063214251654488685,0.0004846010335681931,0.009488777883368533,0.009772917916448196
-0.08426594919885388,-0.004135401260425775,0.000415279238621079,-0.08468122843747497,-0.0843970884043953
0.04313446355510586,0.011870590853387819,-9.229256820561245e-05,0.04322675612331148,0.043510896156391136
-0.035837384532125816,0.011486656421599406,-8.011748453318939e-05,-0.03575726704759263,-0.03547312701451296
-0.04145817964225007,-0.007589201039747917,0.0005248039329944593,-0.04198298357524453,-0.04169884354216487
0.01864280408983343,0.00548810949285139,0.00011010460737523287,0.018532699482458198,0.01881683951553786
-0.006588591039035752,-0.009378687628036508,0.0005815509896249503,-0.007170142028660701,-0.006886001995581039
0.024318344224570465,-0.002440296594621194,0.00036152516128149014,0.023956819063288975,0.024240959096368638
0.017266239667556027,-0.00478746019469678,0.0004359569153981273,0.0168302827521579,0.017114422785237563
-0.0035360812956750642,-0.001218442012279497,0.000322778488558628,-0.0038588597842336924,-0.0035747197511540292
-0.03264726991947442,-0.011049941573072375,0.0006345487281291446,-0.033281818647603566,-0.0329976786145239
0.026412300341496664,0.016941941334216226,-0.00025311199809799573,0.02666541233959466,0.026949552372674324
-0.11937098667732626,0.025403420320955883,-0.0005214370195766079,-0.11884954965774966,-0.11856540962466999
0.0,-0.0020856174946130013,0.00035027780401961463,-0.00035027780401961463,-6.61377709399518e-05
-0.0657467115265169,0.004865096315322948,0.00012986120365157615,-0.06587657273016848,-0.06559243269708881
0.025195478374130387,-0.0031231161538831653,0.0003831782993667011,0.024812300074763687,0.02509644010784335
-0.046610184902091234,-0.003242371304872038,0.000386960042605758,-0.04699714494469699,-0.046713004911617326
0.08266669379340263,0.002655865938542279,0.00019991890742060574,0.08246677488598203,0.0827509149190617
0.02216744641415347,0.007597415119266371,4.321565351743473e-05,0.022124230760636035,0.022408370793715698
-0.06907627870301214,-4.7513986152325494e-05,0.0002856467662849142,-0.06936192546929705,-0.06907778543621738
0.0017255827287361303,-0.0009306715612543703,0.00031365289567194285,0.0014119298330641874,0.0016960698661438501
0.021533161704808235,0.0011286697641588184,0.0002483483778401019,0.021284813326968133,0.021568953360047795
0.002529568930351278,0.00019699191031485874,0.00027789315134076314,0.002251675779010515,0.002535815812090178
0.015138717098738486,0.005642922184040833,0.0001051952861142963,0.01503352181262419,0.015317661845703852
-0.0704224895846437,0.0034032703971196288,0.00017621769422663998,-0.07059870727887034,-0.07031456724579067
0.04188942087066039,0.004428106846314561,0.0001437187348043874,0.041745702135856,0.04202984216893566
-0.013686899328944513,0.001507477027169024,0.00023633588367179425,-0.013923235212616307,-0.013639095179536645
-0.011274945138911918,6.614683421224399e-06,0.0002839302724605257,-0.011558875411372444,-0.011274735378292782
0.021929825295224914,0.005445481690718124,0.0001114563930312535,0.02181836890219366,0.022102508935273324
-0.06437768451142811,-0.0018496216125600817,0.0003427940532214444,-0.06472047856464956,-0.0644363385315699
-0.02201832839609985,0.005105995170664235,0.00012222197289358185,-0.02214055036899343,-0.02185641033591377
0.006566575593452084,-0.0038996213232838084,0.00040780233573010807,0.006158773257721976,0.006442913290801639
0.028891000264860134,-0.0025633010773032927,0.00036542580093436446,0.02852557446392577,0.028809714497005433
0.01086955488892416,0.010052705569688847,-3.464495027042557e-05,0.010904199839194585,0.011188339872274248
0.0017921557380942144,-0.011538744820964397,0.0006500493447701582,0.0011421063933240562,0.0014262464264037191
-0.05903397400683086,0.010416510240551347,-4.6181691811257976e-05,-0.0589877923150196,-0.05870365228193994
-0.04752851504212663,0.0005491705981217621,0.0002667250855548421,-0.04779524012768147,-0.047511100094601806
-0.02195611347086801,-0.0018053993582290984,0.00034139170531491533,-0.022297505176182925,-0.022013365143103262
-0.01734694622298749,0.005657940611518475,0.00010471903132694426,-0.017451665254314436,-0.017167525221234773
-0.009345810126515808,-0.000606117484177382,0.00030336084391135467,-0.009649170970427163,-0.0093650309373475
-0.015723230516778486,0.001595272232703504,0.00023355177814512725,-0.015956782294923613,-0.01567264226184395
-0.07028762267892286,0.000592263093356804,0.0002653585638477469,-0.07055298124277061,-0.07026884120969094
-0.016036586138534203,0.0006906716689645265,0.00026223789390281144,-0.016298824032437015,-0.016014683999357352
0.07916185018587218,-0.0010450813177572682,0.00031728098485341017,0.07884456920101877,0.07912870923409844
-0.03128380811291831,0.007336475471722448,5.14904050876473e-05,-0.031335298518005955,-0.031051158484926296
0.015590239472093481,-0.012404137955230099,0.0006774921395467201,0.014912747332546761,0.015196887365626424
0.03070172549174588,-0.006303057332801343,0.0004840185645816972,0.030217706927164183,0.030501846960243845
0.002127708359077385,0.008772467921830174,5.953128965810852e-06,0.0021217552301115742,0.002405895263191237
-0.05626324083637424,-0.018309580659152336,0.0008647617696969465,-0.05712800260607118,-0.056843862572991524
0.06524183366783443,0.006109463971145868,9.040061071040873e-05,0.06515143305712402,0.06543557309020367
-0.011615692423425306,0.012725994077109837,-0.00011941856931461296,-0.011496273854110693,-0.01121213382103103
0.013888901624924621,-0.0008640799292052304,0.00031154118433543974,0.013577360440589182,0.013861500473668844
-0.0031611942776323954,0.002323855425648391,0.00021044741291509307,-0.0033716416905474884,-0.0030875016574678257
-0.021141628801125578,0.00461072337316093,0.0001379277160516147,-0.02127955651717719,-0.02099541648409753
-0.01727860080532939,0.00956601649469957,-1.921137693123063e-05,-0.01725938942839816,-0.016975249395318498
-0.019780252486836902,0.001084512714484509,0.00024974865801817233,-0.020030001144855075,-0.019745861111775412
-0.014574003736436025,0.0018164914425815581,0.00022653661574443656,-0.014800540352180461,-0.014516400319100798
-0.028441410817400925,0.004481139122655131,0.00014203700910248075,-0.028583447826503405,-0.028299307793423743
-0.004683836303477906,0.0032490857396794137,0.00018110709968213463,-0.004864943403160041,-0.004580803370080378
-0.028235267190372282,-0.0024032529493148713,0.00036035045684293485,-0.028595617647215216,-0.028311477614135553
-0.0072639731179307,0.00131405176760091,0.00024246966205846357,-0.007506442779989164,-0.0072223027469095
0.0012195401359078595,0.005602990523162488,0.00010646157345952872,0.0011130785624483307,0.0013972185955279937
-0.025578567255935214,-0.0016184626244926115,0.0003354636869184161,-0.02591403094285363,-0.025629890909773967
0.05624997615814209,-0.005510332450180511,0.00045888017902413585,0.05579109597911795,0.05607523601219762
-0.048520693096650525,-0.0024225306518709244,0.0003609617790432875,-0.04888165487569381,-0.048597514842614147
0.3830845694427327,0.006697492376419811,7.175342920438208e-05,0.3830128160135283,0.383296956046608
-0.053956783630420335,-0.008282433828555424,0.0005467872887692546,-0.05450357091918959,-0.05421943088610993
-0.0028517761730102453,0.007174256352702191,5.6634594261143536e-05,-0.002908410767271389,-0.0026242707341917262
0.0057197732055149775,-0.0033400389194234714,0.00039005721566656064,0.005329715989848417,0.00561385602292808
0.015165862039758338,0.0077851108025177584,3.726356779828349e-05,0.015128598471960054,0.015412738505039717
0.0046685518727145325,-0.0005883499068413123,0.00030279740983821035,0.004365754462876322,0.004649894495955985
0.029739747957001184,0.00405666949441863,0.00015549751905494518,0.029584250437946238,0.0298683904710259
-0.015342967280191577,-0.0044735804606589324,0.00042600336159158897,-0.015768970641783165,-0.015484830608703504
-0.01741517718062746,0.005172264111710456,0.0001201204945282206,-0.017535297675155683,-0.01725115764207602
-0.01585821567717771,-0.010546128701639845,0.0006185721358856149,-0.016476787813063328,-0.016192647779983665
0.020853105502501856,0.004048451943253761,0.00015575810879301231,0.020697347393708845,0.020981487426788507
-0.01114213873100589,-0.00429489561132812,0.00042033702168697764,-0.011562475752692869,-0.011278335719613206
-0.0009388991141483505,0.006302737952936344,8.42716295480778e-05,-0.0010231707436964283,-0.0007390307106167654
0.008458571053529651,0.0035443321494683655,0.00017174443396231713,0.008286826619567334,0.008570966652646997
0.004659850220687156,0.01218913260513399,-0.00010239396094239927,0.004762244181629556,0.005046384214709218
0.010204138504300797,0.0035522505198095633,0.00017149333165559187,0.010032645172645205,0.010316785205724868
-0.019283749451462273,-0.002836767069231527,0.0003740977799433305,-0.019657847231405602,-0.01937370719832594
0.22846437365744476,-0.022966290584432447,0.0010124323829170012,0.22745194127452775,0.22773608130760742
0.05640242207110591,0.014307223290395576,-0.00016956150097968215,0.05657198357208559,0.05685612360516525
0.0007215172532142322,-0.014327681394279534,0.0007384903214729342,-1.6973068258701956e-05,0.00026716696482096086
0.11463591677771667,-0.006701003439812281,0.0004966379775564712,0.1141392788001602,0.11442341883323986
-0.029754206792492854,0.008847902373522176,3.5609997763152296e-06,-0.02975776779226917,-0.029473627759189505
0.10000000000000009,0.004661629963028435,0.0001363133987625205,0.09986368660123757,0.10014782663431723
0.10242427479137084,0.01041921875000007,-4.626758233431462e-05,0.10247054237370515,0.10275468240678481
-0.023639378370038044,6.340190171760796e-06,0.00028393897701527003,-0.023923317347053316,-0.02363917731397365
-0.052927957316631136,0.0040347322693841114,0.0001561931783348173,-0.053084150494965954,-0.05280001046188629
0.029726516591665364,-0.0018421130247733286,0.00034255594567756087,0.029383960645987802,0.029668100679067465
-0.0005773804306027364,0.007186011722218666,5.6261815485359737e-05,-0.0006336422460880961,-0.0003495022130084333
0.07279031009567039,0.002484899676771457,0.0002053404804025473,0.07258496961526784,0.0728691096483475
-0.057081286126128616,-0.009307883608932754,0.000579305697758533,-0.05766059182388715,-0.057376451790807484
0.011421979039208274,0.009407983261396247,-1.4199927894141193e-05,0.011436178967102415,0.011720319000182078
-0.006211107210015165,0.010534666895180678,-4.992860023482574e-05,-0.00616117860978034,-0.005877038576700677
0.11704542166438059,0.0019077786269059427,0.00022364177481497857,0.11682177988956562,0.11710591992264527
-0.038657183864722944,0.005230269513137653,0.00011828106425743466,-0.03877546492898038,-0.038491324895900715
-0.02592591433905378,0.004139081299929126,0.00015288412847413188,-0.026078798467527912,-0.02579465843444825
-0.017381841253475083,-0.0036871039064235722,0.00040106311903608015,-0.017782904372511163,-0.0174987643394315
0.03648423669679701,0.004321655306021466,0.00014709445811237406,0.03633714223868464,0.036621282271764304
-0.041600036621093794,4.2889368592202715e-05,0.0002827799527950291,-0.04188281657388882,-0.04159867654080916
0.06510852092378538,0.010142153479971716,-3.7481465315310875e-05,0.06514600238910069,0.06543014242218036
0.007837070567516813,0.0051141362697153525,0.00012196380755615397,0.007715106759960659,0.007999246793040322
-0.02799382529280614,-0.005009741163373271,0.0004430057476162154,-0.028436831040422356,-0.028152691007342693
0.012799987792968759,0.010300096519028301,-4.2490054170010066e-05,0.012842477847138769,0.013126617880218431
0.007898874162095115,-0.000707617924973758,0.0003065795611119123,0.007592294600983203,0.007876434634062866
0.03396037338592839,0.001722386289245481,0.0002295208183087545,0.03373085256761964,0.0340149926006993
0.07377458397827219,-0.008273657594813577,0.0005465089824458597,0.07322807499582633,0.073512215028906
0.021176506491268343,-0.002923832356719225,0.00037685873877473446,0.02079964775249361,0.021083787785573273
-0.03963136313895077,-0.0005513654411685165,0.0003016245820664248,-0.039932987721017194,-0.039648847687937534
-0.00047985742843648094,0.006340981548631053,8.305887304861905e-05,-0.0005629163014851,-0.0002787762684054372
-0.005760962058229735,-0.007047981897774669,0.0005076411369723699,-0.006268603195202105,-0.005984463162122442
-0.010139985212751834,0.00367034439193481,0.0001677484141507256,-0.01030773362690256,-0.010023593593822896
0.047804855718845296,-0.014307241527974024,0.0007378421454774562,0.04706701357336784,0.0473511536064475
-0.004189951327090102,0.005935988427895333,9.590175642520171e-05,-0.004285853083515304,-0.004001713050435641
-0.03412807681470109,-0.005510807488524838,0.0004588952431369398,-0.034586972057838034,-0.03430283202475837
-0.032429820002049525,-0.013779732742503992,0.0007211141235307938,-0.03315093412558032,-0.03286679409250066
0.02151077089040543,0.008490293972530871,1.4901249161475901e-05,0.02149586964124395,0.021780009674323614
-0.053379047429744975,0.012831541229424204,-0.0001227656132482021,-0.053256281816496776,-0.05297214178341711
-0.0077599389095865945,-0.00034681344994402785,0.00029513795986659203,-0.008055076869453186,-0.007770936836373523
0.02606882127447485,-0.010153367167240024,0.0006061171327686702,0.02546270414170618,0.025746844174785843
0.05487804405277452,-0.008369555515669425,0.0005495500361096133,0.05432849401666491,0.05461263404974457
0.012042389077250304,0.014784291377196501,-0.00018468997968160025,0.012227079056931904,0.012511219090011566
0.005711515020347724,-0.005885016114436148,0.0004707619082604354,0.005240753112087288,0.005524893145166951
0.011358338286753034,0.007567364431436019,4.4168601751444736e-05,0.011314169685001589,0.011598309718081252
0.010294773266952495,0.007791157767295331,3.707181031045362e-05,0.010257701456642041,0.010541841489721704
-0.022695681688516767,-0.013851474486292426,0.0007233891519239521,-0.023419070840440717,-0.023134930807361054
-0.011848341018019792,-0.02501035094286319,0.0010772523204762676,-0.01292559333849606,-0.012641453305416397
0.03597122236345651,0.002669776576555538,0.00019947778214575267,0.03577174458131076,0.036055884614390424
0.04212962182133961,-0.012145015629135836,0.0006692750177144975,0.04146034680362511,0.04174448683670478
0.06796982101681248,0.009497272121224087,-1.7031399232503264e-05,0.06798685241604499,0.06827099244912464
-0.021630633858578885,0.009590486444071455,-1.9987352348894755e-05,-0.02161064650622999,-0.021326506473150326
0.04124146660185568,0.0061998311850259835,8.753494329655069e-05,0.04115393165855913,0.041438071691638795
-0.029808066519348864,-0.004289562412875814,0.0004201678987013262,-0.03022823441805019,-0.02994409438497053
0.02819865613803807,0.005403747467634501,0.00011277984207873747,0.028085876295959333,0.028370016329038995
-0.07367994768415242,-0.0005449081736377259,0.0003014198133195417,-0.07398136749747197,-0.0736972274643923
0.05081756820710148,0.0008240472350893313,0.00025800837307066784,0.050559559834030814,0.05084369986711048
-0.0037846993267091067,0.010201732142340214,-3.9370785833006087e-05,-0.0037453285408761004,-0.0034611885077964377
0.033347361349485016,0.0052515464964768555,0.0001176063421408356,0.03322975500734418,0.03351389504042385
-0.09517973722532191,0.007229670722828763,5.487732912135674e-05,-0.09523461455444326,-0.09495047452136361
-0.013092506238063573,0.00018159245054127915,0.00027838148918110764,-0.01337088772724468,-0.013086747694165018
0.05306495036705572,0.013554249906357896,-0.00014568368957562828,0.053210634056631345,0.05349477408971101
-0.007384885878080505,0.003086483632862347,0.000186263433920219,-0.007571149312000724,-0.007287009278921061
0.0,0.001374879432867404,0.0002405407339579856,-0.0002405407339579856,4.3599299121677196e-05
0.055579887814513285,-0.003708760911961373,0.0004017498921741095,0.05517813792233917,0.05546227795541884
-0.021558890533612374,0.0027740472164057284,0.0001961712181607523,-0.021755061751773126,-0.021470921718693463
-0.03813557643994514,0.0050329647425946256,0.00012453786722022142,-0.03826011430716536,-0.0379759742740857
-0.011894292893790626,0.0016100503211176065,0.00023308314483677287,-0.012127376038627399,-0.011843236005547736
-0.02764158853311882,0.0020330263437824403,0.00021966999915097227,-0.027861258532269794,-0.02757711849919013
-0.05135254283860535,-0.0018519369130487462,0.0003428674745529071,-0.05169541031315826,-0.051411270280078594
0.09328179097911704,-0.0038112215188927934,0.00040499905755035995,0.09287679192156668,0.09316093195464635
0.04199817950241136,0.0025564722015867236,0.0002030708181734699,0.041795108684237886,0.04207924871731755
-0.024183271200864165,0.0008282942843145236,0.0002578736933561219,-0.024441144894220286,-0.024157004861140623
0.028695645539656978,-0.003736037754951127,0.00040261487801081307,0.028293030661646165,0.028577170694725828
-0.0063397979500274815,0.00037381693747806644,0.00027228578892978515,-0.006612083738957266,-0.006327943705877604
-0.027222432301902022,-0.00013640921141577778,0.00028846575493518946,-0.02751089805683721,-0.027226758023757548
0.028858759212631258,0.01254056989753427,-0.00011353851607034688,0.028972297728701604,0.029256437761781266
0.04887376051726844,0.0016404581697111453,0.00023211887054858208,0.04864164164671986,0.04892578167979952
-0.017828222391283455,-0.0014798348405500317,0.0003310676111068212,-0.018159290002390277,-0.017875149969310614
0.10354786520553061,-0.005723033522392118,0.0004656252196794568,0.10308223998585116,0.10336638001893081
0.04224295928099453,-0.0038058649299111957,0.0004048291928191715,0.04183813008817536,0.04212227012125502
-0.0003586198649271344,0.003885449938943575,0.00016092712432518234,-0.0005195469892523167,-0.0002354069561726539
-0.03229284172148095,-0.003569960525698801,0.0003973483429078985,-0.03269019006438884,-0.03240605003130918
0.028179467861740415,-0.0011529207361400395,0.0003207007196656274,0.02785876714207479,0.02814290717515445
-0.0717634260356601,0.002776056134700333,0.00019610751262589328,-0.07195953354828599,-0.07167539351520634
0.00233098160357037,-0.005176618120080079,0.00044829764316577737,0.0018826839604045927,0.0021668239934842554
-0.025581390191052655,-0.014281601380197961,0.000737029061474824,-0.02631841925252748,-0.026034279219447818
0.04614160205149975,-0.0033045953891290836,0.00038893325305406425,0.04575266879844569,0.046036808831525354
0.034980992508833575,-0.005900302398330837,0.0004712466571395378,0.034509745851694036,0.0347938858847737
0.025716413688372963,0.0038211953199089876,0.00016296472579645883,0.025553448962576504,0.025837588995656167
-0.017908309406651335,-0.005779602928505545,0.00046741911258331036,-0.018375728519234646,-0.018091588486154983
0.0317286957262104,0.008619376484360286,1.0807866927303755e-05,0.031717887859283096,0.032002027892362755
-0.02721811356821291,0.003947010921615535,0.0001589749417311483,-0.027377088509944057,-0.027092948476864394
-0.03197678246647606,-0.00403965777164117,0.00041224308220860946,-0.03238902554868467,-0.03210488551560501
0.013138152758581656,-0.015874194741040237,0.0007875323657345627,0.012350620392847093,0.012634760425926756
0.002223025804045653,0.002747645185721348,0.00019700846250793644,0.0020260173415377167,0.0023101573746173794
-0.05101660627316762,0.0019634016027962886,0.00022187789450234398,-0.05123848416766996,-0.0509543441345903
-0.006622519508713953,-0.0031743183568806455,0.0003848019909507116,-0.007007321499664665,-0.006723181466585002
0.005882337981579333,0.004164221602432239,0.00015208689524579225,0.005730251086333541,0.006014391119413203
-0.035477577424784856,0.008116953209842404,2.6740393160322364e-05,-0.03550431781794518,-0.03522017778486552
-0.03193205398089649,0.0012098628337211537,0.00024577363503587465,-0.03217782761593237,-0.0318936875828527
0.024634661118711376,5.443114110303959e-05,0.0002824139474711697,0.024352247171240207,0.02463638720431987
-0.008965004584165381,0.009992880823750605,-3.274782610761815e-05,-0.008932256758057764,-0.008648116724978101
0.027549345588048446,0.007345789391592916,5.119504800489498e-05,0.02749815054004355,0.027782290573123213
-0.0324129441120895,0.0030522833735622257,0.00018734797071640562,-0.03260029208280591,-0.032316152049726245
-0.0173697299831731,-0.0033804153149811222,0.00039133760615411183,-0.01776106758932721,-0.017476927556247548
-0.041666656632214805,0.002714679741101511,0.00019805384164904544,-0.04186471047386385,-0.041580570440784184
0.010540174189427098,0.0056931530442476674,0.00010360239713294795,0.01043657179229415,0.010720711825373814
-0.02303349332349236,0.004217739327674108,0.00015038977529814297,-0.023183883098790502,-0.02289974306571084
0.011120996667739691,0.012177672896303449,-0.00010203055796959595,0.011223027225709286,0.011507167258788949
-0.031676169285292155,-0.0018429538196846895,0.00034258260842919133,-0.032018751893721345,-0.031734611860641686
0.001363047993345301,-0.007216886263627376,0.0005129973244268662,0.0008500506689184348,0.0011341907019980977
-0.034482767573136064,-0.004719586526811925,0.0004338045489594022,-0.034916572122095466,-0.034632432089015806
-0.03759403752797941,-0.0025971430708935372,0.00036649897663700606,-0.037960536504616414,-0.03767639647153675
0.0019531697471404375,-0.00273946595048713,0.0003710122289636615,0.001582157518176776,0.0018662975512564388
-0.0034112910946711983,0.0034854258676535466,0.00017361243237700997,-0.0035849035270482084,-0.0033007634939685453
0.011246920961154538,-0.004073801130465626,0.0004133258146132259,0.010833595146541312,0.011117735179620976
-0.007253366359609381,-0.0060292307798877065,0.00047533515169287356,-0.007728701511302255,-0.0074445614782225914
-0.020457869568760056,0.007998543475556064,3.0495327084456754e-05,-0.02048836489584451,-0.02020422486276485
0.02237686931541849,-0.0006666695473820372,0.0003052810322951379,0.022071588283123354,0.022355728316203017
0.028696506221472573,-0.008979414583967338,0.000568889497669042,0.028127616723803532,0.028411756756883195
-0.02505904439036133,0.0070532243451535415,6.047268404142726e-05,-0.025119517074402756,-0.024835377041323093
0.03928222274371618,-0.008506361953748875,0.0005538883545635868,0.03872833438915259,0.039012474422232254
0.010265950080334818,-0.012332078852067663,0.0006752070472556335,0.009590743033079184,0.009874883066158847
-0.024018497317598198,0.0005739063518743759,0.0002659406811182937,-0.02428443799871649,-0.024000297965636828
0.00236635808779484,0.02183049604365883,-0.0004081347251491664,0.0027744928129440063,0.003058632846023669
-0.033050082759838006,0.006286271807078414,8.4793793456766e-05,-0.03313487655329477,-0.03285073652021511
-0.040527340930566313,0.004074720335558668,0.0001549251023008295,-0.04068226603286714,-0.04039812599978748
-0.0020355729748205986,-0.007063723409320266,0.0005081403217402098,-0.0025437132965608084,-0.0022595732634811457
-0.05864362519559785,0.013827532394934838,-0.0001543498494434307,-0.05848927534615442,-0.05820513531307475
0.019501659166081486,0.0067439531397044394,7.02800951305402e-05,0.019431379070950945,0.019715519104030608
-0.020191241600875598,0.006548755402622897,7.647008119291332e-05,-0.02026771168206851,-0.019983571648988847
-0.030911045461818887,9.173641713244862e-05,0.00028123094636609767,-0.031192276408184984,-0.03090813637510532
-0.04252938965807229,0.005737513079636436,0.00010219568000144685,-0.042631585338073735,-0.042347445304994076
-0.019871428431287752,-0.004724557241463034,0.0004339621770900887,-0.02030539060837784,-0.020021250575298178
0.015503889194079745,0.003258134764679621,0.00018082014277645108,0.015323069051303295,0.015607209084382958
-0.04227840232958602,0.004394843515520774,0.0001447735603217326,-0.04242317588990775,-0.042139035856828086
0.014101867389096912,0.001329699787098182,0.00024197344205079314,0.013859893947046118,0.014144033980125781
0.032043455257570574,0.00558419502875096,0.00010705760418294928,0.03193639765338763,0.032220537686467286
0.021089667064301043,-0.004875923596155185,0.00043876221032748854,0.020650904853973556,0.02093504488705322
-0.026391335844365593,-0.0038393812241105385,0.00040589204015059144,-0.026797227884516186,-0.026513087851436523
0.012964126670883092,0.002903421198789946,0.0001920685929983639,0.012772058077884728,0.01305619811096439
0.05526462048146197,0.003570558689741876,0.00017091275465504378,0.055093707726806926,0.055377847759886585
-0.015986715431986265,-0.0028055878101066467,0.000373109043176687,-0.016359824475162953,-0.01607568444208329
0.014565838841759327,0.004265540341705787,0.00014887394004796386,0.014416964901711363,0.014701104934791025
0.0044174445615607905,-0.013182771972194418,0.0007021836845654275,0.0037152608769953632,0.003999400910075026
-0.003848251389171553,0.013427559516743681,-0.0001416661647944829,-0.00370658522437707,-0.0034224451912974073
-0.027593817706531243,0.000722931253898329,0.00026121489853358354,-0.027855032605064826,-0.027570892571985164
-0.06696936713807333,-0.0023703916199453445,0.00035930837933819695,-0.06732867551741153,-0.06704453548433187
0.014598525749495828,0.008095344244797742,2.742564286889297e-05,0.014571100106626935,0.014855240139706597
-0.00959231681563344,0.00483725876385388,0.00013074397031772935,-0.009723060785951169,-0.009438920752871506
0.032687590388348564,0.004222034052096646,0.00015025358373816532,0.0325373368046104,0.03282147683769006
0.00879247498393676,-0.00369819718572606,0.00040141490202954655,0.008391060081907214,0.008675200114986877
-0.07495636704260988,-0.0020429655768170463,0.00034892525362308953,-0.07530529229623298,-0.07502115226315331
0.0062814309667396095,-0.0036356111002209257,0.00039943021202869147,0.005882000754710918,0.006166140787790581
0.02933828339104183,0.00812856425584818,2.6372191079601995e-05,0.02931191119996223,0.029596051233041893
0.021831450294019783,0.004961457973002625,0.00012680544426162382,0.02170464484975816,0.02198878488283782
-0.018991079381584397,-0.0012633420978621634,0.0003242023314172158,-0.019315281713001613,-0.01903114167992195
-0.05626135913757835,0.00014980445507073448,0.0002793895298062469,-0.056540748667384594,-0.056256608634304935
-0.009615421060038432,0.0024850813860768373,0.00020533471815302267,-0.009820755778191454,-0.009536615745111792
-0.03365692624653116,-0.0007856896412440362,0.0003090553215526017,-0.03396598156808376,-0.0336818415350041
0.015405193404891993,-0.002719020284730922,0.0003703638690597042,0.015034829535832288,0.01531896956891195
-0.01780999385270088,-0.0031928479771501372,0.0003853895904430219,-0.0181953834431439,-0.017911243410064236
0.03425112581922951,-0.0013034931835718133,0.0003254755770226608,0.03392565024220685,0.03420979027528651
-0.01493503558010334,-0.004339572538419101,0.0004217537878858978,-0.015356789367989237,-0.015072649334909574
0.01582068358016775,0.011237870620775636,-7.222814799353396e-05,0.015892911728161284,0.016177051761240947
-0.044127210376966874,0.0018171001772671058,0.00022651731193858531,-0.04435372768890546,-0.0440695876558258
0.042769866532206935,-0.003179659038540561,0.00038497135123906703,0.042384895180967865,0.04266903521404753
0.011067713547769698,-0.01131687458772268,0.0006430135375320446,0.010424700010237653,0.010708840043317316
-0.022536988655082912,-0.0037705618911193506,0.0004037096853835415,-0.022940698340466453,-0.02265655830738679
-0.021739124971791646,-0.00010141014414954963,0.000287355886850584,-0.02202648085864223,-0.02174234082556257
0.01481476819549532,0.006320039831068547,8.372296343087547e-05,0.014731045232064446,0.015015185265144108
0.01194428061187014,-0.003100987910356179,0.0003824765826303046,0.011561804029239835,0.011845944062319497
0.007868844954693976,0.01664796429762072,-0.00024378958593076984,0.008112634540624747,0.00839677457370441
-0.024072861959271497,-0.0005799292044108562,0.0003025303778968608,-0.02437539233716836,-0.024091252304088696
0.026000022888183594,0.0048187283492318045,0.00013133159500004177,0.025868691293183553,0.026152831326263216
0.04938266785271783,0.00531812014989308,0.00011549520093126543,0.04926717265178657,0.049551312684866226
-0.0755417549332128,0.0029157468493599126,0.00019167772983376736,-0.07573343266304657,-0.0754492926299669
-0.004688589890669115,0.004745529147706984,0.0001336528413627811,-0.004822242732031896,-0.004538102698952233
-0.07335122638605107,-0.00033658435338035364,0.00029481358128461414,-0.07364603996733568,-0.07336189993425603
0.051561297085676694,-0.00017925389411521664,0.00028982441816931053,0.05127147266750738,0.05155561270058705
0.026243102655666872,0.003959675229718407,0.0001585733392750008,0.026084529316391873,0.026368669349471536
-0.049798101494951896,-0.008861912729460575,0.0005651633538490651,-0.050363264848800965,-0.0500791248157213
0.0007082315129522954,-0.00033296507498215,0.0002946988090378879,0.0004135327039144075,0.0006976727369940704
0.00778483055812762,-0.0025117674736410134,0.000363791600183973,0.007421038957943647,0.0077051789910233094
-0.08146066475119196,0.006081764662643874,9.12789935038173e-05,-0.08155194374469578,-0.08126780371161611
-0.01758406296467019,-0.0002122089839386998,0.000290869468945726,-0.017874932433615914,-0.01759079240053625
-0.0023346837163343848,0.0003483091890779111,0.00027309467436790644,-0.002607778390702291,-0.0023236383576226284
0.0561622686558636,0.002306686808393188,0.00021099185314841162,0.05595127680271519,0.05623541683579485
0.07163960633394706,-0.012576216507389826,0.0006829489847716066,0.07095665734917546,0.07124079738225511
-0.013094454242628006,0.010817971767347556,-5.891258353470791e-05,-0.013035541659093298,-0.012751401626013636
-0.004189906928843801,0.005166188100786506,0.00012031317310890705,-0.004310220101952708,-0.004026080068873045
-0.015427788464072112,-0.0013471203041567348,0.00032685905242765145,-0.015754647516499763,-0.0154705074834201
-0.022792001117782346,-0.0038951743709020326,0.0004076613168142395,-0.023199662434596584,-0.02291552240151692
0.0072885878898796275,0.0027737519941737343,0.0001961805800597613,0.007092407309819866,0.007376547342899529
-0.013024555389019254,0.0005748652214816463,0.00026591027405726224,-0.013290465663076517,-0.013006325629996854
-0.032258102857967486,-0.00888957673985069,0.0005660406172912772,-0.03282414347525876,-0.0325400034421791
0.08484847740474599,-0.02087544856898549,0.0009461289353066725,0.08390234846943932,0.08418648850251899
-0.0013966134438246902,-0.004876293940238585,0.0004387739544427063,-0.0018353873982673964,-0.0015512473651877337
-0.04055943468321377,0.00614065260021901,8.94115768099459e-05,-0.04064884626002371,-0.040364706226944054
0.018950384121517505,-0.010209232261157553,0.0006078886909736622,0.018342495430543844,0.018626635463623507
-0.012160166536917871,0.011267044743841437,-7.315329916515755e-05,-0.012087013237752714,-0.011802873204673051
0.010137536958331417,-0.0064652996420466735,0.0004891634891488109,0.009648373469182606,0.009932513502262269
-0.03512543210163499,-0.02283191982018462,0.0010081713029971196,-0.03613360340463211,-0.03584946337155245
-0.0052005716661094326,0.007641088938743268,4.183069722698524e-05,-0.0052424023633364175,-0.004958262330256755
0.005227759001449561,-0.0020282227794392593,0.0003484577394415559,0.0048793012620080055,0.005163441295087668
0.025260040982488574,0.012439792925644788,-0.00011034274105404396,0.025370383723542618,0.02565452375662228
0.005072441583820808,0.013301886798946505,-0.00013768091177251724,0.005210122495593325,0.005494262528672988
0.013698668754528187,0.0015692347655638095,0.0002343774616858482,0.013464291292842339,0.013748431325922001
-0.014224804905440092,0.011062113608869106,-6.665465380076426e-05,-0.014158150251639327,-0.013874010218559664
0.01154406962841037,-0.00026926239009483766,0.00029267871015004325,0.011251390918260325,0.01153553095133999
0.06348069619039087,0.005810025082904069,9.989622563126685e-05,0.06338079996475961,0.06366493999783927
0.00469481526093829,0.004809216724759979,0.00013163322156493646,0.004563182039373353,0.004847322072453016
-0.05273698170855157,0.0011584739056558213,0.00024740324792606823,-0.052984384956477636,-0.05270024492339797
-0.01761804139484313,-0.006524484290135191,0.0004910403149371207,-0.01810908170978025,-0.01782494167670059
-0.03802006807209801,0.006031458262132583,9.287427797109043e-05,-0.0381129423500691,-0.03782880231698944
0.040268453989374065,-0.0019187235651341172,0.00034498537024033667,0.03992346861913373,0.04020760865221339
-0.026523289650035586,0.00618651346579302,8.795726630944609e-05,-0.026611246916345033,-0.02632710688326537
-0.016200314305213293,-0.0013476817370097205,0.0003268768562279767,-0.01652719116144127,-0.016243051128361607
-0.001496968907432561,2.1699977565736717e-05,0.00028345189724010843,-0.0017804208046726694,-0.0014962807715930065
0.009745135903592717,0.004948082937896281,0.00012722958483891666,0.0096179063187538,0.009902046351833463
0.01633253964315018,0.0027826887923012578,0.00019589718202104068,0.016136642461129138,0.0164207824942088
0.012417829182225892,-0.007378510346287226,0.0005181226441870557,0.011899706538038837,0.0121838465711185
0.038961037173826485,0.01526770113133269,-0.00020001956129077743,0.039161056735117265,0.039445196768196925
-0.05347218920051211,-5.335132643191631e-05,0.0002858318762944472,-0.05375802107680656,-0.0534738810437269
0.030080692881118587,0.0017184082710823834,0.00022964696668195596,0.02985104591443663,0.030135185947516293
0.019230801887269777,0.0005380892952486782,0.0002670764887594227,0.018963725398510354,0.019247865431590017
0.0244583799812903,-0.0004632463094992323,0.00029883020440090184,0.0241595497768894,0.02444368980996906
-0.05934514970084814,-0.005082138985368356,0.0004453015811427513,-0.0597904512819909,-0.05950631124891123
-0.03045685840868617,0.00030517087837123036,0.0002744626489459986,-0.03073132105763217,-0.030447181024552506
-0.0269259281794072,-0.011701095130556172,0.000655197694175332,-0.02758112587358253,-0.027296985840502868
-0.018447330276395446,-0.0028217776974703845,0.0003736224465523166,-0.018820952722947763,-0.0185368126898681
-0.04541901774386803,0.009613634629240364,-2.072141282370921e-05,-0.04539829633104432,-0.045114156297964655
-0.03035273981095954,0.0072196189337276895,5.519608504223899e-05,-0.030407935896001777,-0.030123795862922114
-0.005076097080498054,-0.006131649335692324,0.000478582983570628,-0.005554680064068682,-0.005270540030989019
-0.03316329385478556,0.006040504799839086,9.258739994087744e-05,-0.033255881254726435,-0.032971741221646776
-0.02814421266887146,-0.0029326714097337447,0.00037713903718281284,-0.028521351706054274,-0.02823721167297461
-0.0018099961464653758,-0.004864709743258144,0.00043840660378114223,-0.002248402750246518,-0.001964262717166855
0.06527654437529695,0.004403939814465518,0.00014448510429489032,0.06513205927100206,0.06541619930408173
0.028085099889877174,-0.007000319763734719,0.0005061297057958548,0.02757897018408132,0.027863110217160984
0.04801323902062693,-0.0019000838946738874,0.00034439428090661224,0.047668844739720315,0.04795298477279998
0.07582938781339799,0.0046402218845611465,0.00013699227808415602,0.07569239553531383,0.0759765355683935
-0.04845813898367868,0.007924102207026662,3.2855961083353346e-05,-0.04849099494476203,-0.04820685491168237
0.0,0.0070393485966973035,6.0912702920914714e-05,-6.0912702920914714e-05,0.0002232273301587481
0.019290123400010906,0.002853326841976367,0.00019365715327122229,0.019096466246739684,0.019380606279819346
0.023467102098523762,-0.0011264502910314222,0.0003198613058038842,0.02314724079271988,0.02343138082579954
0.01405322292531408,-0.012537288005457836,0.000681714508962661,0.01337150841635142,0.013655648449431082
-0.05397518373881649,-0.010750112394172895,0.0006250407365600352,-0.054600224475376526,-0.05431608444229686
-0.007710129484263639,0.0037505537703756975,0.0001652048655315462,-0.007875334349795185,-0.007591194316715523
0.008546981946804255,0.010918212704340347,-6.209136015446648e-05,0.008609073306958722,0.008893213340038385
-0.018489967610338942,-0.020884795550912827,0.000946425340832272,-0.019436392951171215,-0.019152252918091552
-0.0007849473360671544,-0.009486773662544357,0.0005849785449703346,-0.001369925881037489,-0.001085785847957826
-0.06677136357901925,0.008217286225508769,2.355869660043236e-05,-0.06679492227561969,-0.06651078224254002
0.0050504600475087535,0.006757307791485534,6.985660093624895e-05,0.004980603446572505,0.0052647434796521675
-0.07621439525904039,0.010488490558689278,-4.8464285721928446e-05,-0.07616593097331846,-0.0758817909402388
-0.038984529638391274,0.001363852909705754,0.0002408904000233178,-0.039225420038414595,-0.03894128000533493
0.02830181379851493,0.003775123551313042,0.00016442572431899112,0.02813738807419594,0.028421528107275603
0.040367022885909654,0.004092139025126507,0.00015437273193392978,0.040212650153975724,0.04049679018705539
0.021164000695661045,-0.002213313863220212,0.00035432722976456624,0.02080967346589648,0.02109381349897614
0.04317789320329979,0.0017169605671216726,0.00022969287534602771,0.04294820032795376,0.043232340361033426
-0.035596051977777154,-0.008096390978489132,0.0005408876166412245,-0.03613693959441838,-0.035852799561338716
-0.05836904495858253,0.0032360358580392212,0.00018152092920022307,-0.05855056588778275,-0.05826642585470309
-0.06927987332562568,0.004760757069291355,0.00013316994323201646,-0.06941304326885771,-0.06912890323577804
0.06464249215927453,0.002992016977140688,0.0001892591002174763,0.06445323305905706,0.06473737309213672
-0.13247466380347972,-0.0001432614814260713,0.0002886830497486104,-0.13276334685322833,-0.13247920682014866
-0.20148462713459192,-0.0013484450597095465,0.00032690106223027805,-0.2018115281968222,-0.20152738816374255
0.005312079779350443,0.001871216126306141,0.0002248012214996691,0.005087278557850773,0.005371418590930437
-0.10171730032570436,-0.008988392160571124,0.0005691741888487769,-0.10228647451455314,-0.10200233448147347
0.1029411455339222,0.005616468420812426,0.00010603417097090071,0.1028351113629513,0.10311925139603095
-0.045333353678385424,-0.0013736249452109828,0.00032769955068939847,-0.04566105322907482,-0.04537691319599516
0.05586593629775094,0.001519476431128819,0.00023595536623148761,0.055629980931519454,0.055914120964599114
-0.08730156777877585,0.009672737603931392,-2.2595648637362175e-05,-0.08727897213013848,-0.08699483209705883
0.04637676672483848,0.0004217577030636299,0.0002707655219675193,0.046106001202870964,0.04639014123595062
0.1814404405605623,-0.004701005088166399,0.0004332153062358219,0.18100722525432647,0.18129136528740614
0.08089103817794308,-0.00936180703333589,0.0005810156829790655,0.08031002249496401,0.08059416252804368
-0.030368837151426575,0.00374696520677964,0.0001653186637700691,-0.030534155815196643,-0.03025001578211698
0.012304319408798614,0.0038447864907102947,0.00016221661764398494,0.01214210279115463,0.012426242824234292
-0.033149191647752096,-0.00649839809746755,0.0004902130862435545,-0.033639404733995654,-0.03335526470091599
0.04571424211774544,0.008116098951240547,2.6767482863913265e-05,0.04568747463488153,0.04597161466796119
-0.12021852171094372,0.0023622298736216685,0.0002092305069116868,-0.1204277522178554,-0.12014361218477573
0.08074529231420269,0.004248391856225497,0.00014941774187528453,0.0805958745723274,0.08088001460540707
-0.06551720773800396,0.005987805879090757,9.425855448299178e-05,-0.06561146629248694,-0.06532732625940729
0.09594092521422182,-0.0011140717108722997,0.0003194687641699362,0.09562145645005188,0.09590559648313154
0.03591466894549522,0.0053671102654548886,0.00011394165765225207,0.03580072728784297,0.03608486732092263
0.0736728427844564,0.0018436779311643559,0.00022567449516902187,0.07344716828928738,0.07373130832236705
0.04036332778643237,0.0007278261010281728,0.0002610596762653125,0.04010226811016705,0.04038640814324672
-0.09699320652764609,-0.00037921654875650024,0.00029616550625634916,-0.09728937203390244,-0.09700523200082278
0.10096665284812101,0.001891663548679423,0.00022415280589099224,0.10074250004223001,0.10102664007530968
-0.0624390578851467,0.006525279593556643,7.721453106766948e-05,-0.06251627241621437,-0.06223213238313471
-0.003121720503948766,0.004627758701298612,0.00013738750259772536,-0.0032591080065464914,-0.0029749679734668287
0.06471815140883952,0.0009387712266117898,0.0002543703190688063,0.06446378108977072,0.06474792112285038
0.02058823941900667,-0.00024598362294592224,0.0002919405087428168,0.020296298910263855,0.020580438943343517
0.007684911131477401,-0.0035370410325543666,0.000396304420950651,0.00728860671052675,0.0075727467436064125
0.03145852534855487,-0.00708889350376507,0.0005089384997115911,0.030949586848843275,0.031233726881922937
-0.014787416998601866,0.003134561695468774,0.00018473881308245097,-0.014972155811684316,-0.014688015778604653
0.04878053144530847,0.0008367051734305964,0.00025760697260833525,0.04852292447270014,0.0488070645057798
0.02951698700341554,0.0021725690603942027,0.0002152449095784858,0.029301742093837055,0.029585882126916718
0.008688047420232214,0.007718881307192449,3.936379528611761e-05,0.008648683624946097,0.00893282365802576
0.012919946308380892,0.0012774785766593855,0.00024362944774844816,0.012676316860632444,0.012960456893712106
-0.08078229513397417,0.0017300583227324307,0.00022927752767913805,-0.0810115726616533,-0.08072743262857364
-0.021276640793950863,-0.00013246407875799893,0.000288340649406145,-0.021564981443357008,-0.021280841410277345
0.05198489552939445,-0.006435310620591883,0.00048821249643954694,0.051496683032954904,0.05178082306603456
0.029649588527666637,0.0048975112174378665,0.00012883328296302475,0.02952075524470361,0.029804895277783273
-0.008726036748416655,-0.00117888399729138,0.0003215240500334042,-0.00904756079845006,-0.008763420765370396
-0.051056332855180964,0.001910868625069062,0.00022354378676527862,-0.05127987664194624,-0.05099573660886658
0.03432281027126716,-0.0003722566922789161,0.00029594479972953956,0.03402686547153762,0.03431100550461728
0.11031394959570218,0.006677770440579822,7.237883864712346e-05,0.11024157075705505,0.11052571079013472
-0.04765752400112433,0.0006588129971369927,0.0002632481757714776,-0.047920772176895804,-0.047636632143816145
-0.02205260642265272,0.005479508115899812,0.000110377368751689,-0.02216298379140441,-0.021878843758324745
-0.024284452684808278,-0.003923521850109468,0.000408560253983394,-0.024693012938791673,-0.02440887290571201
0.05600001017252598,-0.00704880201475111,0.000507667143998525,0.05549234302852746,0.05577648306160712
0.09511785383464177,0.004644267890169251,0.00013686397373648837,0.09498098986090528,0.09526512989398495
-0.007686424266752034,-0.004131071874054704,0.0004151419478835109,-0.008101566214635545,-0.007817426181555882
-0.0007746110766874148,0.0014709227452411877,0.00023749506973120456,-0.0010121061464186194,-0.0007279661133389565
-0.0023255607642108655,0.004843552990250188,0.00013054437182724945,-0.002456105136038115,-0.002171965102958452
0.009324000514850717,-0.0019320956634630848,0.00034540941768841963,0.008978591097162297,0.00926273113024196
-0.030792888805096674,0.004201084929208676,0.0001509179089533767,-0.030943806714050053,-0.03065966668097039
-0.023034150781437224,-0.01183402645755216,0.0006594131275797377,-0.02369356390901696,-0.023409423875937297
-0.01869922701984128,0.010264935568841116,-4.1375052557529525e-05,-0.01865785196728375,-0.018373711934204087
0.0024855581942038185,-0.0023202504717819705,0.00035771833524791627,0.0021278398589559024,0.002411979892035565
0.01074373195604883,0.005016150134305564,0.00012507108134713558,0.010618660874701695,0.010902800907781358
0.02861818434751373,0.0017544380056517817,0.00022850441473360828,0.02838967993278012,0.028673819965859784
-0.04133541393028606,0.00048815592189166424,0.0002686599440276468,-0.0416040738743137,-0.041319933841234044
-0.022388096879705888,-0.004849150767687549,0.00043791320747764634,-0.022826010087183535,-0.022541870054103873
0.019508099801087253,0.0002881549022029084,0.00027500224872258614,0.019233097552364666,0.019517237585444328
0.06655567442543919,-0.004527786939807377,0.0004277223228635581,0.06612795210257563,0.0664120921356553
-0.0015600237570545517,6.091277451791832e-05,0.00028220840604892077,-0.0018422321631034724,-0.0015580921300238095
0.028124972758815092,-0.019999240340662028,0.000918343179169586,0.027206629579645505,0.027490769612725167
-0.08434647944889795,-0.002859121137017251,0.00037480665787449814,-0.08472128610677244,-0.08443714607369278
0.006638997712843597,0.007189032358413172,5.616602699814134e-05,0.006582831685845456,0.006866971718925119
0.056883724144557,-0.009685469956760784,0.0005912794750437763,0.05629244466951323,0.056576584702592886
0.041341708210764105,1.563854864095049e-05,0.0002836441134057437,0.04105806409735836,0.04134220413043802
-0.028464427234651812,-0.0055566200056119674,0.0004603480204410799,-0.02892477525509289,-0.02864063522201323
0.00693910182998847,0.011531402436471216,-8.15364415997231e-05,0.007020638271588193,0.007304778304667856
0.02143948881889912,0.0027594252503462258,0.0001966349006166355,0.021242853918282487,0.02152699395136215
0.044227896989448734,-0.00163664161317445,0.0003360401674055931,0.04389185682204314,0.0441759968551228
0.020100482902872363,0.006707160027472625,7.144685482412782e-05,0.020029036048048236,0.0203131760811279
-0.04996481606199621,0.004345814053963171,0.0001463283513158538,-0.05011114441331206,-0.0498270043802324
0.031111116762514435,-6.137292417629503e-05,0.000286086252082702,0.03082503051043173,0.031109170543511394
-0.0833333219148189,0.008531672245722488,1.3589087769798585e-05,-0.0833469110025887,-0.08306277096950904
-0.043103462450569285,0.005000651911710952,0.00012556255109102984,-0.043229025001660315,-0.042944884968580656
0.03357902097716381,0.002477812999687634,0.00020556520858348452,0.03337345576858033,0.03365759580165999
0.057052319616317515,0.0029498896671826813,0.00019059501458505116,0.056861724601732465,0.057145864634812124
-0.032983547902903254,-0.0019925870761225983,0.00034732768276082274,-0.033330875585664076,-0.033046735552584416
0.005426407020817647,0.004787778824361766,0.00013231304658061302,0.0052940939742370345,0.005578234007316697
0.008481083609294782,0.0010510808940034089,0.0002508088265729508,0.008230274782721831,0.008514414815801494
0.04434250207103352,4.9987292607633904e-05,0.00028255486795857455,0.04405994720307494,0.04434408723615461
-0.024158120599728328,-0.0016899010514689339,0.00033772909672240666,-0.024495849696450734,-0.02421170966337107
-0.03150788287305384,0.00332041473363498,0.00017884516014825773,-0.0316867280332021,-0.03140258800012243
-0.03872966738262418,-0.0005440661600049079,0.00030139311192059416,-0.03903106049454477,-0.038746920461465106
0.033037860793979856,-0.0007791410646480479,0.00030884765727091684,0.03272901313670894,0.0330131531697886
0.07254292724759148,-0.0015344207755288997,0.0003327986054399145,0.07221012864215157,0.07249426867523123
-0.06036363081498597,0.005035885365550108,0.0001244452502890101,-0.06048807606527498,-0.060203936032195315
0.004643921485145697,-0.003073114142502442,0.00038159266749327424,0.0042623288176524225,0.004546468850732085
0.0023113010557425095,-0.006545009043329442,0.0004916911828114394,0.0018196098729310701,0.002103749906010733
-0.02843965250190328,0.0036460744169486414,0.00016851804810829435,-0.028608170550011573,-0.02832403051693191
-0.007911422369743293,0.0008819054148185845,0.00025617361140040963,-0.008167595981143702,-0.00788345594806404
-0.0015948567902865918,-0.005962558462297207,0.0004732208817079766,-0.0020680776719945683,-0.0017839376389149056
-0.03753995605785787,-0.0007101514711097545,0.000306659903310058,-0.03784661596116793,-0.037562475928088264
0.016597494282109215,0.007484376300642026,4.680026839183523e-05,0.01655069401371738,0.016834834046797042
-0.036734678307358104,0.0012956437010964716,0.0002430534069153525,-0.03697773171427346,-0.03669359168119379
-0.03898305345013098,0.0048911800862372345,0.0001290340517551066,-0.039112087501886085,-0.03882794746880642
0.009700145960945372,-0.00047726958102545236,0.00029927490143783473,0.009400871059507538,0.0096850110925872
-0.03318778347344831,-0.00801332329681892,0.000538253427334217,-0.033726036900782526,-0.03344189686770286
0.02348692285903131,-0.0057765015647701645,0.0004673207641158364,0.023019602094915475,0.023303742127995138
-0.08649598842325223,0.00783249148610099,3.576106179902904e-05,-0.08653174948505127,-0.0862476094519716
0.044444446492054146,-0.016168772358634453,0.0007968738231431266,0.04364757266891102,0.043931712701990686
0.016651188206692646,0.008575824615237426,1.2188956005955225e-05,0.01663899925068669,0.016923139283766354
0.018198345171101638,-0.002546802239196233,0.00036490260030993616,0.0178334425707917,0.018117582603871363
-0.0008935903112141652,-0.002785928622506484,0.0003724856235660808,-0.001266075934780246,-0.0009819359017005833
0.0017888643598782394,-0.013248560995234304,0.0007042699440772573,0.0010845944158009821,0.0013687344488806448
-0.0008928775939409661,5.143341477165109e-06,0.0002839769307172395,-0.0011768545246582055,-0.0008927144915785428
0.008936584916860335,0.0111655096821337,-6.993348408835403e-05,0.009006518400948689,0.009290658434028352
-0.0017714352663357191,-0.0015651598591330806,0.0003337733836413673,-0.0021052086499770864,-0.0018210686168974237
0.03371775912438646,-0.015126053030587783,0.0007638077732796506,0.032953951351106806,0.03323809138418647
0.005150250779516474,0.017461650296527242,-0.00026959267703051686,0.005419843456546991,0.005703983489626654
0.011955622789640019,-0.02066141501469354,0.000939341639830015,0.011016281149810004,0.011300421182889667
-0.021940946878652334,-0.011451012338901223,0.0006472672282901827,-0.022588214106942516,-0.022304074073862853
0.03019839716889572,-0.016467929557809624,0.0008063605053200789,0.02939203666357564,0.0296761766966553
0.04522612904779444,0.0015788647774723774,0.00023407208089411486,0.044992056966900326,0.045276196999979985
0.004807726107171506,-0.008100314924121665,0.000541012050300846,0.0042667140568706605,0.004550854089950323
-0.04465713088678103,0.0001449777086941495,0.0002795425925068928,-0.04493667347928792,-0.04465253344620826
-0.020033370641795778,0.012884107385910504,-0.00012443255765476964,-0.019908938084141008,-0.019624798051061345
0.0017036165377852797,0.00914265720638352,-5.786077369700302e-06,0.00170940261515498,0.0019935426482346427
0.002550997651982412,0.019574487182363987,-0.0003365936119334344,0.0028875912639158463,0.003171731296995509
-0.020356214749337798,-0.0072993302004167315,0.0005156117339342884,-0.020871826483272085,-0.020587686450192422
0.01038960030973346,0.012303377138681793,-0.0001060168106789605,0.01049561712041242,0.010779757153492083
-0.04970007882726979,0.007053449392805167,6.0465547473925215e-05,-0.04976054437474371,-0.04947640434166405
-0.0288547962507959,-0.0015015683952100956,0.0003317568117217618,-0.02918655306251766,-0.028902413029438
-0.04178279886841263,0.011939073060167393,-9.446423224139495e-05,-0.041688334636171234,-0.041404194603091575
0.010658974186474879,-0.0013853554985293615,0.00032807154250974604,0.010330902643965132,0.010615042677044795
-0.023969318570004283,0.0062301242403934864,8.657430925788247e-05,-0.024055892879262165,-0.023771752846182503
-0.016699417602916045,0.011731393541549506,-8.787843188886294e-05,-0.01661153917102718,-0.016327399137947517
0.03896097709600155,-0.00011892184463624389,0.0002879112067203825,0.03867306588928116,0.03895720592236083
0.043269305715902595,-0.0028298416808328897,0.00037387816644624276,0.042895427549456355,0.043179567582536015
0.004608224451856602,0.005700497411807115,0.00010336949723610677,0.004504854954620495,0.004788994987700158
-0.016513702550545073,0.0037755130048497954,0.00016441337421698436,-0.01667811592476206,-0.016393975891682396
0.08302232905588469,0.00034958621780534216,0.0002730541780479068,0.08274927487783679,0.08303341491091645
-0.008613215396427454,0.003120184693883088,0.00018519472738127778,-0.008798410123808732,-0.00851427009072907
0.04778455080780608,0.0006966942090356198,0.00026204691095568544,0.04752250389685039,0.04780664392993006
-0.042288574721131345,-0.0007011166816754955,0.00030637339783355665,-0.0425949481189649,-0.04231080808588524
0.0025973794351326074,0.0005298447465655887,0.0002673379346255577,0.0023300415005070496,0.0026141815335867127
-0.005181301065430577,0.00024027020881067784,0.00027652073755924256,-0.0054578218029898195,-0.005173681769910157
-0.03125005174014095,0.0007353590216279127,0.00026082079709479277,-0.031510872537235744,-0.031226732504156078
-0.007168452042999318,0.005133983312177293,0.00012133443081206079,-0.0072897864738113785,-0.007005646440731716
-0.03700359659163022,-0.0015011590075549863,0.00033174382948171575,-0.03733534042111193,-0.03705120038803227
0.012183703234430743,0.0019670962134916703,0.000221760733365887,0.011961942501064856,0.012246082534144519
-0.026851847845504095,0.0052368773596394025,0.00011807152044632457,-0.02696991936595042,-0.02668577933287076
0.07897239825220814,0.0028640233144536786,0.00019331795356255222,0.0787790802986456,0.07906322033172525
-0.0335097098172612,-0.0011500296768531815,0.0003206090402386078,-0.03383031885749981,-0.033546178824420146
0.04197080625418903,0.0028059818899186517,0.0001951585261751436,0.041775647728013884,0.04205978776109355
0.042031483277546355,-0.002542427180532325,0.00036476386124176583,0.04166671941630459,0.04195085944938425
-0.026890731519513933,-0.006829362527492333,0.0005007084190257109,-0.027391439938539645,-0.027107299905459983
0.0379965921378691,0.006384461097458161,8.168007734503138e-05,0.03791491206052407,0.03819905209360373
0.0058236016770703,0.0037647427417917267,0.00016475491392545797,0.005658846763144842,0.0059429867962245055
0.006617032481089691,-0.0011618962070774064,0.0003209853440718126,0.006296047137017878,0.006580187170097541
0.0065735351852536095,0.0016652165347093018,0.00023133374907864562,0.006342201436174964,0.0066263414692546265
0.002448957793566686,-0.007256565211683386,0.0005142555979043591,0.001934702195662327,0.00221884222874199
-0.06351789494562698,-0.00023782354133117245,0.00029168174144244576,-0.06380957668706944,-0.06352543665398977
0.0,-0.01635096881921505,0.000802651521022567,-0.000802651521022567,-0.0005185114879429042
-0.046956518422002325,0.0045356892119050585,0.0001403071514862667,-0.04709682557348859,-0.046812685540408926
0.005474490821885336,-0.016213587335965784,0.0007982949671031645,0.0046761958547821714,0.004960335887861834
0.0009073752079995501,-0.006342586611898127,0.00048527209185267436,0.0004221031161468757,0.0007062431492265385
0.0018132781729709446,-0.008489022887163578,0.0005533385091498937,0.001259939663821051,0.0015440796969007136
0.005429815828663198,0.020352415732846962,-0.000361262785649317,0.005791078614312515,0.006075218647392178
-0.036003567136914216,0.02401520473971619,-0.00047741481302893064,-0.035526152323885285,-0.035242012290805626
0.02334267031835191,0.004570048934014581,0.00013921755790723811,0.023203452760444672,0.023487592793524335
-0.030109481985170494,0.003810463907886641,0.00016330503348568247,-0.030272787018656176,-0.029988646985576514
0.0018814208724404757,0.0017463617463617798,0.00022876052391391263,0.001652660348526563,0.0019368003816062258
0.012206583952804051,-0.00013929653841071588,0.0002885573160061496,0.0119180266367979,0.012202166669877564
0.09833028254858234,0.003309574570383944,0.00017918891648704011,0.0981510936320953,0.09843523366517495
0.008445897509009148,0.0008617745425745227,0.0002568119887734122,0.008189085520235735,0.0084732255533154
-0.08040201607077058,-0.0048886047197381766,0.00043916434602540985,-0.08084118041679599,-0.08055704038371632
0.020036455027392597,-0.010310858415930158,0.0006111113947356028,0.019425343632656994,0.019709483665736657
-0.23214281000653014,-0.0003399636723855348,0.00029492074409221184,-0.23243773075062235,-0.23215359071754268
0.02906976615241441,-0.018278105145113743,0.0008637636382835504,0.02820600251413086,0.028490142547210523
-0.02485878616338244,-0.008893471722946522,0.0005661641325094189,-0.025424950295891858,-0.025140810262812195
-0.009269979449037069,0.01162984267174294,-8.465811551571813e-05,-0.009185321333521351,-0.008901181300441688
0.022222172648509675,0.017888280629516196,-0.0002831217058731209,0.022505294354382796,0.02278943438746246
-0.0034324638165698085,-0.008403811034715436,0.0005506363252675947,-0.003983100141837403,-0.0036989601087577405
-0.027554508618489404,-0.008093685160912578,0.0005408018114811002,-0.028095310429970505,-0.027811170396890843
0.015348301103008222,-0.0025785552362955766,0.00036590953108906404,0.014982391571919157,0.01526653160499882
-0.03139540067293922,-0.005813067327385291,0.000468480314243475,-0.031863880987182694,-0.031579740954103035
0.0012005076798833336,-0.009247875921837956,0.0005774027722825225,0.0006231049076008111,0.0009072449406804738
0.008393248626320293,0.013424199395820402,-0.00014155961078420612,0.008534808237104499,0.008818948270184162
-0.003567150239654593,0.0015499523698385698,0.0002349889327129869,-0.00380213917236758,-0.003517999139287917
0.00954653014481388,0.004731623968765364,0.00013409379352303835,0.009412436351290842,0.009696576384370504
-0.016548503864241004,0.015269721916580492,-0.0002000836431428827,-0.01634842022109812,-0.01606428018801846
-0.014423063697193705,-0.005491522439307173,0.00045828368796394284,-0.014881347385157648,-0.014597207352077986
-0.02804878346626427,0.002568460857030219,0.0002026906415832524,-0.028251474107847525,-0.027967334074767862
-0.0062734899892014084,-0.013387862410411011,0.0007086873816526349,-0.006982177370854044,-0.00669803733777438
0.021464655890949702,-0.013495609366348305,0.0007121041843547911,0.020752551706594912,0.021036691739674575
0.008652619716184695,0.009534685287099887,-1.8217821671528294e-05,0.008670837537856224,0.008954977570935886
-0.014705868603311245,-0.012991965252009852,0.0006961329436285272,-0.015402001546939773,-0.015117861513860109
-0.01865672836805088,0.01296246371066978,-0.00012691734341822392,-0.018529811024632654,-0.01824567099155299
-0.005069703742700327,0.014439495293299576,-0.00017375602631926584,-0.004895947716381061,-0.004611807683301398
0.017834378112919103,-0.0041560462088314765,0.0004159339180492341,0.01741844419486987,0.01770258422794953
0.05256571818839584,0.010291406686777416,-4.22144877555548e-05,0.052607932676151395,0.052892072709231054
0.0,-0.0034181723141418763,0.00039253493201483363,-0.00039253493201483363,-0.0001083948989351708
0.01664689011449072,-0.004247194360987749,0.00041882435007930776,0.016228065764411412,0.016512205797491075
-0.002339234773976351,0.010675561019232394,-5.4396544777574464e-05,-0.0022848382291987763,-0.0020006981961191135
0.029308324481379433,-2.903358867545336e-05,0.0002850607277143893,0.029023263753665044,0.029307403786744707
0.05694760993242065,0.009644506431775834,-2.170039972320927e-05,0.05696931033214386,0.05725345036522352
-0.026939655947593177,0.004074738491730789,0.0001549245265438865,-0.027094580474137063,-0.0268104404410574
-0.0653377818421883,0.0015975744623728527,0.00023347877130714482,-0.06557126061349544,-0.06528712058041579
-0.05450232040046188,-0.0003143092177338991,0.00029410720639907214,-0.05479642760686095,-0.054512287573781286
-0.05639095340721356,-0.0010620573331896477,0.0003178193174206425,-0.056708772724634204,-0.056424632691554545
-0.050464821228815016,0.006126533626735764,8.985930868626269e-05,-0.05055468053750128,-0.05027054050442162
0.018181833945029924,-0.0003033391953459752,0.0002937593320502174,0.017888074612979706,0.018172214646059368
-0.01785715806240895,0.002758770892866691,0.000196655651183413,-0.018053813713592364,-0.0177696736805127
0.01538463385275679,-0.0007657236475081541,0.00030842217270162447,0.015076211680055166,0.015360351713134828
0.02066110382938313,-0.001476028227480719,0.0003309468982225624,0.02033015693116057,0.020614296964240234
0.041835350764252155,-0.0029563045487578377,0.0003778884762047834,0.04145746228804737,0.04174160232112704
0.0621761699635448,0.006124919257840311,8.991050252237876e-05,0.062086259461022426,0.062370399494102086
0.01585367286155681,-0.0045385421527393,0.0004280633853120364,0.015425609476244774,0.01570974950932444
0.012004847825405118,-0.00438850348301556,0.0004233054547730211,0.011581542370632096,0.011865682403711759
0.030842143036209357,0.0011960799848387271,0.00024621070794336627,0.03059593232826599,0.030880072361345653
-0.013808963331824353,-0.014173946589881803,0.0007336151814700247,-0.014542578513294378,-0.014258438480214715
0.04084018598986727,0.0039444211911976446,0.00015905706560938437,0.04068112892425789,0.04096526895733755
-0.04708520994412879,-0.01696133008584244,0.000822006907974915,-0.04790721685210371,-0.04762307681902404
0.020000008975758377,-0.0019176795748703235,0.0003449522638873699,0.019655056711871007,0.01993919674495067
0.023068028547310826,0.012601439566208406,-0.00011546877615608122,0.023183497323466907,0.02346763735654657
-0.024802736174437068,-0.006074710968194674,0.0004767773903988306,-0.025279513564835897,-0.024995373531756234
0.045086746881153994,0.013533671171787054,-0.00014503110987834639,0.04523177799103234,0.045515918024112006
-0.038716856520647935,-0.003320173700583018,0.0003894272625247523,-0.039106283783172685,-0.038822143750093026
-0.032220914440923454,0.012158421402569175,-0.00010142006688667303,-0.03211949437403678,-0.03183535434095712
-0.08085610471775095,-0.004872579408787825,0.00043865616159196826,-0.08129476087934293,-0.08101062084626326
-0.00517463929551476,0.00901275466979845,-1.6666910338198411e-06,-0.005172972604480941,-0.004888832571401278
-0.018205444140945604,-0.0017457310425351702,0.0003394995417681812,-0.018544943682713786,-0.018260803649634123
-0.006622541651882585,-0.006139421956948832,0.00047882946397539717,-0.0071013711158579825,-0.00681723108277832
0.06666666666666665,-0.014558905652342857,0.0007458227575764154,0.06592084390909024,0.06620498394216989
-0.06375002861022949,-0.002377499996742527,0.0003595337956465954,-0.06410956240587609,-0.06382542237279643
-0.00267022450436305,0.0023685613495147972,0.0002090297271889365,-0.0028792542315519867,-0.002595114198472324
-0.0026773736932059755,0.012236645187396533,-0.00010390064962839381,-0.002573473043577582,-0.0022893330104979187
0.03355704783899305,-0.008795775050879251,0.0005630660379952185,0.03299398180099783,0.033278121834077495
-0.020779201477328257,-0.003965371271123064,0.0004098873561141135,-0.021189088833442372,-0.02090494880036271
0.0013262903093407274,0.0035296669586522,0.0001722094871340974,0.00115408082220663,0.0014382208552862928
-0.03311258194493727,0.0066088151237357895,7.456550564732942e-05,-0.0331871474505846,-0.03290300741750494
-0.012328787703611122,-0.0020619040578628844,0.0003495258186474027,-0.012678313522258525,-0.012394173489178862
0.016643534663548065,0.002682533127767339,0.00019907325453500475,0.01644446140901306,0.016728601442092723
-0.015006839653388226,0.004457481018385057,0.00014278723980639898,-0.015149626893194625,-0.014865486860114963
-0.07894732844709518,0.005202865037342352,0.00011915009750421195,-0.07906647854459939,-0.07878233851151972
0.013533785633090156,-0.00458128059365126,0.00042941867947439693,0.013104366953615759,0.013388506986695423
-0.008902068963955956,0.0016297588743277025,0.00023245815977544982,-0.009134527123731405,-0.008850387090651743
-0.03143713226699307,0.005148195696902835,0.00012088373673804371,-0.031558016003731114,-0.031273875970651455
0.018547197262379855,-0.0007784436134247175,0.00030882554014283864,0.018238371722237016,0.01852251175531668
-0.05462824357796603,-0.011311245518606405,0.0006428350320847231,-0.055271078610050754,-0.05498693857697109
-0.08988763098957797,0.009235131672624686,-8.71856862557529e-06,-0.08987891242095239,-0.08959477238787274
0.05291000173915217,-0.0014806053255762563,0.00033109204423624624,0.052578909694915923,0.05286304972799558
-0.05025121012409184,0.005087480356207541,0.00012280910287340577,-0.050374019226965244,-0.05008987919388558
-0.02292770946943079,0.002357715893671175,0.00020937365136303724,-0.02313708312079383,-0.022852943087714166
0.0072202097704794355,0.002252800575326619,0.00021270065898101463,0.007007509111498421,0.007291649144578084
-0.008960522326404763,-0.004141314249916261,0.00041546674757010843,-0.009375989073974871,-0.009091849040895208
-0.005424992526246064,0.0027692316953564777,0.00019632392489098182,-0.005621316451137046,-0.005337176418057383
0.06181820956143458,-0.0037403355807980043,0.00040275116792118,0.0614154583935134,0.06169959842659306
-0.023972660901509624,-0.010128906614839228,0.000605341455341756,-0.02457800235685138,-0.024293862323771717
0.014035158459685393,0.010923001659165044,-6.224322443353764e-05,0.01409740168411893,0.014381541717198593
-0.008650551716246624,0.002940748690645867,0.00019088488739917974,-0.008841436603645803,-0.00855729657056614
0.012216434804252607,-0.011837383677612334,0.0006595195895996949,0.011556915214652913,0.011841055247732575
-0.0344828068146934,-0.004455724813014705,0.0004254371346890392,-0.03490824394938244,-0.03462410391630278
-0.024999976583889194,0.0037738134388320965,0.00016446726976986797,-0.02516444385365906,-0.0248803038205794
-0.049450545611744556,0.013457901176364917,-0.00014262834014022605,-0.04930791727160433,-0.04902377723852467
0.06743736045737414,-0.005089560528435566,0.000445536928380041,0.0669918235289941,0.06727596356207376
0.025270734196678246,-0.0029496376848567873,0.0003776770608715718,0.024893057135806675,0.025177197168886337
-0.10563378921933275,-0.00030495478248648844,0.00029381056451854333,-0.1059275997838513,-0.10564345975077163
-0.09251964512801947,0.010779286625573148,-5.768582500776618e-05,-0.0924619593030117,-0.09217781926993204
0.060737467432074865,0.0007684139066803652,0.00025977258167576595,0.0604776948503991,0.06076183488347876
-0.014314866408069449,0.003047948049283322,0.00018748544975311736,-0.014502351857822567,-0.014218211824742904
-0.004149373488428698,-0.0006433745436266181,0.00030454231600300825,-0.004453915804431706,-0.004169775771352044
0.0,-0.0009305162517933008,0.0003136479705974325,-0.0003136479705974325,-2.950793751776971e-05
-0.01875003104408457,0.0023378744854138933,0.00021000284943882805,-0.0189600338935234,-0.018675893860443736
0.029723962919685043,-0.002233886303356414,0.00035497960985675397,0.02936898330982829,0.029653123342907952
0.039175270300310094,-0.010281980197837881,0.0006101956271136519,0.03856507467319644,0.03884921470627611
-0.025793673695410413,0.009162641262365545,-6.419798999099814e-06,-0.025787253896411313,-0.02550311386333165
-0.028513211982966746,-0.0012667608976734135,0.0003243107462149388,-0.028837522729181685,-0.028553382696102022
0.0,-0.0063184691730722164,0.0004845072950244706,-0.0004845072950244706,-0.0002003672619448078
-0.0020963840848350346,0.002059461282371222,0.0002188317112493257,-0.00231521579608436,-0.0020310757630046974
-0.025210158955061512,-0.0010085961899480855,0.00031612399176527615,-0.025526282946826788,-0.025242142913747125
-0.008620681681899223,0.0021188711112078984,0.00021694774467284137,-0.008837629426572064,-0.008553489393492401
0.041304361121641264,-0.008623167576889856,0.0005575924199388296,0.040746768701702435,0.041030908734782094
-0.014613814659467539,-0.0014361829335245435,0.0003296833496900461,-0.014943498009157586,-0.014659357976077923
-0.03389827426361236,-0.006474509789282434,0.0004894555554599995,-0.03438772981907236,-0.0341035897859927
-0.019736875815185018,0.00041835300422188304,0.0002708734896042967,-0.020007749304789314,-0.01972360927170965
0.04474279541156756,0.012042424827124476,-9.774165751563741e-05,0.0448405370690832,0.045124677102162856
0.025695906552171355,0.0017386264178671507,0.00022900582171441752,0.02546690073045694,0.0257510407635366
-0.018789176055248658,-0.0069942998817651425,0.0005059388071407477,-0.019295114862389405,-0.019010974829309742
-0.006382922167795124,-0.004622572493653387,0.00043072810185461287,-0.0068136502696497375,-0.006529510236570074
0.16488222020278331,0.0056898566086796,0.00010370693159388449,0.16477851327118942,0.16506265330426909
-0.06066175004319141,0.0019796413026920145,0.0002213629115034905,-0.0608831129546949,-0.060598972921615236
-0.011741671470031023,0.009902710578908236,-2.9888404850178713e-05,-0.011711783065180845,-0.011427643032101182
-0.025742595946714353,-0.0053035017498218595,0.00045232129585452154,-0.026194917242568873,-0.02591077720948921
-0.020325183553227655,0.006094866554531064,9.086351466996919e-05,-0.020416047067897625,-0.020131907034817962
-0.02904571334786865,0.0006358685039113965,0.0002639757768973827,-0.029309689124766034,-0.02902554909168637
-0.04700850390196476,-0.00735329696164333,0.0005173230934245089,-0.04752582699538927,-0.047241686962309605
-0.0403587055603275,-0.0029735743006855664,0.00037843612355629254,-0.040737141683883794,-0.04045300165080413
0.023364462553857157,-0.0003900796440671206,0.0002965099898019698,0.023067952564055187,0.02335209259713485
-0.01598177393433975,-0.02086619391956246,0.0009458354577705228,-0.01692760939211027,-0.01664346935903061
-0.0464036686590199,0.0026584898861461426,0.00019983569846880562,-0.04660350435748871,-0.04631936432440904
0.07055959913194765,0.006936040108400654,6.41887557698981e-05,0.07049541037617775,0.07077955040925742
0.015909021206140128,-0.0003080227407983305,0.0002939078536545455,0.015615113352485582,0.015899253385565245
-0.04026841986292473,-0.003861756863082544,0.00040660160213345164,-0.040675021465058185,-0.04039088143197852
0.06293705905066949,0.00608097510857486,9.130403133855738e-05,0.06284575501933093,0.0631298950524106
-0.004385960784535126,-0.016652749054007043,0.0008122213832309684,-0.0051981821677660935,-0.004914042134686431
0.011013257963653267,0.0022622025726091177,0.00021240250884358336,0.010800855454809683,0.011084995487889346
-0.04357304563258735,0.012338485100151564,-0.00010713013194705201,-0.043465915500640294,-0.043181775467560635
-0.10250565443077864,0.011066049239604414,-6.677945801090746e-05,-0.10243887497276773,-0.10215473493968806
0.08121831650102229,0.004453159211633695,0.00014292429018390425,0.08107539221083838,0.08135953224391805
-0.03521128810051821,-0.000734986066058041,0.00030744744213552277,-0.03551873554265374,-0.03523459550957407
-0.017031671383796465,0.008014680412562258,2.998360283677239e-05,-0.017061654986633236,-0.016777514953553573
0.03960392300071258,0.001106182994042637,0.0002490614639428819,0.0393548615367697,0.03963900156984936
-0.0071427938889455644,0.00077123387202227,0.0002596831567345563,-0.0074024770456801205,-0.007118337012600458
0.021582770009893615,-0.0042616893616069795,0.0004192840062881789,0.021163486003605438,0.0214476260366851
-0.01643196429586824,-0.0023877098952062026,0.0003598575654306785,-0.01679182186129892,-0.016507681828219257
0.014319795217220932,-0.005676040278268291,0.0004641349999130736,0.013855660217307858,0.01413980025038752
-0.004705877865062047,-0.01070332804283558,0.0006235571410683816,-0.005329435006130428,-0.0050452949730507655
-0.004728127857288822,-0.005775015185050969,0.0004672736289907946,-0.005195401486279616,-0.004911261453199953
0.05700707100796132,0.012386154626733425,-0.00010864179755113828,0.057115712805512454,0.05739985283859212
0.035955130585879624,0.007318795346650031,5.2051065930419036e-05,0.035903079519949206,0.036187219553028865
0.019522705671186635,2.836730636679441e-05,0.00028324046716428456,0.019239465204022352,0.019523605237102015
0.02978730829877274,-0.002271519985995063,0.00035617302518262784,0.029431135273590113,0.029715275306669776
-0.022727299596382977,-0.002756886733696673,0.00037156466572279076,-0.023098864262105768,-0.022814724229026105
-0.008456651520450165,-0.002249704779339723,0.00035548123527172365,-0.008812132755721888,-0.008527992722642225
0.002132143267095099,0.0031146787487494887,0.00018536932839943883,0.0019467739386956602,0.002230913971775323
0.025531993035336376,-0.00775298528243118,0.0005299977543706887,0.025001995280965687,0.02528613531404535
-0.03526972411607798,-0.0028748824444340126,0.0003753064703963707,-0.035645030586474356,-0.03536089055339469
-0.03440867117587121,0.012808166466444781,-0.0001220243676824635,-0.03428664680818874,-0.03400250677510908
-0.020044472235756783,-0.00955710249815489,0.0005872087681210788,-0.020631681003877862,-0.0203475409707982
-0.0386363801384757,0.0009500546545004873,0.00025401250620472757,-0.03889039264468043,-0.038606252611600764
0.03546101529339629,-0.0012752120935421996,0.0003245787451447436,0.03513643654825155,0.03542057658133121
0.013698616715036138,0.003911964108786803,0.00016008632389256046,0.013538530391143578,0.01382267042422324
-0.020270304375678894,0.00521142418513576,0.00011887867527186891,-0.020389183050950763,-0.0201050430178711
0.004597696865513701,-0.002625530186397551,0.00036739917072710153,0.004230297694786599,0.004514437727866262
-0.05263158469031881,-0.008254876246131082,0.0005459134003027704,-0.05317749809062158,-0.05289335805754192
-0.0024153991225044358,-0.021100170073477753,0.000953255160238991,-0.0033686542827434268,-0.003084514249663764
-0.012106583377572533,-0.031850965718637325,0.0012941775305385993,-0.013400760908111133,-0.01311662087503147
0.00980391240220757,-0.03941369286646568,0.0015340019072885838,0.008269910494918986,0.00855405052799865
-0.05582519102999839,-0.01352199497897244,0.0007129409080629267,-0.056538131938061315,-0.056253991904981655
-0.03856043478721882,0.03903385877450183,-0.0009536767848164987,-0.037606758002402325,-0.03732261796932266
0.02406414811225077,0.024297748621125326,-0.00048637466427557056,0.02455052277652634,0.024834662809606004
0.020887771205808203,0.0006087363616984476,0.0002648361740754008,0.020622935031732802,0.020907075064812465
-0.02813302585670785,-0.008391670369217175,0.0005502513282315339,-0.028683277184939383,-0.02839913715185972
-0.03157891764865317,-0.029576446640986798,0.0012220494331550884,-0.03280096708180826,-0.032516827048728596
-0.04891306073149537,0.01829297500443139,-0.0002959551156129038,-0.04861710561588247,-0.048332965582802805
-0.008571420397077256,0.0011647935451044589,0.00024720284355309155,-0.008818623240630348,-0.008534483207550686
-0.017291049649809875,-0.015329595723932221,0.0007702623892692491,-0.018061312039079125,-0.017777172005999462
-0.017595360612286837,0.02508305358648033,-0.0005112777541522181,-0.01708408285813462,-0.016799942825054957
0.03283586168533614,-0.01389756050907287,0.0007248506024660861,0.03211101108287006,0.03239515111594972
-0.0028901706222559387,0.005277955033794246,0.00011676889145945796,-0.0030069395137153968,-0.002722799480635734
-0.04347828791136965,0.004487043210972708,0.00014184978242176596,-0.043620137693791416,-0.04333599766071176
-0.054545475563070656,-0.004089655710746709,0.0004138285849446446,-0.0549593041480153,-0.054675164114935636
0.01282057748038623,0.01283131142251781,-0.00012275832575825023,0.012943335806144481,0.013227475839224144
-0.025316506313829312,0.008705414349693852,8.079489051546792e-06,-0.02532458580288086,-0.025040445769801196
0.0487013308711195,-0.002561059320011938,0.00036535471175783927,0.04833597615936166,0.04862011619244132
-0.012383889045456176,-0.016164165744279924,0.0007967277411286749,-0.01318061678658485,-0.012896476753505188
-0.012539172769758689,0.004565783605198437,0.0001393528172925062,-0.012678525587051195,-0.012394385553971533
0.05396820086620879,-0.012318429274285614,0.0006747742005562228,0.05329342666565257,0.05357756669873223
-0.009036136142469231,-0.002048642890328245,0.00034910528896587304,-0.009385241431435104,-0.009101101398355441
-0.03343461895782818,-0.003362984329369434,0.00039078484586291696,-0.0338254038036911,-0.03354126377061143
0.0,-0.00046579328582951884,0.00029891097248879766,-0.00029891097248879766,-1.4770939409134824e-05
0.04088046329977146,-0.02566609046896018,0.0010980467138323334,0.03978241658593913,0.04006655661901879
0.060422976175572796,0.001232853252514099,0.00024504457754768766,0.060177931598025106,0.06046207163110477
-0.11396014143995448,0.019075555906861608,-0.00032077182174458803,-0.11363936961820989,-0.11335522958513022
-0.0096462933767546,0.001973884228037459,0.00022154547618074828,-0.009867838852935348,-0.009583698819855685
-0.03896100276999048,0.014315289284541954,-0.00016981728463830317,-0.03879118548535218,-0.038507045452272515
0.0,0.018289840800508328,-0.0002958557257383568,0.0002958557257383568,0.0005799957588180196
-0.027027000903735332,-0.0035882361830883447,0.0003979278888914399,-0.02742492879262677,-0.027140788759547108
0.013888875091518038,0.008035633639867479,2.9319147464900623e-05,0.013859555944053137,0.0141436959771328
0.02054792507255443,0.008818435459823082,4.495435737641746e-06,0.02054342963681679,0.02082756966989645
-0.05033560215011956,0.000725111326717931,0.0002611457654556593,-0.050596747915575224,-0.05031260788249556
0.01766791239675558,0.0012754772073804155,0.00024369291389374117,0.01742421948286184,0.0177083595159415
0.04861106282031291,-0.006825423947869114,0.0005005835213023162,0.04811047929901059,0.04839461933209026
0.05629141634689372,-0.0047162741982138545,0.0004336995105088412,0.05585771683638488,0.05614185686946454
0.018808759154637977,0.01485277361914017,-0.00018686164483248404,0.01899562079947046,0.019279760832550123
-0.02769228128286505,0.004570474275370051,0.00013920406975362795,-0.027831485352618677,-0.027547345319539014
-0.025316506313829312,0.00027054553471672627,0.00027556066574594096,-0.025592066979575254,-0.02530792694649559
0.04545458064028707,-0.0014210903493528937,0.0003292047432929408,0.04512537589699413,0.045409515930073786
0.012422348291186713,-0.005825414995899281,0.0004688718756270605,0.011953476415559654,0.012237616448639316
0.058282226311742846,0.01662757156411132,-0.0002431429045804418,0.058525369216323286,0.05880950924940295
0.04347821880453617,0.011030344539323389,-6.56472133424745e-05,0.04354386601787865,0.04382800605095831
-0.07499999668863078,-0.0019131006866738298,0.000344807061107147,-0.07534480374973793,-0.07506066371665826
0.006006000415836432,-0.002554118539720318,0.00036513461016286444,0.005640865805673568,0.005925005838753231
-0.005970143730110733,0.01184003327863703,-9.132354589707877e-05,-0.005878820184213655,-0.005594680151133991
-0.006006000415836432,-0.0004497742019048401,0.00029840298552282006,-0.006304403401359252,-0.00602026336827959
-0.0030211452072894662,-0.004809877003672414,0.0004366677829378677,-0.003457812990227334,-0.0031736729571476712
-0.006060600368335001,0.011873817006551102,-9.239487391578293e-05,-0.005968205494419218,-0.005684065461339555
-0.009146332820563763,0.002728067346863705,0.00019762930243913694,-0.0093439621230029,-0.009059822089923238
-0.07384615678053641,-0.003545367230984642,0.0003965684560414596,-0.07424272523657786,-0.07395858520349821
0.006644511956771071,-0.0011321483923818487,0.0003200420003573584,0.006324469956413712,0.006608609989493375
0.026402615333808388,-0.0003476213457177524,0.00029516357934176616,0.02610745175446662,0.026391591787546284
-0.045016035758188355,-0.009822729385718598,0.0005956321584553838,-0.04561166791664374,-0.045327527883564075
0.013468000494176735,0.0015105949543003927,0.00023623700995647755,0.013231763484220258,0.013515903517299921
-0.029900303805469486,-0.003228085812548187,0.0003865070301902409,-0.030286810835659726,-0.030002670802580064
0.0034246541787590346,-0.013990375564759017,0.0007277938942770749,0.0026968602844819594,0.0029810003175616225
0.003412965950654101,-0.011207364706699363,0.0006395408300746662,0.002773425120579435,0.0030575651536590975
0.01700678617113871,0.014903265264943455,-0.0001884628036802327,0.017195248974818944,0.017479389007898607
-0.030100305646238334,-0.0013393792481354305,0.00032661357299947595,-0.030426919219237812,-0.030142779186158146
-0.051724169115389795,0.01616245179852549,-0.0002283933234154316,-0.05149577579197436,-0.0512116357588947
-0.043636322021484375,-0.00112310916925773,0.00031975535428251377,-0.043956077375766886,-0.04367193734268723
-0.007604645807912647,0.003810195689989637,0.00016331353904045455,-0.007767959346953101,-0.007483819313873439
-0.0191570706229659,-0.0012348607728660532,0.0003232991498158318,-0.019480369772781732,-0.01919622973970207
-0.03515621725818996,0.0012219959743400288,0.0002453888766239865,-0.03540160613481395,-0.03511746610173428
0.5668015549524412,-0.00012913227667687988,0.00028823499342491764,0.5665133199590163,0.566797459992096
-0.0077519308209067495,0.0005936176807606053,0.00026531560803650056,-0.00801724642894325,-0.007733106395863588
0.44531258197579104,-0.004640997274763192,0.0004313123767543998,0.4448812695990366,0.4451654096321163
-0.13513513049099446,0.01068057336863748,-5.45554932030077e-05,-0.13508057499779144,-0.13479643496471178
-0.039583343681361516,-0.010995693172566212,0.0006328284374738338,-0.04021617211883535,-0.039932032085755687
-0.01735356212344996,-0.014373526666262015,0.0007399441374794113,-0.018093506260929374,-0.01780936622784971
-0.02869759567768715,0.0205256690573854,-0.0003667568845061327,-0.028330838793181014,-0.028046698760101352
-0.06818186005284876,-0.006989502964787397,0.0005057866903709605,-0.06868764674321973,-0.06840350671014006
0.10975616989499004,-0.0064899016523778386,0.0004899436523993338,0.1092662262425907,0.10955036627567037
0.008791200038733793,-0.007738985017979982,0.0005295537869194357,0.008261646251814357,0.00854578628489402
-0.07189540582476828,0.0022513871531610885,0.0002127454805226764,-0.07210815130529095,-0.07182401127221129
-0.0821596535789424,-0.019422767297482935,0.0009000624339316342,-0.08305971601287403,-0.08277557597979436
-0.03069056811853421,0.004755560017433602,0.00013333474882375076,-0.030823902867357963,-0.0305397628342783
0.02374674234663776,0.010618561082731848,-5.258899916885085e-05,0.023799331345806612,0.024083471378886275
-0.04123713430708065,0.014514969430300617,-0.0001761494139839544,-0.041060984893096696,-0.04077684486001703
0.00537633891739131,-0.015040520909943678,0.0007610954332567177,0.0046152434841345924,0.004899383517214255
-0.01604276540816718,-0.01779722000676387,0.0008485141156789692,-0.01689127952384615,-0.016607139490766486
-0.016304396768935914,0.0077784025360287945,3.7476296063939686e-05,-0.016341873064999853,-0.01605773303192019
0.02486192139036225,0.008816736053143037,4.549326237711338e-06,0.02485737206412454,0.025141512097204204
0.048517537710621284,0.01241806830075265,-0.00010965382361420475,0.04862719153423549,0.04891133156731515
0.0257069156647316,-0.001598636221499028,0.00033483496467997127,0.02537208070005163,0.025656220733131292
-0.052631588382215266,-0.00217855994238203,0.00035322513560703356,-0.0529848135178223,-0.05270067348474264
0.005291000285156278,0.010629762908764828,-5.2944224326959704e-05,0.0053439445094832375,0.0056280845425629
-0.03947364706081635,-0.007217228595965963,0.0005130081802515097,-0.03998665524106786,-0.0397025152079882
-0.010958958692186105,-0.00941191309542666,0.000582604614442204,-0.011541563306628309,-0.011257423273548646
-0.027700805412326446,-0.015303731089594375,0.0007694421864920378,-0.028470247598818485,-0.028186107565738822
-0.005698000279445559,0.0020122259542274534,0.0002203296078296503,-0.005918329887275209,-0.005634189854195546
-0.03151859449720362,-0.013115396702646942,0.0007000471230166976,-0.03221864162022032,-0.03193450158714066
0.01183430783985151,-0.023700443014411654,0.001035713356237559,0.010798594483613951,0.011082734516693614
-0.038011728520717325,-0.010838374390218508,0.0006278396446494837,-0.03863956816536681,-0.038355428132287143
0.03951371305417828,0.0008532721255336551,0.00025708161199633646,0.039256631442181944,0.0395407714752616
-0.07602338732840141,0.00780279851675636,3.670266629271718e-05,-0.07606008999469413,-0.07577594996161446
0.04113920015548511,-0.02496545230421965,0.0010758285235020898,0.04006337163198302,0.04034751166506269
-0.07294833201200646,0.016695905386662213,-0.0002453098631502638,-0.0727030221488562,-0.07241888211577653
0.04590167445670068,-0.021599098001850003,0.0009690768442857828,0.0449325976124149,0.04521673764549456
0.012539172769758578,0.0005318215543925753,0.00026727524735735474,0.012271897522401223,0.012556037555480886
-0.05263160225698982,-0.011693855152413501,0.0006549681046090539,-0.053286570361598874,-0.05300243032851921
-0.00980391240220746,0.005195438361131455,0.00011938560752047824,-0.009923298009727938,-0.009639157976648275
0.003300326916725993,0.020283701024494727,-0.00035908374867204564,0.003659410665398039,0.0039435506984777016
-0.04605258823761926,-0.015637982053378963,0.0007800417397353065,-0.04683262997735457,-0.04654848994427491
0.010344817380417926,0.014144335590226431,-0.00016439611018748346,0.010509213490605409,0.010793353523685071
-0.09556312798984423,-0.010863483795639506,0.000628635898089274,-0.0961917638879335,-0.09590762385485384
0.056603717566302336,0.005528577205787588,0.0001088213210892523,0.05649489624521308,0.05677903627829275
0.07142858967489163,0.0247602174153414,-0.0005010401795283633,0.07192962985441999,0.07221376988749965
0.03333330154418945,-0.00044323658717015935,0.00029819566885668506,0.03303510587533277,0.03331924590841243
-0.032258034744817476,-0.018743090830274922,0.0008785089675757047,-0.033136543712393184,-0.03285240367931352
-0.019999980926513672,0.004992038934619414,0.00012583568032372114,-0.020125816606837394,-0.01984167657375773
0.006802714468455484,0.0015267325638141926,0.00023572526438266121,0.0065669892040728225,0.006851129237152486
-0.06418920769318748,-0.018481246310869337,0.0008702055212865079,-0.06505941321447399,-0.06477527318139432
0.05415165935028621,-0.014153935656373462,0.000732980607517664,0.053418678742768545,0.053702818775848205
-0.030821969259027693,-0.0006636203533073592,0.0003051843381986492,-0.031127153597226342,-0.03084301356414668
0.0565371343265475,-0.00018895027740828407,0.00029013190368803066,0.05624700242285947,0.05653114245593913
-0.023411348835963186,-0.012301161792504733,0.0006742266251941618,-0.024085575461157346,-0.023801435428077684
0.0034246541787590346,0.019518049565855122,-0.0003348038982574122,0.003759458077016447,0.00404359811009611
-0.01706482975327095,0.01651665412216241,-0.0002396255614493018,-0.01682520419182165,-0.016541064158741986
0.017361093864397548,0.01648043921048603,-0.00023847713728271825,0.017599571001680265,0.017883711034759928
-0.04436863873003127,-0.004665713707027619,0.0004320961684802459,-0.04480073489851152,-0.04451659486543186
-0.007142850452539706,-2.6032942938902792e-05,0.00028496557315181565,-0.007427816025691522,-0.007143675992611859
-0.028776951269557483,0.014454197186153817,-0.00017422224336265417,-0.028602729026194828,-0.028318588993115165
0.059259201698670605,-0.012454371867771763,0.0006790851253217626,0.05858011657334884,0.05886425660642851
-0.052447504353431706,0.004439786812972857,0.0001433483471559198,-0.05259085270058762,-0.052306712667507964
0.1033210211986666,0.011348275359951865,-7.572923262155561e-05,0.10339675043128815,0.10368089046436782
-0.08026756146195724,-0.0018701144822791393,0.00034344391002734577,-0.08061100537198458,-0.08032686533890492
0.021818161010742188,-0.008120976341902342,0.0005416672519953094,0.02127649375874688,0.02156063379182654
0.0,0.023868791801894718,-0.00047277185938604375,0.00047277185938604375,0.0007569118924657066
-0.0035587155398179027,0.004094308735004493,0.00015430392747899639,-0.0037130194672968992,-0.003428879434217236
0.014285700905079413,0.0034987406745825567,0.00017319020171723887,0.014112510703362174,0.014396650736441837
0.028169072021973385,0.0033058923144386743,0.00017930568583754641,0.027989766336135837,0.0282739063692155
-0.01369861671503625,0.0008850141950174084,0.00025607502774678016,-0.01395469174278303,-0.013670551709703367
-0.010416739102864003,-0.011240108649505087,0.0006405791850916093,-0.011057318287955612,-0.01077317825487595
0.0315790019647364,0.0050523932937867055,0.0001239217614041953,0.0314550802033322,0.03173922023641187
-0.01360542893691108,0.00015580493345068724,0.00027919924646539057,-0.01388462818337647,-0.013600488150296807
0.01379308984055716,0.01639550053418848,-0.00023578361618816466,0.014028873456745325,0.014313013489824987
-0.01360542893691108,-0.001260972921287129,0.0003241272016016861,-0.013929556138512765,-0.013645416105433102
-0.024137989434275475,-0.0018369416879204792,0.00034239195554365066,-0.024480381389819127,-0.024196241356739465
0.007067131259962167,0.005600351545632654,0.0001065452590307491,0.006960586000931418,0.007244726034011081
0.0,0.006595236486620859,7.499610272157894e-05,-7.499610272157894e-05,0.00020914393035808388
-0.01403507480404087,0.004405643688967897,0.00014443107211409024,-0.01417950587615496,-0.013895365843075297
-0.007117431079635694,0.0009855772666846896,0.00025288603579781173,-0.007370317115433506,-0.007086177082353843
0.010752678064499088,-0.000877387766836879,0.0003119631939893007,0.010440714870509788,0.01072485490358945
0.014184383971608927,-0.006386031602501285,0.0004866497916679194,0.013697734179941008,0.01398187421302067
0.06993008916771815,-0.0003780702927851376,0.00029612915691853037,0.06963396001079962,0.06991810004387927
-0.04248362040956577,0.0005452554858313974,0.00026684923909715423,-0.04275046964866292,-0.04246632961558326
0.023890761654579373,0.008816651779288476,4.551998676403284e-06,0.02388620965590297,0.024170349688982632
0.08000000317891431,0.004350315260639448,0.00014618561192242336,0.07985381756699189,0.08013795760007156
0.024691334404499887,-0.00203975921756705,0.0003488235756048646,0.024342510828895023,0.024626650861974686
0.003012045380823114,0.006330915127309877,8.337809297712684e-05,0.0029286672878459873,0.00321280732092565
0.04504507471594543,-0.003208322345054082,0.0003858803037221898,0.04465919441222324,0.04494333444530291
-0.040229914981853465,-0.010144492387214377,0.000605835701408416,-0.04083575068326188,-0.040551610650182215
-0.002994009197675007,0.010507619269939372,-4.907088320507333e-05,-0.002944938314469934,-0.002660798281390271
0.06906907637929094,-0.011975786526205012,0.0006639085324050284,0.06840516784688591,0.06868930787996558
0.030898914405183886,0.0027865779152880243,0.0001957738526349378,0.030703140552548948,0.03098728058562861
0.0,-0.0027397858070188352,0.00037102237204986123,-0.00037102237204986123,-8.688233897019841e-05
-0.05177113168137204,0.0096621337827838,-2.2259387028529727e-05,-0.05174887229434351,-0.05146473226126385
-0.020114923235383997,0.01004013710204088,-3.4246387045618304e-05,-0.020080676848338377,-0.019796536815258715
0.026392936042225035,0.0001729273803483533,0.0002786562703569841,0.02611427977186805,0.026398419804947712
0.02285712105887283,-0.0009842848497145784,0.0003153530460593833,0.02254176801281345,0.02282590804589311
0.06703911023782716,0.006541025289023228,7.671521362199738e-05,0.06696239502420516,0.06724653505728483
-0.005235597192677299,0.0030844851678346608,0.0001863268079677488,-0.005421924000645048,-0.005137783967565385
0.0447368627439908,0.0007615448773992117,0.0002599904079484886,0.04447687233604231,0.04476101236912198
-0.015113335603814781,-0.005194027008290192,0.0004488497027182761,-0.015562185306533057,-0.015278045273453394
-0.005115084523652946,4.785972478082989e-05,0.00028262233603167607,-0.0053977068596846225,-0.00511356682660496
-0.0077121359895410135,-0.0018120458796383465,0.00034160247556000954,-0.008053738465101023,-0.0077695984320213605
-0.04145073879804795,0.0018727515871905798,0.0002247525299440389,-0.04167549132799199,-0.041391351294912324
0.062162166516044115,0.001649352800310755,0.0002318368096995952,0.06193032970634452,0.06221446973942418
0.33333325244492795,-0.009230768513682652,0.0005768602730731162,0.3327563921718548,0.3330405322049345
0.20229016525138244,-0.005063088369821722,0.0004446974601807136,0.20184546779120172,0.20212960782428138
-0.012698475892249372,0.007809946463542827,3.647599516607222e-05,-0.012734951887415445,-0.012450811854335782
-0.10128611878688631,-0.008676638198860664,0.0005592880461776084,-0.10184540683306392,-0.10156126679998426
0.1091233703088268,-0.005936889314214544,0.00047240687806612955,0.10865096343076067,0.10893510346384033
0.056451676167262876,-0.0002390081258001331,0.000291719306229119,0.056159956861033755,0.05644409689411342
0.12061067768677347,0.0031746390805036384,0.0001834679046257687,0.1204272097821477,0.12071134981522737
-0.03542237377068269,0.0007534970439868616,0.0002602456157055024,-0.03568261938638819,-0.03539847935330853
0.10028249234433884,0.012483643435067249,-0.00011173330042328297,0.10039422564476212,0.10067836567784179
0.07445441932557961,-0.009561518078546327,0.0005873487921884113,0.0738670705333912,0.07415121056647087
0.02150541309879106,-0.0001694649071644072,0.0002895139960624961,0.021215899102728565,0.021500039135808228
0.06081865409229459,-0.00847828902508041,0.0005529981237659049,0.06026565596852868,0.06054979600160835
0.03969135859585449,0.009796652464963085,-2.6525157627451843e-05,0.03971788375348194,0.0400020237865616
0.0010603684924626045,-0.009411297455333645,0.0005825850916564781,0.0004777834008061263,0.0007619234338857891
-0.10275416911778146,0.00020517873267866804,0.00027763353605482396,-0.10303180265383628,-0.10274766262075662
-0.1062573868941733,-0.003706707658226005,0.00040168478070204806,-0.10665907167487534,-0.10637493164179569
0.033025098326402436,0.006019504059596059,9.325336201271002e-05,0.03293184496438972,0.03321598499746939
-0.025575483594881376,-0.0020854589704891735,0.0003502727770037705,-0.025925756371885145,-0.025641616338805483
0.09317585942389806,0.013681382686285826,-0.00014971524315606703,0.09332557466705413,0.09360971470013378
0.03961583754243736,0.006974740643369559,6.296150910379647e-05,0.039552876033333566,0.039837016066413225
0.03810622742732139,-0.00021044390350322129,0.00029081349584143736,0.037815413931479955,0.03809955396455962
-0.012235779697196247,0.004286857336424754,0.00014819794911602512,-0.012383977646312272,-0.01209983761323261
0.016891848715895774,-0.0010052630048559275,0.00031601829192688533,0.016575830423968888,0.01685997045704855
-0.07419713135179584,0.0011350423274503196,0.0002481462951799965,-0.07444527764697584,-0.07416113761389617
-0.015550253562161998,0.0028246780734553223,0.0001945656447348059,-0.015744819206896802,-0.015460679173817141
-0.02187112533575597,-0.002911814656949452,0.0003764776411493783,-0.022247602976905347,-0.021963462943825684
0.0832298211700766,0.004897281193053882,0.00012884057734948722,0.08310098059272711,0.08338512062580677
0.022935757240897692,0.0012894462510633087,0.00024324993649556742,0.022692507304402126,0.02297664733748179
0.010089703118622007,0.0033095665337075086,0.00017918917134099422,0.009910513947281012,0.010194653980360674
0.05882349828052846,-0.0017177585589538413,0.0003386124962209982,0.05848488578430747,0.058769025817387126
0.05765201183795732,-0.009175181182794367,0.0005750975231120382,0.05707691431484528,0.05736105434792494
-0.28146680967685467,-0.008115191387155773,0.000541483803202367,-0.282008293480057,-0.2817241534469774
0.03172414056186024,-0.0017988851350955182,0.00034118513042830583,0.03138295543143193,0.031667095464511595
0.044117636746601185,-0.0018407128700851372,0.00034251154486567313,0.043775125201735515,0.044059265234815174
-0.05121640183073717,0.0031329906996742096,0.00018478863149847254,-0.05140119046223564,-0.05111705042915598
-0.017543811104012486,-0.0032579654199809127,0.00038745455323186556,-0.01793126565724435,-0.01764712562416469
0.004120842322335783,0.00580818525653326,9.995456903095357e-05,0.004020887753304829,0.004305027786384492
0.0027359755243594464,0.002712061607464289,0.00019813686623204596,0.0025378386581274004,0.002821978691207063
0.07230562282739839,-0.0016515636618127383,0.0003365133658887009,0.07196910946150968,0.07225324949458935
0.08142491801707341,0.01336407865930278,-0.0001396531003570477,0.08156457111743046,0.08184871115051012
0.0023529950310201553,-0.035919799994431734,0.001423205806346695,0.0009297892246734603,0.0012139292577531232
-0.18544604643811613,-0.01809650217612302,0.0008580047608306394,-0.18630405119894677,-0.1860199111658671
-0.10518732176579537,0.01777016508725926,-0.00027937610117886847,-0.1049079456646165,-0.10462380563153684
-0.1513687683488243,0.017032672570028273,-0.000255989209143039,-0.15111277913968124,-0.15082863910660158
0.14800763048033616,0.013565044705922347,-0.000146026007370133,0.1481536564877063,0.14843779652078595
-0.03966946122131787,0.00194860235588723,0.00022234719877538698,-0.03989180842009326,-0.03960766838701359
0.05507748275609914,-0.006847477437932237,0.0005012828675045746,0.054576199888594565,0.054860339921674224
0.05220223309137806,0.005352963242081676,0.00011439027902877791,0.05208784281234928,0.05237198284542895
0.012403163241694326,-0.0008715778419239317,0.00031177895335837805,0.012091384288335947,0.01237552432141561
0.004594139664211738,0.015253349296718177,-0.0001995644450708788,0.004793704109282617,0.00507784414236228
-0.039634108889109676,0.003408615474199461,0.00017604819455353338,-0.03981015708366321,-0.03952601705058355
0.012698400203813742,0.007009293213798395,6.186580004194237e-05,0.0126365344037718,0.012920674436851463
-0.0031347931924397,0.00013476775533982632,0.0002798663640316331,-0.003414659556471333,-0.0031305195233916703
-0.036163524252379675,0.00525920411762093,0.00011736350854623834,-0.03628088776092591,-0.03599674772784625
-0.013050558272844515,-0.0009289473209127541,0.0003135982176626464,-0.013364156490507161,-0.013080016457427499
-0.01487605781000123,0.002382294987840705,0.00020859421481520682,-0.015084652024816438,-0.014800511991736775
-0.0352349055038369,-0.0014351736522938419,0.0003296513440077853,-0.03556455684784469,-0.03528041681476502
0.05217394621475879,0.004270300173431885,0.000148722999302009,0.05202522321545679,0.052309363248536446
0.0016528515255240794,-0.003612528916297486,0.00039869824454325116,0.0012541532809808283,0.0015382933140604912
0.011551183551541389,0.004553964713003289,0.00013972761045893565,0.011411455941082452,0.011695595974162115
0.0016312808903740095,-0.0030114751244342264,0.00037963801029055656,0.001251642880083453,0.0015357829131631157
0.05374591708174403,0.0003227842443460638,0.00027390410512512356,0.05347201297661891,0.05375615300969857
-0.18547138302605592,-0.0011985421207814095,0.00032214743589962895,-0.18579353046195554,-0.1855093904288759
0.0759013466442382,0.0016062090221755643,0.00023320495765729096,0.07566814168658091,0.07595228171966058
-0.003527333449276804,0.0016313092573088106,0.00023240899501981337,-0.0037597424442966172,-0.0034756024112169545
-0.03893809970183748,-0.0012697872845152114,0.00032440671706301407,-0.03926250641890049,-0.038978366385820834
-0.005524812876535612,-0.006361619481225378,0.0004858756500579288,-0.006010688526593541,-0.005726548493513878
-0.07407409042651403,0.0031339432802557354,0.00018475842387101184,-0.07425884885038504,-0.07397470881730538
-0.006000041961669922,0.00021257188969192597,0.0002773990889779612,-0.006277441050647883,-0.00599330101756822
-0.008048282402741247,0.008603496447961101,1.1311444506893547e-05,-0.00805959384724814,-0.007775453814168477
-0.022312304362557156,-0.0009071655678379864,0.0003129074886103391,-0.022625211851167497,-0.02234107181808783
0.037344361395858616,0.0003897939364765346,0.00027177913653412877,0.037072582259324485,0.03735672229240415
0.060000038146972745,-0.0028646859974036376,0.00037498312717555563,0.05962505501979719,0.059909195052876854
-0.06415096987774793,0.004734588012062169,0.00013399979967367406,-0.0642849696774216,-0.06400082964434195
0.17741937654695672,-0.0007960463737501922,0.00030938374764412986,0.17710999279931258,0.17739413283239225
-0.01369861671503625,0.0027929092187690685,0.0001955730783796095,-0.013894189793415859,-0.013610049760336196
0.031249968955915364,-0.00547907701986905,0.0004578890267654363,0.030792079929149927,0.03107621996222959
-0.030303001111897543,0.001868589648029051,0.00022488451070256347,-0.030527885622600108,-0.030243745589520442
0.031249968955915364,0.0021996173129046337,0.0002143871726571752,0.031035581783258187,0.03131972181633785
-0.005050540323123798,-0.0014402713809749113,0.0003298129999263291,-0.005380353323050127,-0.005096213289970464
0.028764819066515734,-0.000563323157221185,0.000302003777526426,0.028462815288989307,0.02874695532206897
0.05592107842998861,0.0019517694055308787,0.00022224676731831102,0.055698831662670305,0.055982971695749964
-0.03738321574816339,-0.005240276852734871,0.0004503163482684748,-0.037833532096431866,-0.0375493920633522
0.07928806821456647,-0.0013652276243513173,0.0003274332602094997,0.07896063495435697,0.07924477498743662
-0.014992489278670473,-0.0015788165944199406,0.0003342064573150025,-0.015326695735985475,-0.015042555702905813
-0.04414002348187063,0.005228047221710774,0.00011835153614488879,-0.044258375018015515,-0.043974234984935856
0.08917196243161118,-0.0019536804841114863,0.00034609390174530506,0.08882586852986588,0.08911000856294554
0.02192976830176252,-0.0023758642617150993,0.0003594819242613381,0.02157028637750118,0.021854426410580843
-0.040057187716674436,-4.1384533048027805e-05,0.00028545239297991153,-0.04034264010965435,-0.04005850007657469
0.02235470857148547,0.004201041336424849,0.00015091929133991637,0.022203789280145554,0.022487929313225217
-0.02769680080503456,0.0029816787577114923,0.00018958693923412298,-0.027886387744268683,-0.02760224771118902
0.0329834764130752,-0.0001463852229309781,0.00028878210784563006,0.03269469430522957,0.032978834338309226
-0.01886787229650111,-0.0022230136296667036,0.0003546348225676886,-0.019222507119068796,-0.018938367085989134
-0.004437900708963771,-0.02452206896667508,0.001061768234070851,-0.005499668943034622,-0.005215528909954959
-0.07280835758790682,0.01467705274849096,-0.000181289296728201,-0.07262706829117863,-0.07234292825809896
0.038461579608730645,-0.014830674258895948,0.0007544409101836427,0.037707138698547,0.037991278731626665
0.016975329196084132,-0.0005876766502063147,0.0003027760599534763,0.016672553136130655,0.016956693169210318
0.02124428880788698,0.010109273363029914,-3.643879203107128e-05,0.021280727599918052,0.021564867632997715
0.01485882679779471,-0.0037722947474507773,0.00040376463661760805,0.014455062161177102,0.014739202194256765
-0.019033691931635954,-1.8603060785604697e-05,0.00028472996147074997,-0.019318421893106705,-0.019034281860027043
-0.040298505763111,0.0002991382171499968,0.0002746539528485785,-0.04057315971595958,-0.04028901968287992
0.0342146614155745,0.010917162352442444,-6.20580520654189e-05,0.03427671946763992,0.03456085950071958
0.06315790530387044,0.006499784427785649,7.802301749348508e-05,0.06307988228637695,0.06336402231945662
0.05657703095023803,-0.00573677446354337,0.00046606096363572316,0.0561109699866023,0.05639511001968197
-0.07228915355018684,-0.008587762798917709,0.0005564696862152441,-0.07284562323640208,-0.07256148320332241
-0.11255407680986718,0.006444170055012188,7.978662498956752e-05,-0.11263386343485675,-0.11234972340177708
-0.006504058737032858,0.005296554012835575,0.00011617909250604029,-0.006620237829538899,-0.006336097796459236
0.08837969722636085,-0.009321411497187015,0.0005797346855173011,0.08779996254084355,0.08808410257392321
-0.025563920880598445,0.007967969231286176,3.146487800614157e-05,-0.025595385758604587,-0.025311245725524924
-0.06327158120452159,-0.0032606955294726125,0.0003875411287216998,-0.06365912233324329,-0.06337498230016363
-0.008237263479545898,-0.0049555622707156965,0.0004412876611494389,-0.008678551140695337,-0.008394411107615674
0.009966767935156495,0.0042966906501935576,0.000147886121345448,0.009818881813811048,0.01010302184689071
-0.04440789215700114,0.00048155976529717925,0.0002688691171358782,-0.044676761274137014,-0.044392621241057355
0.04819280767056178,-0.0032534833570118105,0.00038731242091145945,0.04780549524965032,0.04808963528272998
-0.044334971126688716,0.004605905039596125,0.00013808051197054255,-0.04447305163865926,-0.0441889116055796
0.013745690952998268,-0.012446471596532338,0.0006788345969622018,0.013066856356036067,0.01335099638911573
0.03389827220887209,0.001146589037580359,0.00024778013327750813,0.03365049207559458,0.03393463210867425
0.00655737089809616,-0.0030992637479612117,0.00038242190709280254,0.006174948991003357,0.00645908902408302
0.03583066316168049,0.00020160447857309194,0.00027774688051991706,0.03555291628116057,0.03583705631424023
-0.04874212834461711,-0.003037994040303138,0.000380478961226116,-0.049122607305843224,-0.04883846727276356
-0.046281024955527994,0.006160403318245855,8.878525464486384e-05,-0.046369810210172856,-0.046085670177093196
-0.029462751621473604,0.0021919710189710617,0.00021462964705050205,-0.029677381268524105,-0.029393241235444442
0.06607140926073973,-0.0013757239543792377,0.00032776611312854636,0.06574364314761119,0.06602778318069084
0.07705193539583122,-8.414160005176807e-05,0.0002868082778010073,0.07676512711803021,0.07704926715110988
0.029548998801381066,0.004749839541692946,0.0001335161528996085,0.029415482648481456,0.02969962268156112
-0.03172206069143113,-0.0037977277864983394,0.00040457115292041965,-0.03212663184435155,-0.03184249181127189
0.07644309822458872,-0.0017404116452881535,0.00033933085643754387,0.07610376736815118,0.07638790740123085
0.02028983544211682,-0.0029867267366989747,0.0003788532052132138,0.01991098223690361,0.02019512226998327
-0.028409063970007975,-0.0031082993435224138,0.0003827084381326871,-0.02879177240814066,-0.028507632375060998
0.02192976830176252,-0.00012227640782913607,0.0002880175844874602,0.02164175071727506,0.021925890750354723
-0.045779643104770784,-0.006786883476427641,0.0004993613504686433,-0.04627900445523943,-0.04599486442215976
-0.011993991422936445,-0.00652550029741239,0.0004910725339114755,-0.012485063956847921,-0.012200923923768259
0.018209390406760173,-0.004423400838946101,0.00042441209745266187,0.01778497830930751,0.018069118342387173
-0.020864361503678652,-0.0016661307322337615,0.0003369753075291313,-0.021201336811207783,-0.02091719677812812
-0.059360781298752,0.022223543967337278,-0.00042059881006014017,-0.05894018248869186,-0.05865604245561219
-0.024271783607896613,0.0037719744542996647,0.00016452558647371334,-0.024436309194370325,-0.024152169161290662
0.0033167463069041503,0.011077020753253342,-6.712737964967947e-05,0.0033838736865538298,0.0036680137196334925
-0.018181839677106404,0.0019507459501284519,0.00022227922248285956,-0.018404118899589265,-0.018119978866509602
-0.0622895424233747,-0.0013979503036608554,0.00032847094093202227,-0.06261801336430672,-0.06233387333122706
0.03411131981415849,-0.00011550278622274313,0.00028780278372203,0.03382351703043646,0.03410765706351612
0.006944437545759019,0.007480797417763307,4.6913759641628155e-05,0.006897523786117391,0.0071816638191970535
0.15689652025628842,-0.0015822634216101639,0.0003343157608990803,0.15656220449538935,0.156846344528469
-0.10432187858205255,0.004676369608375142,0.00013584598453618486,-0.10445772456658874,-0.10417358453350907
-0.014975066416034966,-0.002386798421690206,0.00035982866136424513,-0.015334895077399211,-0.015050755044319549
-0.04898647941142831,0.0074614006258433285,4.75288583278863e-05,-0.049034008269756194,-0.048749868236676534
0.1740674954090662,0.002165432272904111,0.000215471226828646,0.17385202418223755,0.1741361642153172
-0.045385807061301686,0.0008080244329033981,0.00025851647794777335,-0.04564432353924946,-0.0453601835061698
-0.022186983796377957,0.003914386891670674,0.00016000949414797663,-0.022346993290525932,-0.02206285325744627
0.008103681244642447,-0.005254535631502799,0.00045076851356075517,0.007652912731081691,0.007937052764161354
-0.01929258675350931,0.0013352930642269722,0.0002417960716161362,-0.019534382825125447,-0.019250242792045784
0.05081966354525935,-0.0026534040390964186,0.0003682830885546866,0.050451380456704664,0.05073552048978433
-0.0468018285552414,-0.0035155289737457407,0.0003956222442707917,-0.04719745079951219,-0.04691331076643253
0.01309327691618889,0.00039700650631591117,0.00027155041612247265,0.012821726500066417,0.01310586653314608
-0.07269794538650809,0.005821305253253195,9.953851606820405e-05,-0.07279748390257629,-0.07251334386949664
0.04703840915155211,0.0034108883546988267,0.00017597611841769869,0.04686243303313441,0.04714657306621407
0.0016638521903247216,0.013163241364864575,-0.00013328427625096764,0.0017971364665756893,0.002081276499655352
-0.08803990224046132,0.0021593430473272335,0.00021566432446397241,-0.0882555665649253,-0.08797142653184563
0.003643070782787694,0.005938984786955759,9.580673779896551e-05,0.0035472640449887285,0.0038314040780683912
-0.04355721197565654,-0.0011374349205595102,0.0003202096433650455,-0.043877421619021584,-0.043593281585941925
0.009487702261067765,0.006539774750587091,7.675486989878566e-05,0.00941094739116898,0.009695087424248643
-0.007518789579387564,-0.00811717185395111,0.0005415466065014391,-0.008060336185889003,-0.00777619615280934
-0.005681857692471315,0.0038832279549072535,0.0001609975864648633,-0.005842855278936178,-0.005558715245856515
-0.02285712105887272,-0.0017506226204834219,0.000339654660366252,-0.023196775719238973,-0.02291263568615931
0.03703704736489377,0.001975120701520394,0.00022150626592277965,0.03681554109897099,0.03709968113205066
-0.026315853158898173,0.0036375121488696482,0.0001687895692891425,-0.026484642728187315,-0.026200502695107653
0.017374547407418728,-0.0024573614565177593,0.0003620663112910926,0.017012481096127637,0.0172966211292073
0.017077827877348017,-0.0018629737285675851,0.00034321746700290183,0.016734610410345116,0.01701875044342478
-0.03358214565150763,0.0012517152775348706,0.00024444643704804684,-0.03382659208855568,-0.03354245205547602
-0.0366795489414905,0.0022483727122095676,0.00021284107255030305,-0.03689239001404081,-0.03660824998096114
-0.040080123935621104,-0.008356529175972627,0.0005491369531386094,-0.04062926088875971,-0.04034512085568005
0.09603341165143142,-0.000293304709629405,0.0002934411248432214,0.0957399705265882,0.09602411055966786
-0.028571446736653683,-0.004637050227782158,0.00043118721051955803,-0.029002633947173243,-0.028718493914093576
0.023529389765297948,0.008486575281279274,1.5019173925163293e-05,0.023514370591372784,0.023798510624452446
0.051724136356066985,0.005722273788525856,0.00010267893867537057,0.05162145741739162,0.051905597450471276
0.005464519318593597,-0.0007706704833204681,0.00030857904360181466,0.005155940274991782,0.005440080308071445
0.0018116356732591488,0.0035169592193697863,0.00017261246685209257,0.0016390232064070562,0.001923163239486719
-0.05786621329485753,-0.0035485942758867184,0.00039667079002988164,-0.05826288408488741,-0.057978744051807744
-0.023032607424272156,0.0,0.0002841400330796628,-0.02331674745735182,-0.023032607424272156
0.06090371974191955,0.0028296382793233654,0.00019440834985194125,0.06070931139206761,0.06099345142514727
-0.00740740021233377,-0.0021448089967596173,0.0003521548471594407,-0.007759555059493211,-0.007475415026413548
0.03917911061865609,0.0018498402425362048,0.00022547907988360895,0.03895363153877248,0.03923777157185214
0.016157930516524255,-0.0029675026899970147,0.0003782435845130628,0.01577968693201119,0.016063826965090854
-0.026501700101433157,0.0017637540575008437,0.00022820899004291143,-0.02672990909147607,-0.026445769058396407
0.010889281358835268,-0.003609308355419394,0.0003985961161720596,0.010490685242663209,0.010774825275742871
-0.005386033910911192,0.003366237154707852,0.00017739206877524257,-0.005563425979686435,-0.005279285946606772
0.0722021837764848,-0.002690124758069401,0.0003694475525594518,0.07183273622392534,0.07211687625700501
0.01683500061772092,0.006564593637664151,7.596782919130839e-05,0.01675903278852961,0.017043172821609272
0.06788076986780722,0.008026090549617448,2.9621771852472202e-05,0.06785114809595474,0.06813528812903441
-0.027906950955263854,-0.0007353844075136395,0.00030746007408553964,-0.028214411029349393,-0.02793027099626973
-0.033492829152439785,-0.000866463892926328,0.0003116167830715082,-0.033804445935511296,-0.03352030590243163
-0.034653471968623784,-0.006009543517695892,0.00047471084179873417,-0.035128182810422515,-0.034844042777342855
0.029059842575266392,-0.0008899054071440649,0.0003123601454099153,0.028747482429856478,0.02903162246293614
-0.016611279891927455,0.00029836348965073256,0.00027467852051260105,-0.016885958412440057,-0.016601818379360395
0.04729725158153664,0.0005703094032936118,0.00026605474525610026,0.047031196836280535,0.0473153368693602
0.00806454714081517,0.007264758098647794,5.376466065228365e-05,0.008010782480162886,0.008294922513242549
-0.06559997558593755,-0.002115356985885164,0.0003512208837869782,-0.06595119646972453,-0.06566705643664487
-0.006849308357518069,0.00022682918569594257,0.0002769469707061437,-0.007126255328224213,-0.00684211529514455
0.022413729884255273,0.0006933223855400961,0.0002621538360704646,0.02215157604818481,0.022435716081264472
-0.020236068976869026,0.005752546449780516,0.00010171895136179324,-0.020337787928230818,-0.020053647895151155
0.020654025256611863,0.003566050102845164,0.0001710557280853146,0.02048296952852655,0.020767109561606212
-0.008431655201533661,0.005245845097992419,0.0001177871412509193,-0.008549442342784581,-0.008265302309704917
-0.042517005975223565,0.004007335176634763,0.00015706197745515323,-0.04267406795267872,-0.04238992791959906
-0.012433422777705982,0.004992308919898214,0.00012582711872286548,-0.012559249896428848,-0.012275109863349185
-0.026978434696250053,-0.0008641180363413437,0.00031154239276462003,-0.027289977089014674,-0.02700583705593501
0.02772645094235715,0.0016785565287558146,0.0002309107197010788,0.027495540222656073,0.027779680255735736
0.016187077970166053,0.006048066160828425,9.234761888687358e-05,0.01609473035127918,0.016378870384358844
0.07964598259637246,-0.001082200145408052,0.00031845807342649127,0.07932752452294596,0.07961166455602563
-0.01311474179619243,0.00041898672168572126,0.0002708533935605244,-0.013385595189752955,-0.013101455156673292
-0.0033222559783855354,0.0014933641914423035,0.00023678342091149323,-0.0035590393992970286,-0.003274899366217366
0.04833332697550463,0.0010179830611165563,0.00025185840392629274,0.048081468571578335,0.048365608604658
0.10651829576427607,-0.0025783763780462543,0.00036590385925040954,0.10615239190502566,0.10643653193810533
0.0057471209243953325,0.013673854659866258,-0.0001494765191866655,0.005896597443581998,0.006180737476661661
0.13571425846644813,-0.005859880503598425,0.00046996482381119435,0.13524429364263693,0.1355284336757166
0.12578616653984986,0.0005038772720600271,0.0002681613986045346,0.12551800514124534,0.125802145174325
0.037988844674154976,-0.0032772408480052917,0.00038806580330372133,0.037600778870851254,0.03788491890393092
0.16038748947647585,-0.0029133737680216987,0.0003765270826846706,0.16001096239379117,0.16029510242687084
-0.14564004950967602,-0.002284215165048731,0.000356575606598665,-0.14599662511627468,-0.145712485083195
0.003257299983380646,0.0007998953585612867,0.0002587742619653035,0.0029985257214153425,0.0032826657544950053
0.023809553298526298,0.003268670195698986,0.00018048604991171814,0.02362906724861458,0.023913207281694243
-0.031712493607307324,0.0003666328125562224,0.0002725136073143702,-0.03198500721462169,-0.03170086718154203
0.0,-0.0033790271755046453,0.00039129358636094983,-0.00039129358636094983,-0.00010715355328128702
0.03493446508240128,0.008374752796581397,1.8565217194356693e-05,0.03491589986520692,0.035200039898286586
-0.04113917810975298,-0.0016267102694209612,0.0003357252309707048,-0.041474903340723686,-0.04119076330764403
-0.011001141891208488,-0.0013143147950017697,0.000325818745057933,-0.01132696063626642,-0.011042820603186758
0.0022247450804089297,-0.0020098935338483948,0.0003478764941031744,0.0018768685863057553,0.0021610086193854182
0.00665920803753739,-0.012407972940626899,0.0006776137521561208,0.005981594285381269,0.0062657343184609315
0.040793814554395125,0.0018898864360001877,0.0002242091605541159,0.04056960539384101,0.04085374542692067
-0.008474568565903118,-0.001060269661328106,0.00031776262791146845,-0.008792331193814586,-0.008508191160734924
-0.05128200425668883,-0.0008439958489141475,0.00031090429079898724,-0.05159290854748782,-0.05130876851440815
-0.08783780663501717,-0.001019587452981141,0.0003164725396839135,-0.08815427917470108,-0.08787013914162142
-0.006172862762975684,0.007251474353500598,5.418590630065361e-05,-0.006227048669276337,-0.0059429086361966746
0.0,0.001085324742930105,0.0002497229074903453,-0.0002497229074903453,3.441712558931749e-05
-0.003726674814954589,0.002935109936855751,0.00019106369996069726,-0.003917738514915286,-0.0036335984818356235
-0.0012469112607288446,-0.002255047489714501,0.00035565065989339004,-0.0016025619206222347,-0.0013184218875425717
-0.03745320626248494,-0.0016421255420062675,0.000336214070256843,-0.03778942033274178,-0.037505280299662117
0.012970156178702563,0.0005595225490382383,0.00026639681109403424,0.012703759367608529,0.012987899400688192
-0.03841225558203232,-0.0030548611983906016,0.0003810138417786996,-0.03879326942381102,-0.03850912939073135
0.009320864539393181,0.001929509405943275,0.00022295266221881462,0.009097911877174366,0.009382051910254029
-0.01978893098643897,-0.0008271302020167459,0.00031036945816829845,-0.020099300444607268,-0.019815160411527605
0.0,0.0006876864837839225,0.0002623325581901019,-0.0002623325581901019,2.1807474889560906e-05
-0.04037681303214591,-0.001433879303282093,0.00032961029843798335,-0.04070642333058389,-0.040422283297504226
-0.007012649359372958,-0.003759951034546627,0.0004033732006717973,-0.007416022560044755,-0.007131882526965092
-0.022598848748059952,-0.006814694227374907,0.0005002432672537533,-0.023099092015313707,-0.022814951982234044
0.024566484742727157,0.008613348940219367,1.0999008560298393e-05,0.024555485734166858,0.02483962576724652
0.009873017393189798,-0.0029033798625895946,0.0003762101623337571,0.00949680723085604,0.009780947263935703
0.0027932934850189994,-0.0017163507793208632,0.0003385678536117276,0.002454725631407272,0.0027388656644869347
0.001392789571159403,0.007557263417987681,4.448891864341229e-05,0.0013483006525159907,0.0016324406855956534
0.004172424580312084,-0.0030350729326357184,0.0003803863289240291,0.003792038251388055,0.004076178284467718
0.012465395457511796,0.01084006896297951,-5.9613315700072014e-05,0.012525008773211868,0.012809148806291531
0.08891930238788448,0.006090687476747014,9.099603891755324e-05,0.08882830634896692,0.08911244638204659
-0.07788943248590907,-0.00048570348354270987,0.0002995423519719126,-0.07818897483788098,-0.07790483480480132
0.10762942035832168,0.0005529198041311911,0.000266606193126629,0.10736281416519505,0.10764695419827472
-0.027060303066666958,-0.0019131470681601481,0.00034480853192724026,-0.027405111598594198,-0.027120971565514535
-0.049304661695182106,0.0017322905115801923,0.00022920674193098944,-0.0495338684371131,-0.04924972840403343
0.046542540627699136,0.0011890499458222514,0.0002464336400540584,0.04629610698764508,0.04658024702072474
0.053367227751123236,-0.0012713605313821041,0.00032445660686360466,0.053042771144259634,0.053326911177339294
-0.0325693010050393,0.0005821026438950216,0.0002656807655366405,-0.032834981770575936,-0.032550841737496276
0.02369071939383427,0.0040886954080285864,0.00015448193372160916,0.02353623746011266,0.023820377493192324
-0.035322772290568905,3.744597299082386e-05,0.00028295257028234375,-0.03560572486085125,-0.035321584827771584
-0.02398990598360784,-0.0010252486299153762,0.00031665206331386674,-0.024306558046921705,-0.024022418013842042
0.0064683299626764335,0.0011306013658478609,0.0002482871241200947,0.006220042838556338,0.006504182871636002
-0.047557885914935594,-0.002162809124616749,0.00035272565572629425,-0.047910611570661885,-0.047626471537582225
0.009446717017925987,-0.0014784413679722608,0.0003310234221937545,0.009115693595732232,0.009399833628811896
-0.014705900164961427,0.004776513648450997,0.0001326702806496161,-0.014838570445611043,-0.01455443041253138
-0.014925326782267878,-0.0006868970151433507,0.0003059224728435359,-0.015231249255111413,-0.01494710922203175
-0.030303066128510636,-0.018178214414433458,0.0008605959671828709,-0.031163662095693507,-0.030879522062613844
0.07954544684857368,0.003686818283279214,0.00016722600462211354,0.07937822084395156,0.07966236087703123
0.015789458824326585,0.006767499942466504,6.953339394901093e-05,0.015719925430377573,0.016004065463457236
-0.0012953047042024712,0.005160131149745784,0.0001205052472747407,-0.001415809951477212,-0.001131669918397549
0.053177671255971726,0.001837871992654172,0.00022585860938568423,0.05295181264658604,0.0532359526796657
-0.05049259275745421,0.002489126548973042,0.00020520644052889693,-0.05069779919798311,-0.050413659164903445
-0.001297046541161806,0.00444194837709877,0.0001432798010138775,-0.0014403263421756834,-0.0011561863090960207
0.03766233364111016,0.00031054999597146526,0.0002742920698016338,0.037388041571308525,0.037672181604388184
0.0050062531913477315,-0.0012046245861250249,0.0003223403191587526,0.004683912872188979,0.004968052905268642
-0.006226614640148287,-0.000459968801852062,0.0002987262701701129,-0.0065253409103184,-0.006241200877238737
-0.020050106144070656,0.007571112611303388,4.404974186359375e-05,-0.02009415588593425,-0.019810015852854586
0.034526851022965044,0.0037077313104922904,0.000166562824049908,0.03436028819891514,0.034644428231994796
-0.002472244423539882,-0.001217665183814387,0.0003227538542701174,-0.0027949982778099998,-0.0025108582447303366
-0.018587314027592505,-0.0027790399654609166,0.00037226717487021956,-0.018959581202462723,-0.01867544116938306
-0.012626250463290689,0.0015682572275503848,0.00023440846074746137,-0.01286065892403815,-0.012576518890958488
0.01150890968991014,0.00026720472849017796,0.0002756666072608817,0.01123324308264926,0.011517383115728922
0.003792694107088268,-0.0008299892344156845,0.00031046012197908794,0.00348223398510918,0.003766374018188843
0.0037783038734251484,-0.000978763178264619,0.0003151779463383144,0.003463125927086834,0.0037472659601664967
-0.03387703739450432,0.004511505177332342,0.00014107406015629153,-0.03401811145466061,-0.033733971421580945
-0.02337660166199429,-0.0009958307964025304,0.00031571918375208343,-0.02369232084574637,-0.02340818081266671
-0.01063828775385156,-0.0022395981461527104,0.00035516074017018977,-0.01099344849402175,-0.010709308460942087
-0.021505355669564907,0.0002836393681004967,0.00027514544245821034,-0.021780501112023117,-0.021496361078943454
-0.00412090782194352,0.008347228657875183,1.9438045114995492e-05,-0.004140345867058515,-0.0038562058339788527
-0.0013793419147359876,-0.0066966373620162,0.0004964995232838497,-0.0018758414380198373,-0.0015917014049401745
-0.04143642588145724,-0.0005826443900691647,0.00030261648013161504,-0.04173904236158885,-0.041454902328509194
0.11095100498239852,-0.00045578207221763645,0.0002985935032719332,0.11065241147912658,0.11093655151220624
0.015564187414442987,0.0015609155178168965,0.00023464127636102196,0.015329546138081965,0.015613686171161628
0.029374265408904643,0.000315801794623205,0.0002741255281145082,0.029100139880790136,0.0293842799138698
0.031017368112232546,-0.00807282488613359,0.0005401403037604176,0.03047722780847213,0.03076136784155179
0.29482547359223155,0.008808066374833778,4.824253543232043e-06,0.2948206493386883,0.295104789371768
-0.08085500623167652,-0.008600023246820632,0.000556858481714476,-0.081411864713391,-0.08112772468031133
-0.0010111454534567077,0.0015332318107057485,0.0002355191644130809,-0.0012466646178697885,-0.0009625245847901258
0.05668010723237438,0.002310833849555216,0.0002108603448257392,0.05646924688754864,0.0567533869206283
-0.003831414124593313,0.001453279024245635,0.000238054576151124,-0.004069468700744437,-0.0037853286676647743
0.09326925986617396,-0.009368823820586791,0.0005812381948582252,0.09268802167131573,0.0929721617043954
0.05716803682910743,0.006403125486305727,8.108820415758306e-05,0.05708694862494985,0.057371088658029507
0.020798668093105377,0.0009277662125786179,0.0002547193030503834,0.020543948790054993,0.020828088823134656
0.07334959942571229,-0.0007826806116978391,0.0003089599011280071,0.07304063952458428,0.07332477955766394
0.05163252097467996,0.007305607635895495,5.2469266197418494e-05,0.051580051708482545,0.051864191741562204
-0.10685923863877844,0.0018745843139260643,0.00022469441168345653,-0.1070839330504619,-0.10679979301738224
0.05820535761438017,0.004673503078699293,0.000135936886095835,0.05806942072828434,0.058353560761364
-0.08785336583645764,-5.291283677333336e-05,0.00028581797119024005,-0.08813918380764788,-0.08785504377456822
0.009212781760251199,0.0005978573436131729,0.00026518116255388926,0.00894760059769731,0.009231740630776973
-0.02738588535125408,0.005372639356088893,0.00011376632265875373,-0.027499651673912835,-0.027215511640833173
-0.028156989435778823,-0.00015365928181010347,0.0002890127781584721,-0.028446002213937296,-0.028161862180857634
0.03160664142458014,-0.00036787164783502746,0.0002958057439986874,0.031310835680581454,0.031594975713661114
-0.03319151858065994,-0.0010637348279797232,0.00031787251306484166,-0.033509391093724784,-0.03322525106064512
0.03169019553094432,0.002923171678338221,0.00019144227839576204,0.031498753252548556,0.03178289328562822
0.07252554679428336,0.0002826639480466575,0.0002751763743564408,0.07225037041992692,0.07253451045300657
0.0015911263523662456,-0.0009726882691745153,0.0003149853026982797,0.0012761410496679659,0.0015602810827476286
0.015885608168481724,-0.001341115577770502,0.000326668634376731,0.015558939534104994,0.015843079567184656
0.014073518820378661,-0.0007281456077897763,0.00030723052188852667,0.013766288298490133,0.014050428331569798
0.017733194872864733,0.0024491149692504877,0.00020647526220951242,0.01752671961065522,0.017810859643734883
0.012878793844725678,0.0004926487188865458,0.0002685174713166656,0.012610276373409012,0.012894416406488675
-0.03290946777483117,-0.002183654185644257,0.0003533866809981994,-0.03326285445582937,-0.0329787144227497
0.01856146677909165,0.0018891035295691694,0.00022423398758320242,0.018337232791508448,0.01862137282458811
-0.015186014282956295,0.001647199789928111,0.00023190508459078996,-0.015417919367547085,-0.015133779334467422
0.07864298250496637,-0.0024144327873969473,0.0003607049847331774,0.0782822775202332,0.07856641755331285
-0.09649745889077377,-0.00036360867105078576,0.00029567055919955395,-0.09679312944997333,-0.09650898941689366
-0.01977848047544284,-0.014474441722801767,0.0007431442913480174,-0.020521624766790855,-0.020237484733711193
-0.03712671714289972,0.0012755699762128092,0.00024368997206773374,-0.03737040711496746,-0.037086267081887794
-0.009220503565606442,0.010043754544535322,-3.436110107333612e-05,-0.009186142464533106,-0.008902002431453443
-0.020304549688208162,-0.0004988078808476626,0.0002999579102559698,-0.020604507598464133,-0.02032036756538447
0.019861873698271415,0.0014201029158569245,0.0002391066357272251,0.01962276706254419,0.019906907095623854
-0.031329451827860955,-0.015436952160958639,0.0007736668080849343,-0.032103118635945886,-0.03181897860286623
0.0008741459133427831,-0.0018353673110713675,0.0003423420299097851,0.000531803883432998,0.0008159439165126609
-0.01746723254120064,0.001162651069903653,0.0002472707843593235,-0.017714503325559964,-0.0174303632924803
-0.017777760823567745,0.00994077978775465,-3.109563130519868e-05,-0.017746665192262548,-0.017462525159182885
-0.03710405794887528,-0.0034535927149730306,0.0003936581611605533,-0.037497716110035835,-0.03721357607695617
-0.038533908633163305,-0.0020744620703185834,0.00034992405032382534,-0.03888383268348713,-0.03859969265040747
-0.00488751117281272,0.0016728693563305974,0.00023109106768345167,-0.0051186022404961715,-0.004834462207416509
-0.03241649448067996,0.00048707205438569545,0.00026869431494226756,-0.032685188795622225,-0.032401048762542566
-0.013197980650384689,0.000842821736810162,0.00025741300805405705,-0.013455393658438746,-0.013171253625359083
-0.02057611149904548,0.004615148933961866,0.0001377873754919056,-0.020713898874537385,-0.020429758841457722
-0.0010504441597668501,0.005720976220730423,0.00010272008631718652,-0.0011531642460840368,-0.0008690242130043738
-0.001051548753013165,0.001982540682532896,0.000221270968220372,-0.001272819721233537,-0.0009886796881538743
0.0010526556717722624,-0.007550806889900619,0.0005235864022177978,0.0005290692695544645,0.0008132093026341274
-0.03364885812796248,0.0031287267736885838,0.00018492384639807454,-0.03383378197436055,-0.03354964194128089
-0.018498273164506362,-0.00017843612323464875,0.00028979848554105053,-0.01878807165004741,-0.01850393161696775
0.033259337232331765,-0.001488850703918465,0.00033135351641200175,0.03292798371591976,0.03321212374899943
-0.019313235772038473,0.01083929931877714,-5.958890923431643e-05,-0.019253646862804157,-0.018969506829724495
-0.02078780382064449,0.0033639480109453057,0.00017746466064129997,-0.02096526848128579,-0.02068112844820613
-0.017877078304121996,0.0007571207193879381,0.0002601307040238272,-0.018137209008145822,-0.01785306897506616
-0.013651864172907757,-0.0011007176162897148,0.0003190452876451685,-0.013970909460552926,-0.013686769427473263
0.04728948602124672,0.0018471814878802117,0.0002255633926144322,0.047063922628632286,0.047348062661711945
0.026431693076513385,0.0014559207541648966,0.0002379708032978867,0.026193722273215498,0.02647786230629516
-0.01287552462321695,0.0011101954279371107,0.0002489342241999713,-0.013124458847416922,-0.012840318814337257
-0.021739110153428554,0.0006343478158390425,0.0002640239999870241,-0.02200313415341558,-0.021718994120335913
0.03444449106852221,-0.0030459176984141134,0.0003807302312152218,0.034063760837306986,0.03434790087038665
-0.04940923924962737,0.0006477937229520947,0.00026359761196188537,-0.049672836861589256,-0.04938869682850959
-0.019209047340822072,-0.002222050282888466,0.00035460427352946883,-0.01956365161435154,-0.019279511581271877
0.02419355193130035,7.216672978804795e-05,0.0002818515278017125,0.02391170040349864,0.0241958404365783
0.01799773242216851,0.004085143947080816,0.00015459455538462864,0.017843137866783883,0.018127277899863545
0.008839770388950452,0.001204615596159142,0.00024594003208463366,0.008593830356865818,0.008877970389945481
0.023001099180143036,0.0037051100814438076,0.00016664594679261486,0.02283445323335042,0.023118593266430086
0.016059916068493107,0.003874003457017716,0.0001612901078548258,0.01589862596063828,0.016182765993717943
0.0010537649233954838,0.0021588381272976687,0.00021568033616570806,0.0008380845872297757,0.0011222246203094386
-0.016842089201274724,0.0012467201713795006,0.0002446048386665497,-0.017086694039941272,-0.01680255400686161
-0.026766594851792447,0.005646787369921524,0.0001050727158064245,-0.026871667567598873,-0.02658752753451921
0.02420244921185999,-0.0010736344069645076,0.0003181864421956573,0.023884262769664332,0.024168402802743995
0.009666938223110932,-0.0018044339160793177,0.0003413610898296104,0.009325577133281322,0.009609717166360984
0.00531916944297528,0.002322412261707374,0.00021049317760895775,0.005108676265366322,0.005392816298445985
0.014814851444281851,0.0018035072962026,0.00022694836070787325,0.014587903083573979,0.014872043116653641
-0.004171007426129525,-0.0016867529508860502,0.0003376292661658523,-0.004508636692295377,-0.0042244966592157145
0.014659621659930622,0.0008781073155288421,0.00025629405430112415,0.014403327605629498,0.014687467638709161
0.022703846909775116,0.0017507533144689447,0.0002286212613088141,0.022475225648466303,0.022759365681545966
0.015136284007487788,0.0006725789853143649,0.0002628116375399041,0.014873472369947884,0.015157612403027546
0.016898520430290942,0.0007423349056041584,0.00026059958231417445,0.01663792084797677,0.016922060881056432
-0.020527770661732503,0.00032799789456050554,0.00027373877317689505,-0.0208015094349094,-0.020517369401829737
0.007984023957211539,0.0051168427389869375,0.00012187798172989272,0.007862145975481646,0.008146286008561309
-0.08316832879818736,-0.003972484039719171,0.00041011291169243657,-0.0835784417098798,-0.08329430167680013
0.01403888890147642,0.001617908278173541,0.0002328339583175939,0.013806054943158827,0.01409019497623849
-0.01916936087268406,-0.004663049754275228,0.0004320116909107071,-0.019601372563594767,-0.019317232530515104
0.001085801177026724,0.001270946219078306,0.00024383659770308328,0.0008419645793236407,0.0011261046124033036
-0.034707227682289066,0.008073022498049642,2.8133495855942904e-05,-0.03473536117814501,-0.034451221145065346
-0.028089888844431754,-0.003192470570786421,0.0003853776223732779,-0.02847526646680503,-0.02819112643372537
-0.05433518313083463,0.0009444586571358826,0.0002541899629017666,-0.0545893730937364,-0.05430523306065673
0.0036674488816594852,0.0015921101716727115,0.00023365205140649608,0.003433796830252989,0.003717936863332652
-0.03045066977325206,0.00018996581088659426,0.0002781159585217482,-0.030728785731773806,-0.030444645698694144
0.02386929390361292,0.0030970753849743904,0.00018592755503693935,0.02368336634857598,0.023967506381655644
-0.013496891021583024,0.0012712512404724485,0.0002438269250592981,-0.013740717946642321,-0.013456577913562659
-0.04228857639316819,-0.00018910292286977715,0.0002901367442834866,-0.04257871313745167,-0.04229457310437201
0.003896131240451739,0.001443655000098465,0.00023835976706278934,0.0036577714733889498,0.003941911506468612
-0.016817608553706065,-0.003761887644002093,0.00040343461319489735,-0.017221043166900964,-0.0169369031338213
-0.006578909805936672,-0.0008976438525517549,0.000312605542051978,-0.00689151534798865,-0.006607375314908987
0.01721849461186653,0.0009836343625724275,0.0002529476479330508,0.01696554696393348,0.017249686997013142
0.007812492724042164,-0.0023096092988857952,0.0003573808891642708,0.007455111834877893,0.007739251867957556
-0.002583976940302213,-0.005525675723266343,0.00045936673510809707,-0.0030433436754103097,-0.002759203642330647
0.0038860376455533974,0.008196058063241196,2.423187053436567e-05,0.003861805775019032,0.004145945808098695
-0.06580648114604337,-0.0026259630899742037,0.0003674128986890436,-0.06617389404473241,-0.06588975401165276
-0.026243036794178942,0.0012756828808564435,0.000243686391707731,-0.026486723185886674,-0.02620258315280701
-0.008510697587718052,0.006541139295859866,7.67115983099535e-05,-0.008587409186028006,-0.008303269152948344
0.030042924896030332,-0.0007502611166068096,0.0003079318347899285,0.029734993061240403,0.030019133094320066
0.02916667273751017,0.0020560951489239088,0.00021893845592492738,0.02894773428158524,0.029231874314664903
0.016194381223658016,-0.0003842577408796899,0.0002963253693236513,0.015898055854334365,0.016182195887414028
0.025232347289421364,0.00984851271879017,-2.816971689940023e-05,0.025260517006320763,0.025544657039400426
-0.011657989403714542,-0.000369225702197995,0.0002958486829064831,-0.011953838086621024,-0.011669698053541361
-0.04587154644600089,0.008190950433802913,2.4393840419403498e-05,-0.04589594028642029,-0.04561180025334063
0.015109842514708038,-0.002024530803113933,0.00034834066184456086,0.014761501852863478,0.01504564188594314
0.0284167851070396,-0.0010521566439205543,0.0003175053530811995,0.0280992797539584,0.028383419787038063
-0.005263152941442195,-0.0037393815604747083,0.0004027209146375472,-0.005665873856079742,-0.005381733823000079
-0.04761906564010443,-0.00011410565998426492,0.0002877584789464068,-0.04790682411905084,-0.04762268408597117
-0.030555527224952028,0.0029323579853828274,0.00019115096808950045,-0.03074667819304153,-0.030462538159961867
-0.020057287407311386,0.005506306319651655,0.00010952756121702866,-0.020166814968528415,-0.019882674935448753
-0.004385995488172534,0.003201957471006933,0.00018260160126083155,-0.004568597089433365,-0.004284457056353702
0.01174741914511701,0.001548922064604108,0.00023502160509503733,0.011512397540021974,0.011796537573101637
-0.021770696411340107,-0.0004729570906678582,0.00029913814649586287,-0.02206983455783597,-0.021785694524756306
-0.02373885057054914,-0.004070859227173984,0.00041323252285357546,-0.024152083093402717,-0.023867943060323055
-0.02583587815578514,0.008974343513216354,-4.486209504382644e-07,-0.025835429534834704,-0.02555128950175504
0.0202808295687249,0.005362807225250732,0.00011407811291698928,0.020166751455807912,0.020450891488887575
0.004587188070846571,-0.0032302694598687065,0.000386576276620457,0.004200611794226114,0.004484751827305776
-0.003044137047785833,-0.0008278931807477186,0.000310393653262879,-0.0033545307010487122,-0.0030703906679690495
-0.015267233367592836,0.0019856558213586784,0.00022117218292602253,-0.015488405550518858,-0.015204265517439195
0.04031011419695818,-0.0004581666477052604,0.00029866912140795134,0.040011445075550225,0.04029558510862989
-0.03278692485515444,-0.0010584151831672939,0.000317703819883568,-0.03310462867503801,-0.03282048864195835
0.05084752113733226,0.0007909409391904099,0.00025905821879764737,0.05058846291853462,0.050872602951614276
-0.0014663091833031494,0.0018339987251561052,0.00022598143597264852,-0.001692290619275798,-0.0014081505861961352
-0.06314241291507505,-0.005183153157965359,0.0004485048781165087,-0.06359091779319156,-0.0633067777601119
-0.0047022271583421205,0.008303361477520088,2.0829133142210784e-05,-0.004723056291484331,-0.0044389162584046685
-0.011023574153623428,0.006398818768781567,8.122477603514532e-05,-0.011104798929658573,-0.01082065889657891
0.07802543865410438,0.004028636080503967,0.00015638649678597293,0.07786905215731842,0.07815319219039807
-0.005908413879722518,0.007033767443369587,6.108968889332944e-05,-0.005969503568615848,-0.0056853635355361845
-0.026745888236030524,0.0016623439316436617,0.00023142484323375673,-0.026977313079264282,-0.02669317304618462
0.04122136993345982,0.0013029315960912946,0.0002428222978404397,0.04097854763561938,0.04126268766869904
0.002932548449136041,-0.0011122268282528491,0.00031941026042971946,0.0026131381887063215,0.002897278221785984
-0.019005864260358662,0.007033646478779465,6.109352484521134e-05,-0.019066957785203873,-0.01878281775212421
0.025335331643439485,0.006749602987881076,7.010093075091782e-05,0.025265230712688568,0.02554937074576823
-0.007267469462669651,-0.003524487622672101,0.00039590633522809974,-0.007663375797897751,-0.007379235764818088
0.013177182078071725,0.009415051560751175,-1.442407329226849e-05,0.013191606151363994,0.013475746184443657
-0.0028901706222559387,-0.0016163897301626484,0.00033539795261635356,-0.0032255685748722924,-0.0029414285417926293
0.01884059603538235,0.004385235112838837,0.00014507825585546215,0.01869551777952689,0.018979657812606552
0.03271692919049807,0.008066726499347698,2.8333150548648e-05,0.03268859603994942,0.032972736073029085
0.04820935173530616,0.0021743654797181655,0.0002151879426753661,0.047994163792630794,0.04827830382571046
-0.011826563864503759,-0.0005599757022828333,0.0003018976251717798,-0.012128461489675538,-0.011844321456595875
-0.01063828775385156,0.0006026209018938911,0.0002650301036338126,-0.010903317857485374,-0.01061917782440571
0.02284947244442037,0.011841196508761032,-9.13604335083931e-05,0.022940832877928766,0.02322497291100843
0.03285151059314728,-0.006731974332887192,0.0004976201067519181,0.032353890486395365,0.032638030519475024
-0.012722633961057661,-0.010898815620283941,0.0006297563183634901,-0.013352390279421152,-0.013068250246341489
-0.025773231984957512,0.0004889853730833948,0.0002686336410008136,-0.026041865625958324,-0.02575772559287866
-0.027777783033919312,-0.0006480882520516484,0.0003046917941162757,-0.028082474828035588,-0.027798334794955925
0.06258504001572063,-0.02120854792396809,0.0009566919694665738,0.061628348046254056,0.061912488079333715
-0.0012803779920539382,-0.04097922480422822,0.0015836470569703235,-0.0028640250490242617,-0.002579885015944599
0.02307690050475042,0.017440920592313836,-0.0002689353098802794,0.0233458358146307,0.02362997584771036
0.005012586290047416,-0.005001588416939429,0.00044274721292441997,0.004569839077122996,0.004853979110202659
0.026184423003289048,-0.03753641975808808,0.0014744710205587294,0.024709951982730318,0.02499409201580998
-0.03523687741750081,0.014936090208494734,-0.0001895037273411239,-0.035047373690159686,-0.03476323365708003
0.026448307279147487,0.013914584754042503,-0.000157110398298298,0.026605417677445786,0.02688955771052545
0.040490790080008,0.0026129297463290957,0.00020128047254602496,0.04028950960746197,0.04057364964054164
0.027122701453588638,0.013402458257245842,-0.00014087016967300907,0.027263571623261647,0.02754771165634131
-0.0011481318987415223,0.012069112762299383,-9.85879682835598e-05,-0.0010495439304579624,-0.0007654038973782997
0.012643748593467397,0.0003734693722488025,0.0002722968106965181,0.012371451782770878,0.01265559181585054
-0.04199782311128386,-0.005841389459353419,0.00046937844761715325,-0.04246720155890101,-0.04218306152582135
0.06635076391689432,-0.0054965031281792864,0.0004584416323907602,0.06589232228450356,0.06617646231758322
0.19666671752929688,0.0009735510790762625,0.00025326740258409036,0.1964134501267128,0.19669759015979243
0.0064995071354669864,0.01602837635051313,-0.0002241416083755372,0.006723648743842524,0.007007788776922186
-0.18357931209466638,0.011757015343810906,-8.869093413024234e-05,-0.18349062116053613,-0.18320648112745647
0.023728816846909417,-0.012706888443829278,0.0006870927698246352,0.023041724077084783,0.023325864110164445
-0.020971360403717942,-0.011095788639207016,0.0006360026010306301,-0.021607363004748574,-0.02132322297166891
-0.05186020790100365,-0.013324399541987275,0.0007066748876714314,-0.052566882788675086,-0.05228274275559542
-0.048751469066705466,0.005071602744632031,0.00012331260355853474,-0.048874781670264,-0.04859064163718434
-0.017499983310699463,0.011032026532745043,-6.570055164440726e-05,-0.017434282759055057,-0.01715014272597539
-0.040712489341688696,0.002638858606169414,0.00020045823309066822,-0.04091294757477936,-0.0406288075416997
-0.03183020853214724,-0.00048387472056610203,0.000299484359407522,-0.03212969289155476,-0.0318455528584751
-0.0027397233430072054,0.004463078207817217,0.00014260974530727442,-0.00288233308831448,-0.002598193055234817
0.03846150067330312,0.01737883151892694,-0.00026696638081052286,0.03872846705411364,0.039012607087193306
-0.0013227185344397707,-0.001273985129042532,0.0003245398364295837,-0.0016472583708693543,-0.0013631183377896916
0.0026490040293054573,-0.006363576551088879,0.0004859377114084305,0.002163066317897027,0.0024472063509766895
-0.014531060900922377,-0.005724521948562322,0.000465672419700247,-0.014996733320622624,-0.014712593287542961
0.020107251286916927,-0.000781930531963182,0.0003089361150781654,0.019798315171838762,0.020082455204918425
-0.01314059170540216,0.001703447167811456,0.00023012140364064919,-0.013370713109042809,-0.013086573075963146
0.011983977764023601,-0.014204195388793028,0.0007345744120761962,0.011249403351947405,0.011533543385027068
-0.0223684313719954,0.0014818054520648882,0.0002371499642777973,-0.0226055813362732,-0.022321441303193534
-0.021534300283811203,-0.0018439898833508828,0.0003426154634189538,-0.021876915747230156,-0.021592775714150494
0.03988995359200387,-0.025162888405856454,0.0010820894911527065,0.038807864100851165,0.039092004133930824
-0.01455028232102884,-0.02096688071186603,0.0009490283730693502,-0.015499310694098191,-0.015215170661018528
-0.012080493698644834,0.02715725576151251,-0.0005770535297629244,-0.01150344016888191,-0.011219300135802248
0.0013586619379453158,-0.017276308813847896,0.0008319953123767719,0.0005266666255685439,0.0008108066586482067
0.008141104981169045,-0.00291665716625622,0.00037663120371400616,0.007764473777455039,0.008048613810534701
0.006729500927329601,0.013769718690019195,-0.00015251649813007772,0.0068820174254596795,0.007166157458539342
0.01604276540816718,-0.022337423560165104,0.0009924901531888218,0.01505027525497836,0.015334415288058022
0.01184212548911101,0.012614865848792123,-0.00011589454186067017,0.011958020030971682,0.012242160064051344
-0.07022106083679402,0.01156648273982852,-8.26488857914036e-05,-0.07013841195100262,-0.06985427191792296
0.03076920101500291,0.0068628636575538415,6.6509280677656e-05,0.030702691734325254,0.030986831767404917
0.04341929126598654,-0.021920248779842444,0.0009792609727978007,0.042440030293188734,0.0427241703262684
-0.018205444140945604,0.0033365488963206236,0.00017833352387805612,-0.01838377766482366,-0.018099637631743996
0.0026490040293054573,0.0167269537832615,-0.00024629445008801263,0.00289529847939347,0.0031794385124731326
0.009246987217552016,-0.005525364482924067,0.00045935686525299757,0.00878763035229902,0.009071770385378682
0.009162326293806311,0.008250750063987677,2.2497512711341385e-05,0.009139828781094969,0.009423968814174632
0.06095982680977641,-0.0028866254882486952,0.00037567885830736556,0.06058414795146904,0.06086828798454871
0.056234721391870135,0.008109038386684864,2.6991382981023278e-05,0.05620773000888911,0.056491870041968775
0.03124994136117354,0.010661504701720004,-5.3950799807418195e-05,0.03130389216098096,0.03158803219406062
0.006734053944358553,0.0008313658006817715,0.0002577762913893375,0.006476277652969216,0.006760417686048879
-0.07246382974968335,-0.005726124690152989,0.0004657232448186943,-0.07292955299450204,-0.07264541296142238
0.1346153757981292,-0.00853653230061302,0.0005548450973485097,0.1340605307007807,0.13434467073386036
0.021186522439583966,5.623169212687351e-05,0.0002823568495462205,0.020904165590037747,0.02118830562311741
-0.056016591558221474,-0.01338056164164636,0.0007084558643329494,-0.05672504742255442,-0.05644090738947476
0.014285621463413944,0.001837059563023713,0.00022588437263562958,0.014059737090778315,0.014343877123857977
0.022751901252650697,0.010434204774367295,-4.6742809574908855e-05,0.022798644062225606,0.02308278409530527
-0.00741522223895863,0.0011136248915897262,0.00024882547123731663,-0.0076640477101959465,-0.007379907677116284
-0.03308425504040291,-0.008187490964434607,0.0005437765212551613,-0.03362803156165807,-0.03334389152857841
0.0033112286514067613,0.0025490454770622506,0.00020330632972182547,0.0031079223216849356,0.0033920623547645987
0.0055005709456041885,-0.007205863568357729,0.0005126477797492022,0.004987923165854986,0.005272063198934649
-0.0010941169043983123,-0.0022536742393085563,0.00035560711225293045,-0.0014497240166512428,-0.00116558398357158
0.016429311790809198,0.012811178963797909,-0.00012211989807593834,0.016551431688885135,0.016835571721964798
-0.02047409330285277,0.0034579455015175675,0.00017448387220983733,-0.020648577175062608,-0.020364437141982945
0.10671069865193039,-0.0002656413228280252,0.00029256388117585735,0.10641813477075453,0.1067022748038342
0.028827032778998563,0.009682220255068819,-2.2896356418367373e-05,0.02884992913541693,0.029134069168496594
-0.09178750994447349,0.009370643723504823,-1.3015840298767048e-05,-0.09177449410417472,-0.09149035407109506
-0.041489298454824186,0.0017075955546570487,0.0002299898526445184,-0.041719288307468703,-0.041435148274389044
0.027746947130879995,0.0008834895573073265,0.00025612337608481257,0.027490823754795182,0.027774963787874845
0.08207345681389988,-0.006842140279927467,0.0005011136189561224,0.08157234319494376,0.08185648322802343
-0.045908185342502295,0.004060561678767671,0.00015537409258887562,-0.04606355943509117,-0.04577941940201151
-0.026150626467234317,-0.0008558723207806596,0.0003112809098952074,-0.026461907377129525,-0.026177767344049863
0.13211594917274638,-0.00263219493841671,0.0003676105190896624,0.13174833865365673,0.13203247868673637
-0.059772307089283716,0.007386752997235124,4.989603628590211e-05,-0.05982220312556962,-0.059538063092489955
-0.056508524174056274,-0.0031357617896576873,0.0003835793096978887,-0.05689210348375416,-0.0566079634506745
-0.02352943936396168,0.0032484098921563564,0.0001811285317274573,-0.023710567895689136,-0.023426427862609473
0.02190578387275144,-0.002023213496498033,0.00034829888825786763,0.021557484984493572,0.021841625017573234
-0.028938853836786294,-0.0023572204364039617,0.0003588907031716333,-0.029297744539957926,-0.029013604506878263
0.0033112286514067613,-0.011564187290653005,0.0006508561601314399,0.0026603724912753215,0.002944512524354984
-0.028602884985410526,0.012695791223314323,-0.0001184607956906287,-0.028484424189719897,-0.028200284156640235
-0.005662535805988744,-0.006879559974886984,0.0005023002484412834,-0.006164836054430028,-0.0058806960213503645
-0.03986326178132682,0.010849230370481022,-5.9903836407914e-05,-0.039803357944918905,-0.039519217911839245
-0.02253861532376955,0.004479598435997323,0.00014208586637450094,-0.02268070119014405,-0.022396561157064388
-0.031553368843042606,0.0007025929724704394,0.0002618598531342543,-0.03181522869617686,-0.0315310886630972
-0.030075218970135764,0.008567392465728796,1.245635094974224e-05,-0.030087675321085507,-0.029803535288005844
-0.024547750129435997,-0.0007141884679080501,0.0003067879219760985,-0.024854538051412096,-0.024570398018332433
-0.006622541651882585,0.0031259043893263616,0.00018501334804971263,-0.006807554999932298,-0.006523414966852635
0.009333356221516986,0.001068707668436586,0.00025024985755160207,0.009083106363965384,0.009367246397045047
0.010568021385988668,0.0017433852107295866,0.0002288549139122441,0.010339166472076425,0.010623306505156088
-0.010457506236437819,-0.004026127868587581,0.0004118140305578109,-0.01086932026699563,-0.010585180233915968
-0.01981507159391671,0.002471549778432225,0.00020576382385872384,-0.020020835417775436,-0.019736695384695774
0.02695415191491879,-0.001017102715529128,0.00031639374527560435,0.026637758169643186,0.02692189820272285
0.019685052181129592,-0.0021261277624751163,0.00035156243978024714,0.019333489741349345,0.019617629774429008
0.006435030998404256,-0.004023402292699374,0.00041172759883471724,0.00602330339956954,0.006307443432649202
0.06905364106931278,0.0017121542893689945,0.00022984528895873544,0.06882379578035404,0.0691079358134337
0.020334938190836427,-0.006345510515579966,0.00048536481282018617,0.019849573378016242,0.020133713411095905
0.032825403916862506,0.0018619345065358228,0.0002250955543022595,0.03260030836256025,0.032884448395639906
0.014755863175345718,-0.013724668973416176,0.0007193679764273932,0.014036495198918326,0.014320635231997988
-0.019015562706809486,0.0022045770199778936,0.00021422989359177238,-0.01922979260040126,-0.018945652567321596
-0.022805102907651698,-0.008604355128821406,0.0005569958515918606,-0.023362098759243558,-0.023077958726163895
-0.015169208759649111,0.00617868985946779,8.820536352017574e-05,-0.015257414123169286,-0.014973274090089623
0.0,0.0007584033300001014,0.00026009003069466137,-0.00026009003069466137,2.405000238500143e-05
0.0047393322087359024,0.003067957412152822,0.00018685092560785318,0.004552481283128049,0.004836621316207712
0.0,-0.00494735062681062,0.0004410272587386243,-0.0004410272587386243,-0.0001568872256589615
0.01061322611394333,0.008620803683929923,1.076260848539574e-05,0.010602463505457935,0.010886603538537598
0.007001216073897476,0.008481281595267509,1.5187043917517303e-05,0.006986029029979959,0.007270169063059622
-0.023174948622592617,0.008822985887663393,4.351135474070587e-06,-0.023179299758066686,-0.022895159724987024
0.0023724203280368616,0.003473267180873929,0.00017399800089244388,0.0021984223271444177,0.0024825623602240804
-0.0011834590659837163,-0.007094202866256172,0.0005091068668264531,-0.0016925659328101694,-0.0014084258997305065
-0.01658760623327893,0.008749042674663476,6.695975453877099e-06,-0.016594302208732807,-0.016310162175653144
-0.024096362008327765,0.0010792374947172778,0.000249915942420765,-0.02434627795074853,-0.02406213791766887
0.016049278351146556,-0.001028135726814483,0.00031674361708817475,0.015732534734058383,0.016016674767138046
-0.026731388285680557,0.00397369863071062,0.0001581286381325249,-0.026889516923813084,-0.02660537689073342
-0.023720356028876455,0.0021605126279586884,0.00021562723546941865,-0.023935983264345873,-0.02365184323126621
0.04092073716583977,-0.003952993120479142,0.00040949482810067743,0.040511242337739096,0.040795382370818756
0.031940941553005864,-0.0009484477101494582,0.00031421660156089634,0.031626724951444966,0.03191086498452463
0.02976190611348417,0.0018380494891383492,0.00022585298073045696,0.029536053132753714,0.029820193165833377
-0.01618490125115457,0.004780911145920941,0.0001325308300163493,-0.01631743208117092,-0.016033292048091258
0.022326624591438637,0.009101605057599604,-4.484257827106148e-06,0.022331108849265743,0.022615248882345406
-0.025287387569194797,-0.0030322960242857855,0.00038029826937866976,-0.025667685838573467,-0.025383545805493804
-0.007075409101562236,-0.00656220869212365,0.0004922366070971184,-0.007567645708659354,-0.007283505675579691
0.041567740890541494,-0.005754170294581917,0.00046661260912753035,0.04110112828141396,0.04138526831449363
-0.011402551453825849,0.004884728797982518,0.00012923863089100282,-0.011531790084716852,-0.011247650051637189
0.0,-0.0010403515262938923,0.0003171309967250949,-0.0003171309967250949,-3.2990963645432094e-05
0.014994246055011207,0.004926444803381669,0.00012791575955110223,0.014866330295460105,0.015150470328539768
-0.03295454040539181,0.004644183009877123,0.0001368666654061414,-0.03309140707079795,-0.03280726703771829
-0.02937720250012832,0.003538227451535869,0.0001719380222471104,-0.02954914052237543,-0.029265000489295766
-0.012106583377572533,0.0028241822564987196,0.0001945813677657014,-0.012301164745338234,-0.012017024712258571
-0.0453431240781732,-0.0002623799656497061,0.00029246045909842933,-0.04563558453727163,-0.04535144450419197
0.03851093609806666,-0.0014416744645237012,0.0003298574936163749,0.03818107860445029,0.03846521863752995
-0.0037082487522073215,-0.007113887913551609,0.000509731106483212,-0.004217979858690534,-0.003933839825610871
-0.0297767041514293,-0.004005992185342366,0.00041117550062141016,-0.03018787965205071,-0.029903739618971047
-0.002557542261826362,0.006389254777276809,8.152806322996752e-05,-0.00263907032505633,-0.0023549302919766667
0.007692300168250066,-0.007602164835758152,0.0005252150326199907,0.007167085135630075,0.007451225168709738
0.006361286647376785,0.007919408484583057,3.300480541393303e-05,0.006328281841962852,0.006612421875042514
-0.006321076468043585,0.0033231157222237684,0.00017875950812191153,-0.006499835976165496,-0.006215695943085834
-0.03435114202800782,0.0024280177746833775,0.00020714428297931281,-0.03455828631098713,-0.034274146277907466
0.018445304831497422,0.0020685364303643095,0.00021854392594796373,0.01822676090554946,0.018510900938629123
-0.027166887144735474,-0.0003981517707819515,0.00029676596793268777,-0.02746365311266816,-0.027179513079588498
0.035904252873847575,-0.0016912621251551352,0.0003377722582225009,0.035566480615625076,0.035850620648704735
0.02439025136724937,0.006198839704363079,8.756638449856587e-05,0.024302684982750806,0.02458682501583047
0.01253131634004423,0.007670409427647185,4.090090459531455e-05,0.012490415435448914,0.012774555468528577
0.10643560207891567,0.00026927832649970007,0.0002756008506441821,0.10616000122827149,0.10644414126135116
-0.019015562706809486,0.005701434129840033,0.00010333979263166398,-0.01911890249944115,-0.018834762466361486
0.021664717270921452,-0.004430329054144866,0.0004246318005914311,0.02124008547033002,0.021524225503409683
0.014508941282080912,0.00013447750859452157,0.0002798755681511836,0.014229065713929729,0.014513205747009391
-0.039604026876619125,-0.0016543221469484948,0.00033660084120885,-0.03994062771782798,-0.03965648768474831
-0.03436417557745908,-0.002803126684318036,0.00037303099752637866,-0.034737206574985455,-0.034453066541905795
-0.007117487241354081,-0.0036523050860121087,0.00039995960105193465,-0.007517446842406016,-0.0072333068093263534
0.04778979422624818,-0.002213344827027508,0.000354328211669062,0.04743546601457912,0.047719606047658784
0.010262165817095603,0.0018978268127400888,0.00022395736039451956,0.010038208456701083,0.010322348489780746
0.004514668555645196,0.003739841510076891,0.00016554456589353567,0.004349123989751661,0.004633264022831323
0.03258426677336379,0.00035667194221011833,0.00027282948007771953,0.03231143729328607,0.032595577326365734
0.008705210123310492,0.005282254329749936,0.00011663255492993857,0.008588577568380553,0.008872717601460215
-0.01618129070090424,0.00027548183892078804,0.00027540412881739033,-0.01645669482972163,-0.016172554796641966
0.015350915030649892,-0.005569722252617426,0.0004607635105362118,0.01489015152011368,0.015174291553193343
-0.007559465093770035,0.005369014643958003,0.00011388126721654309,-0.007673346360986578,-0.007389206327906915
-0.05549502703962561,0.0012532727238796504,0.0002443970483035295,-0.05573942408792914,-0.05545528405484948
-0.043778813488558055,0.007840591898404803,3.5504186693765215e-05,-0.04381431767525182,-0.04353017764217216
-0.03975908348912882,-0.00036853301202766087,0.000295826716757879,-0.0400549102058867,-0.039770770172807036
0.027603487576297603,-0.0035156877607932513,0.0003956272796243038,0.027207860296673297,0.027492000329752964
-0.14041510103184307,-0.0013050961134796202,0.0003255264081129011,-0.14074062743995597,-0.1404564874068763
0.03125003809956017,-0.003289278113945082,0.00038844752139897395,0.0308615905781612,0.031145730611240863
-0.04683197546403606,0.0027632870875580196,0.00019651243649961464,-0.047028487900535675,-0.04674434786745601
-0.04190750847626279,-6.870120538793323e-06,0.00028435789395765134,-0.04219186637022044,-0.04190772633714078
-0.004524918445024673,0.003641105118425747,0.0001686756313316267,-0.0046935940763562995,-0.004409454043276637
-0.019696987321116577,-0.0003966902079042267,0.0002967196197834845,-0.019993706940900063,-0.0197095669078204
0.003091187260443773,0.0007115197468861023,0.00026157677296108703,0.002829610487482686,0.0031137505205623486
-0.0030816612683898237,-0.008169482334351885,0.0005432054430711559,-0.0036248667114609796,-0.003340726678381317
0.029366315824073785,-0.005527978766503461,0.00045943976774542135,0.028906876056328364,0.029191016089408026
0.04354353881340001,-0.00039511662920677093,0.00029666971946009485,0.04324686909393991,0.04353100912701958
-0.011510780705260681,-0.0014179036575431292,0.0003291036889560287,-0.01183988439421671,-0.011555744361137047
-0.02911205423533436,-0.0328642290012785,0.0013263094890891393,-0.0304383637244235,-0.030154223691343837
0.019490271807185655,-0.02057300761734404,0.0009365381208672133,0.018553733686318442,0.018837873719398105
0.01176469433266436,0.014206197825152422,-0.000166357845900737,0.011931052178565098,0.01221519221164476
-0.036337208697897694,-0.005904978964482943,0.0004713949574207506,-0.03680860365531845,-0.03652446362223878
-0.021116190181930228,0.02149560016316343,-0.00039751472071875276,-0.020718675461211474,-0.02043453542813181
0.006163396009379873,-0.00025266233815879335,0.0002921522998972653,0.005871243709482608,0.006155383742562271
0.004594139664211738,-0.014391922356395415,0.0007405274898647206,0.003853612174347018,0.004137752207426681
-0.047256089250542144,-0.00036116989772350117,0.0002955932223762338,-0.047551682472918376,-0.04726754243983872
-0.008000030517578138,-0.004299527548581317,0.00042048390672503065,-0.00842051442430317,-0.008136374391223507
0.022580701230593636,-0.005511829997012829,0.0004589276682735421,0.022121773562320094,0.022405913595399757
-0.03312303361085156,-0.030864433977743855,0.0012628932655797888,-0.03438592687643135,-0.03410178684335169
0.00978791870463347,0.018625040052811848,-0.0003064853505019364,0.010094404055135406,0.010378544088215069
0.006462029318783147,-0.017327264039978307,0.0008336111719879955,0.005628418146795151,0.005912558179874814
0.008025712773962246,-0.0065595995737004476,0.0004921538683988313,0.007533558905563414,0.007817698938643078
-0.00955420662613804,0.015666780052058682,-0.00021267489733111712,-0.009341531728806923,-0.00905739169572726
0.004823185019339871,0.010851331974038647,-5.99704811186818e-05,0.004883155500458552,0.005167295533538215
-0.003199996948242134,0.010557843693063784,-5.0663568057772044e-05,-0.003149333380184362,-0.0028651933471046994
0.0016050966314706816,-0.0063166863793988615,0.00048445076020928705,0.0011206458712613946,0.0014047859043410573
-0.0016025244249144865,0.005600317169601965,0.00010654634914149537,-0.0017090707740559819,-0.0014249307409763192
0.014446252377584345,0.006259295774170726,8.564924019612523e-05,0.01436060313738822,0.014644743170467883
-0.011075976227857498,0.021208856064105275,-0.00038842167485062234,-0.010687554553006875,-0.010403414519927212
-0.02400001525878903,-0.0025089163835961825,0.00036370118823604813,-0.02436371644702508,-0.024079576413945418
-0.00983605634714435,-0.00919901370610332,0.0005758532848812025,-0.010411909632025554,-0.010127769598945891
-0.04470198387943025,-0.01970148934024063,0.0009089010894700719,-0.045610884968900325,-0.04532674493582066
0.020797207271361806,-0.0014819196931705747,0.00033113372462256275,0.020466073546739242,0.020750213579818905
-0.0067911651544559914,-0.007567410690302756,0.0005241129313395403,-0.007315278085795532,-0.007031138052715869
0.0,0.010593753366266334,-5.180231269667784e-05,5.180231269667784e-05,0.00033594234577634066
0.0,0.0022233054237545957,0.0002136359904037459,-0.0002136359904037459,7.05040426759169e-05
-0.005128159565854884,-0.01664310858849427,0.00081191567094121,-0.005940075236796094,-0.005655935203716431
0.0292095523097311,-0.01815124083246611,0.0008597405981661675,0.028349811711564935,0.028633951744644597
0.1752921921295596,0.0030432907461763747,0.00018763313917693586,0.17510455899038266,0.17538869902346232
-0.035511363828785614,-0.006554842390161242,0.0004920030116304892,-0.0360033668404161,-0.03571922680733644
0.042709862073973426,0.0155323683669224,-0.0002084125197541368,0.04291827459372756,0.043202414626807226
-0.045197697496120015,0.003261692144003847,0.0001807073334336546,-0.04537840482955367,-0.04509426479647401
0.016272138010776427,0.022973979644221654,-0.000444396147314523,0.016716534158090948,0.017000674191170614
0.045123718769074284,-0.0021831080910337253,0.0003533693635944299,0.04477034940547985,0.04505448943855952
0.025069680985971843,0.008170747552017188,2.5034501313034492e-05,0.02504464648465881,0.025328786517738473
-0.06929350810192314,0.010941426132194287,-6.282748956367053e-05,-0.06923068061235947,-0.0689465405792798
0.154744519348486,-0.03236490314939877,0.0013104751863460347,0.15343404416213996,0.15371818419521963
0.012642273501742629,-0.0015222281477752508,0.00033241196060997336,0.012309861541132656,0.012594001574212319
0.007490569816220649,-0.023320118765389863,0.0010236527563769983,0.006466917059843651,0.0067510570929233136
-0.05080543530566273,0.0017621539947350051,0.0002282597302121754,-0.051033695035874904,-0.05074955500279524
-0.1919059816545926,-0.00035634616892232795,0.0002954402553670135,-0.19220142190995962,-0.19191728187687995
0.038772175912698215,0.005419503676349802,0.00011228019124363169,0.03865989572145458,0.03894403575453424
0.023328164754584213,-0.00019993032368359476,0.000290480095908005,0.023037684658676207,0.02332182469175587
0.025835878155785252,-0.019086709555430348,0.0008894055852890236,0.024946472570496227,0.02523061260357589
0.03999999717429836,-0.020773480559224233,0.0009428953908575049,0.03905710178344086,0.039341241816520524
0.007122534312067552,8.640058610476231e-05,0.0002814001528342995,0.006841134159233253,0.007125274192312916
-0.03253182651895736,-0.01539571453679811,0.0007723591068655681,-0.03330418562582293,-0.03302004559274327
-0.0014620217337352193,-0.01577210632742365,0.0007842950031151771,-0.0022463167368503966,-0.0019621767037707335
0.024890201785200183,-0.020588228309714296,0.0009370207897497537,0.023953180995450428,0.024237321028530094
-0.04999998637608116,-0.027112254452099527,0.0011439065431181564,-0.05114389291919932,-0.05085975288611966
0.0,0.04959374278953943,-0.0012885450873422258,0.0012885450873422258,0.0015726851204218885
0.09473685795580566,0.008562680784222065,1.2605764786670142e-05,0.094724252191019,0.09500839222409865
-0.024725315932445535,-0.0012415825080966947,0.0003235123051936283,-0.025048828237639164,-0.0247646882045595
0.004225381719903387,0.00849248413140935,1.48317962408895e-05,0.004210549923662498,0.004494689956742161
-0.01683027820939831,0.0012684969251244294,0.00024391426814979967,-0.017074192477548107,-0.016790052444468444
-0.025677646119633968,-0.02475673039503723,0.001069209667525233,-0.026746855787159202,-0.02646271575407954
-0.020497784487474746,0.03433571464262353,-0.0008046922364802744,-0.01969309225099447,-0.019408952217914808
-0.07025414992658208,0.007010434848680358,6.18295972451614e-05,-0.07031597952382723,-0.07003183949074758
-0.09324757930388672,0.009695285023358924,-2.331065801239714e-05,-0.09322426864587433,-0.09294012861279466
-0.04432624218407655,0.004098045450532162,0.00015418543114096935,-0.04448042761521752,-0.04419628758213785
-0.022263430154280228,0.004518418782931244,0.0001408548203078292,-0.022404284974588056,-0.022120144941508393
0.017077827877348017,-0.00014629784190933748,0.0002887793368744387,0.01678904854047358,0.017073188573553243
0.01305964423144923,-0.005257525167898014,0.0004508633158309864,0.012608780915618244,0.012892920948697907
0.04235727925314836,0.010721688622945758,-5.585931390771618e-05,0.04241313856705608,0.04269727860013574
0.015901087458339846,0.0022219854881162515,0.00021367784736032102,0.015687409610979527,0.01597154964405919
-0.013913030209748656,0.0075914003822110665,4.340638902030391e-05,-0.013956436598768959,-0.013672296565689296
0.019400376020153987,0.01318305304897005,-0.00013391253173342642,0.019534288551887415,0.019818428584967077
0.1868511910905042,-0.014157306164566674,0.0007330874909224157,0.18611810359958178,0.18640224363266145
0.010204036947789152,0.0022029127742235755,0.0002142826690910052,0.009989754278698148,0.01027389431177781
-0.051948003693320643,0.0013757255543636049,0.00024051390229309612,-0.05218851759561374,-0.051904377562534076
-0.04261799124695387,0.008488694060713842,1.4951984543947535e-05,-0.042632943231497814,-0.042348803198418154
-0.007949155967901356,-0.007846827493937836,0.0005329736186915226,-0.008482129586592878,-0.008197989553513215
0.03365385350155914,-0.0014562465775435074,0.0003303195951644797,0.033323533906394656,0.03360767393947432
-0.012403089313450577,0.01554926091974429,-0.0002089482056083315,-0.012194141107842246,-0.011910001074762583
-0.02825743038813644,0.008597395948725328,1.1504899645295994e-05,-0.028268935287781734,-0.027984795254702072
0.024232648462169326,0.0008986100931438479,0.0002556438833023497,0.023977004578866975,0.024261144611946638
-0.014195607322052495,0.006776236617404008,6.925634208917281e-05,-0.014264863664141668,-0.013980723631062005
0.003199996948242134,0.00470842037697472,0.0001348296110172805,0.0030651673372248537,0.0033493073703045164
0.033492829152439896,-0.0022244379802809355,0.000354679990665341,0.03313814916177456,0.03342228919485422
-0.03549382999945916,-0.009357140143940179,0.0005808676895609758,-0.036074697689020135,-0.03579055765594047
-0.07360000610351558,0.0006762010869560964,0.0002626967757642809,-0.07386270287927986,-0.0735785628462002
-0.01727114081026082,0.0007091030986317026,0.00026165340816821617,-0.017532794218429036,-0.017248654185349373
0.010544805303367655,0.0128902247439735,-0.0001246265474095416,0.010669431850777197,0.01095357188385686
-0.003478257552437136,0.003023994668760688,0.0001882450440691103,-0.0036665025965062466,-0.003382362563426584
0.008726036748416544,-0.002651641555101225,0.0003682271977870552,0.008357809550629489,0.008641949583709152
0.02249128596624561,0.01087875260858695,-6.084002678152171e-05,0.022552125993027132,0.022836266026106795
-0.028764819066515845,0.0014987433214488366,0.0002366128413737078,-0.029001431907889553,-0.02871729187480989
-0.026132338765068153,0.0017771107537685182,0.00022778543101516655,-0.02636012419608332,-0.026075984163003656
0.014311256086284585,-0.003526436790880272,0.00039596814600635047,0.013915287940278234,0.014199427973357897
0.05291000173915217,0.006411102394986878,8.08352455203806e-05,0.052829166493631785,0.05311330652671145
0.011725322298399954,0.0012318625699112573,0.0002450759934421315,0.011480246304957822,0.011764386338037485
-0.0033112551411966784,-0.0007904570968998437,0.00030920650406374985,-0.003620461645260428,-0.0033363216121807654
-0.016611279891927455,-0.0005440493877303387,0.0003013925800489271,-0.01691267247197638,-0.01662853243889672
-0.032094603846593794,-0.0028255083152146643,0.0003737407495213285,-0.032468344596115126,-0.03218420456303546
-0.04886565599935622,0.00689532059343434,6.548002704115667e-05,-0.04893113602639737,-0.04864699599331771
-0.03119258814794512,-0.003880558492514008,0.00040719782740670905,-0.03159978597535183,-0.031315645942272166
-0.04356060794206573,-0.001131532823106185,0.00032002247981734725,-0.04388063042188308,-0.043596490388803415
0.0277227447916637,-0.006524098653592381,0.0004910280858771899,0.027231716705786512,0.027515856738866175
-0.025048191330953595,-0.00812571755868352,0.0005418176024360112,-0.025590008933389606,-0.025305868900309943
0.001976329840893687,-0.0021316888487414865,0.00035173878939881936,0.0016245910514948675,0.0019087310845745304
0.029585722574269724,0.014666041867757107,-0.00018094012670555608,0.02976666270097528,0.030050802734054943
0.04022989398228738,0.0029533182046204143,0.00019048629099393172,0.040039407691293445,0.04032354772437311
0.01841627709596505,0.006949583813841809,6.375926642659382e-05,0.018352517829538458,0.01863665786261812
0.01627480512407642,-0.0008680223820187738,0.000311666204882974,0.015963138919193445,0.016247278952273108
0.001779400193144598,0.00498490290027398,0.0001260619736906386,0.0016533382194539594,0.0019374782525336221
-0.00532863396066352,0.0037059469012648005,0.0001666194100965132,-0.005495253370760033,-0.0052111133376803705
-0.014285700905079524,-0.0001305615560248663,0.00028828031781942933,-0.014573981222898953,-0.01428984118981929
0.016304375525157955,-0.0029443536044478913,0.00037750949548596567,0.01592686602967199,0.01621100606275165
-0.02852055622840688,0.010852481049954399,-6.000691988077738e-05,-0.028460549308526102,-0.02817640927544644
-0.022018328396099962,-0.018974501239482744,0.0008858473067854778,-0.02290417570288544,-0.022620035669805777
0.03752350637244106,-0.000839020658475631,0.0003107465207349869,0.03721275985170608,0.03749689988478574
0.023508071007517284,0.007182725862306283,5.636601457785262e-05,0.023451704992939432,0.023735845026019095
-0.01060069688994325,-0.0046443248906916645,0.0004314178999870261,-0.011032114789930277,-0.010747974756850614
-0.0321428270364289,0.003589481529391092,0.00017031268564071789,-0.03231313972206962,-0.03202899968898996
-0.018450166646666433,0.0067342800173637585,7.058684301278347e-05,-0.018520753489679215,-0.018236613456599552
-0.2086466349056082,0.011568600124275408,-8.271603093566027e-05,-0.20856391887467254,-0.20827977884159288
0.04988124376345704,1.745570720723677e-05,0.00028358648883300734,0.049597657274624035,0.049881797307703694
-0.009049764968910634,0.002148376881724312,0.00021601207650892264,-0.009265777045419556,-0.008981637012339894
-0.03424659622105475,0.0020846350796801527,0.00021803341585508048,-0.03446462963690983,-0.03418048960383017
0.018912511429155288,0.004636432770241061,0.00013711243605924703,0.01877539899309604,0.019059539026175704
-0.002320128115414488,0.0010474599539205265,0.0002509236515139611,-0.002571051766928449,-0.0022869117338487864
-0.009302316297383983,-0.006067494393846573,0.0004765485429987495,-0.009778864840382734,-0.00949472480730307
-0.009389773835924098,0.0034778715639784963,0.0001738519896339671,-0.009563625825558066,-0.009279485792478403
-0.02843599325241486,3.8123067008344336e-05,0.0002829310987089842,-0.028718924351123845,-0.028434784318044182
0.004878044241882984,0.006609324208602496,7.454936187293635e-05,0.004803494880010048,0.00508763491308971
0.0024272400872844546,-0.0006293691084816588,0.0003040981845820146,0.00212314190270244,0.0024072819357821027
-0.02905566155785122,0.0005093580038946222,0.00026798759713442033,-0.02932364915498564,-0.029039509121905976
0.017456282002192847,-0.0022738117853239315,0.00035624570126030963,0.01710003630093254,0.0173841763340122
-0.041666627709381676,0.0015790922795098083,0.00023406486649469652,-0.04190069257587637,-0.04161655254279671
0.012787711309131922,0.001012017561471401,0.00025204757804383473,0.012535663731088087,0.01281980376416775
0.04797981196721568,0.008841205788409079,3.7733576096350393e-06,0.047976038609606045,0.04826017864268571
-0.002409693651091449,-0.002191763174733685,0.0003536438280850149,-0.002763337479176464,-0.0024791974460968013
0.028985595716481738,-0.0003689736527457965,0.00029584069007511393,0.028689755026406624,0.028973895059486287
-0.02112679524703076,0.0046852921407636305,0.00013556303888347606,-0.021262358285914235,-0.020978218252834573
-0.0479616412528856,0.001071522174355355,0.00025016060573613473,-0.048211801858621735,-0.047927661825542076
0.02267000340572234,0.0009514170090862972,0.0002539693040855624,0.022416034101636777,0.02270017413471644
0.002463110596742979,-0.007502163081421376,0.0005220438408079723,0.0019410667559350066,0.0022252067890146695
-0.04176905875277903,-0.0021239857917741967,0.00035149451497239366,-0.04212055326775142,-0.041836413234671764
-0.0025641000560835403,0.009638279380647763,-2.1502931451964182e-05,-0.002542597124631576,-0.0022584570915519134
0.0,-0.004470988428756373,0.00042592116473013985,-0.00042592116473013985,-0.00014178113165047704
0.05141389261958462,-0.016511651392423388,0.0008077469842359052,0.050606145635348716,0.05089028566842838
-0.051344750687624785,-0.0016054253132695706,0.0003350502560253739,-0.051679800943650156,-0.0513956609105705
0.0,-0.0030214249424966866,0.0003799535325709406,-0.0003799535325709406,-9.581349949127782e-05
0.007731951161061623,0.0037202972597878414,0.0001661643406854853,0.007565786820376138,0.007849926853455801
-0.04859336395131908,-0.02413055719884427,0.0010493528627537369,-0.04964271681407282,-0.04935857678099315
-0.021505355669564907,0.008015944543135589,2.9943515534804023e-05,-0.02153529918509971,-0.021251159152020048
0.02747250048093086,0.00583897507464215,9.89781819692664e-05,0.027373522298961596,0.02765766233204126
-0.02406414811225066,0.008895287120600504,2.0583649180976244e-06,-0.02406620647716876,-0.023782066444089096
-0.07397259558135283,-0.005837333350761975,0.0004692498228901257,-0.07444184540424295,-0.0741577053711633
-0.0029586474980016764,-0.0067493779153879885,0.0004981719980531492,-0.0034568194960548256,-0.003172679462975163
0.011869496032629767,0.008495835590448308,1.4725516910760281e-05,0.011854770515719006,0.012138910548798669
-0.08797659330902396,-0.0028243962306494508,0.0003737054838053331,-0.0883502987928293,-0.08806615875974963
-0.006430862251169733,-0.01191414994527018,0.0006619539524871293,-0.007092816203656862,-0.0068086761705771996
-0.009708728874782357,0.0013535590072402126,0.00024121683368869635,-0.009949945708471054,-0.009665805675391392
-0.06862746473002213,-0.008375676922946718,0.000549744154270485,-0.06917720888429262,-0.06889306885121295
0.09122806988191012,-0.0069119122568113145,0.0005033261833583153,0.09072474369855181,0.09100888373163148
-0.03858517350701862,0.0020984713906617714,0.000217594647591619,-0.03880276815461024,-0.038518628121530576
0.06020069103113168,-0.01319537280847849,0.0007025832742437652,0.059498107756887915,0.05978224778996758
0.006309142096266429,-0.0027652403144732274,0.00037182956914508903,0.00593731252712134,0.0062214525602010025
0.0062695863848794,0.021432370568193138,-0.00039550962415642885,0.006665096009035828,0.006949236042115492
-0.024922094316309096,0.008161854781411959,2.5316503179066664e-05,-0.02494741081948816,-0.0246632707864085
0.009584655045652868,0.006135586748687638,8.957222186066257e-05,0.009495082823792205,0.009779222856871867
0.015822769290571248,0.01049769746289475,-4.875624919221022e-05,0.015871525539763457,0.01615566557284312
0.04984418863261819,0.0046600444669098184,0.00013636367700356426,0.04970782495561463,0.04999196498869429
0.03560834660317891,-0.00034988023558091275,0.00029523521181547437,0.035313111391363436,0.035597251424443095
0.011461307089892125,-0.0020375791387226005,0.00034875444233588423,0.01111255264755624,0.011396692680635903
-0.016997151066808325,0.004097381912668174,0.0001542064728302397,-0.017151357539638565,-0.016867217506558903
0.017291049649809764,-0.001611511904139773,0.00033524327011056373,0.0169558063796992,0.017239946412778862
0.016997151066808325,0.0009317492412306283,0.00025459299578775525,0.01674255807102057,0.017026698104100232
-0.008356538191369944,0.009717399870633026,-2.401194993537168e-05,-0.008332526241434574,-0.008048386208354909
-0.002808986130333757,0.002985163546397107,0.00018947643183933052,-0.0029984625621730875,-0.002714322529093425
0.025352155999091686,0.009472185190685156,-1.6235858501829545e-05,0.025368391857593514,0.025652531890673177
-0.04120881622100403,-0.0012592227925193322,0.0003240717026351407,-0.04153288792363917,-0.04124874789055951
-0.06876791085413214,-0.0017318870104667816,0.00033906052865854367,-0.06910697138279069,-0.06882283134971103
0.00923076042762161,-0.009496397343734198,0.000585283725006356,0.008645476702615253,0.008929616735694916
0.04573173679141074,-0.0012339337557076835,0.00032326975283933156,0.045408467038571404,0.04569260707165107
-0.07580174501543568,0.003823175554131808,0.00016290192987257794,-0.07596464694530826,-0.07568050691222859
0.056782278866397196,0.0057574526279098315,0.00010156336977209837,0.056680715496625095,0.05696485552970476
-0.020895503055387565,0.007672301032188189,4.084091923933962e-05,-0.020936343974626907,-0.020652203941547244
-0.02743899846169129,0.002928125887423194,0.00019128517367905494,-0.027630283635370345,-0.02734614360229068
0.028213138731957077,0.007672378673070135,4.083845714124206e-05,0.028172300274815834,0.028456440307895497
0.006097555213709249,-0.00180590159841032,0.0003414076320350106,0.005756147581674239,0.0060402876147539015
0.039393974642233154,-0.004835444424841517,0.00043747856068075447,0.0389564960815524,0.03924063611463206
-0.008746347173728575,0.0012365569653400854,0.00024492712777027394,-0.008991274301498849,-0.008707134268419186
-0.07352940970226152,0.0045106896075925995,0.00014109992298337845,-0.07367050962524489,-0.07338636959216523
-0.05079367650369082,0.002285226738359958,0.00021167238119340504,-0.05100534888488423,-0.05072120885180456
-0.023411348835963186,0.004620174547884881,0.00013762800643054535,-0.02354897684239373,-0.023264836809314068
-0.03424662343778684,0.00017586919155743175,0.0002785629815173972,-0.03452518641930424,-0.03424104638622457
-0.031914863936120086,-0.003403778522185874,0.00039207848527049905,-0.03230694242139059,-0.03202280238831092
0.03296700129689234,-0.006531243569450895,0.000491254660888982,0.03247574663600336,0.03275988666908302
-0.028368767943217854,0.003581997784064761,0.00017055000539635106,-0.028539317948614206,-0.028255177915534543
0.2007299089058301,-0.00617673452276668,0.0004800126962495878,0.2002498962095805,0.20053403624266017
-0.0030395108143480565,0.002828694915066654,0.00019443826521719132,-0.003233949079565248,-0.002949809046485585
0.012195110427418276,0.006847482673755456,6.699703261966658e-05,0.01212811339479861,0.012412253427878273
-0.006024090761646117,0.004688147952890187,0.00013547247719190915,-0.0061595632388380265,-0.005875423205758364
0.07272727666807577,-0.005262401280453521,0.0004510179440003926,0.07227625872407538,0.07256039875715505
-0.05367233312652431,0.007387691099234761,4.9866287793989974e-05,-0.0537221994143183,-0.053438059381238634
0.03283586168533614,-0.0016161146071345112,0.00033538922809046986,0.032500472457245674,0.032784612490325334
-0.02312136497804762,-0.0025786549148275606,0.0003659126920310551,-0.023487277670078674,-0.02320313763699901
0.06508869311918364,-0.010885526112695776,0.0006293348899802697,0.06445935822920337,0.06474349826228303
-0.08333332229543589,-0.00899879386967306,0.0005695040412094061,-0.0839028263366453,-0.08361868630356563
0.0030303001841676114,-0.007282739927037873,0.0005150856337728752,0.0025152145503947363,0.002799354583474399
-0.05740183096828344,-0.0297778200029859,0.0012284352566935392,-0.05863026622497698,-0.058346126191897316
-0.025641002128344415,0.013017017169932643,-0.00012864730790213745,-0.025512354820442278,-0.025228214787362615
-0.02302629411880963,0.0007668762331907164,0.00025982134339612044,-0.023286115462205752,-0.02300197542912609
-0.010101000370632551,0.018762303409984193,-0.00031083815848257626,-0.009790162212149974,-0.009506022179070312
0.020408143405366452,-0.00661660635492356,0.0004939616310630287,0.019914181774303423,0.020198321807383086
-0.019999980926513672,-0.012317322177972212,0.0006747390930244854,-0.020674720019538156,-0.020390579986458494
0.010204071702683226,0.015131688322181258,-0.00019570640989087225,0.010399778112574098,0.01068391814565376
-0.0033670001235441838,-0.029292752911742603,0.0012130531186677403,-0.004580053242211924,-0.004295913209132261
0.05067562669450365,0.0024642680276520945,0.0002059947380922216,0.05046963195641143,0.05075377198949109
0.0,0.014426124657807904,-0.00017333202525974563,0.00017333202525974563,0.00045747205833940845
0.0,0.012105865492430645,-9.975344740574673e-05,9.975344740574673e-05,0.00038389348048540955
0.0,-0.007914727601131322,0.0005351268235567292,-0.0005351268235567292,-0.0002509867904770664
0.0,0.00824679859557964,2.262281915565447e-05,-2.262281915565447e-05,0.00026151721392400835
0.0,-0.0005060748601761755,0.000300188356066621,-0.000300188356066621,-1.604832298695822e-05
0.0,-0.025946336754618105,0.0011069337051888455,-0.0011069337051888455,-0.0008227936721091827
0.0,0.010982987735216332,-6.414546459392853e-05,6.414546459392853e-05,0.00034828549767359135
0.0,-0.003203180635808267,0.0003857172531200454,-0.0003857172531200454,-0.00010157722004038262
0.0,0.006545480165679685,7.657394341658747e-05,-7.657394341658747e-05,0.00020756608966307534
0.0,0.012687291793508804,-0.00011819126719700526,0.00011819126719700526,0.0004023313002766681
0.0,0.0006427872591217021,0.00026375637374773,-0.00026375637374773,2.0383659331932785e-05
0.0,-0.00689910050906084,0.0005029199053901597,-0.0005029199053901597,-0.00021877987231049687
0.0,0.010842079212828093,-5.967706346032099e-05,5.967706346032099e-05,0.0003438170965399838
0.0,0.013009813642266721,-0.00012841887423011516,0.00012841887423011516,0.00041255890730977797
0.0,0.0009106051537297599,0.0002552635035963437,-0.0002552635035963437,2.887652948331911e-05
0.0,-9.401025965849463e-05,0.0002871212264362388,-0.0002871212264362388,-2.9811933565759756e-06
0.0,0.0003223043548219451,0.000273919323075445,-0.000273919323075445,1.0220710004217795e-05
0.0,0.007229681189480308,5.4876997209582794e-05,-5.4876997209582794e-05,0.00022926303587008002
0.0,0.002879153101061016,0.00019283816742554915,-0.00019283816742554915,9.130186565411368e-05
0.0,-0.0007244143620946941,0.0003071121990063398,-0.0003071121990063398,-2.2972165926676976e-05
0.0,-0.0031355866640028207,0.00038357375622488746,-0.00038357375622488746,-9.943372314522463e-05
0.0,0.0025817523700197853,0.0002022691496060227,-0.0002022691496060227,8.187088347364011e-05
0.0,0.00034269198975556137,0.0002732728034078983,-0.0002732728034078983,1.086722967176454e-05
0.0,1.997472142156731e-05,0.00028350660746188715,-0.00028350660746188715,6.334256177756613e-07
0.0,-0.0048955765157830955,0.0004393854311721589,-0.0004393854311721589,-0.0001552453980924961
0.0,-9.693591923765066e-05,0.00028721400308564566,-0.00028721400308564566,-3.0739700059828226e-06
0.0,-0.008416371322106486,0.0005510346290853154,-0.0005510346290853154,-0.00026689459600565254
0.0,0.006158571742003405,8.884333642174532e-05,-8.884333642174532e-05,0.0001952966966579175
0.0,-0.002428916406865711,0.0003611642800302684,-0.0003611642800302684,-7.702424695060561e-05
0.0,-0.005316352490240539,0.0004527288103332861,-0.0004527288103332861,-0.00016858877725362329
0.0,0.005047606675254723,0.0001240735515962429,-0.0001240735515962429,0.00016006648148341992
0.0,-0.012258373372913245,0.0006728697461398127,-0.0006728697461398127,-0.00038872971306014986
0.0,-0.017903202985502964,0.0008518749802619932,-0.0008518749802619932,-0.0005677349471823304
0.0,0.00797191259701524,3.1339828508812845e-05,-3.1339828508812845e-05,0.00025280020457084997
0.0,0.014216897585460186,-0.00016669714987098806,0.00016669714987098806,0.0004508371829506509
0.0,-0.004478294673592398,0.00042615285570350595,-0.00042615285570350595,-0.00014201282262384313
0.0,-0.015560819201407838,0.0007775948006192311,-0.0007775948006192311,-0.0004934547675395683
0.0,0.0091044925499415,-4.575824141443501e-06,4.575824141443501e-06,0.0002887158572211063
0.0,0.006415695380997066,8.068959567928712e-05,-8.068959567928712e-05,0.0002034504374003757
0.0,0.010938977513132997,-6.274984051871709e-05,6.274984051871709e-05,0.0003468898735983799
0.0,-0.0013871187334510982,0.00032812745709028077,-0.00032812745709028077,-4.3987424010617955e-05
0.0,0.009955676641137279,-3.156803081243875e-05,3.156803081243875e-05,0.00031570806389210156
0.0,-0.0019995427986508885,0.0003475482581944706,-0.0003475482581944706,-6.34082251148078e-05
0.0,0.0027628315736780706,0.00019652688146506487,-0.00019652688146506487,8.761315161459795e-05
0.0,-0.003919344949506964,0.0004084277987772016,-0.0004084277987772016,-0.0001242877656975388
0.0,0.006871616056117524,6.623173020021939e-05,-6.623173020021939e-05,0.00021790830287944342
0.0,-0.003568666378412577,0.0003973073037350876,-0.0003973073037350876,-0.00011316727065542476
0.0,0.0028471487971184484,0.00019385306748690432,-0.00019385306748690432,9.028696559275851e-05
0.0,0.0019204463587332299,0.0002232400637878675,-0.0002232400637878675,6.089996929179533e-05
0.0,0.004072700506109195,0.00015498915384326817,-0.00015498915384326817,0.00012915087923639465
0.0,0.005581337868471481,0.00010714820862628131,-0.00010714820862628131,0.0001769918244533815
0.0,-0.0008324053147991117,0.00031053673917825526,-0.00031053673917825526,-2.6396706098592457e-05
0.0,0.00325337015914573,0.000180971234906352,-0.000180971234906352,0.0001031687981733108
0.0,-0.0030228605633046968,0.0003799990580617855,-0.0003799990580617855,-9.585902498212264e-05
0.0,0.009662312168146059,-2.2265043871291465e-05,2.2265043871291465e-05,0.0003064050769509543
0.0,0.003704089049704651,0.00016667832509950056,-0.00016667832509950056,0.00011746170798016225
0.0,-0.001185699214361291,0.0003217401698476271,-0.0003217401698476271,-3.7600136767964296e-05
0.0,0.0007024972279667807,0.0002618628893228498,-0.0002618628893228498,2.2277143756813027e-05
0.0,0.0027300951851503275,0.00019756499692556587,-0.00019756499692556587,8.657503615409695e-05
0.0,0.0025606760900243053,0.00020293750714627532,-0.00020293750714627532,8.120252593338751e-05
0.0,-0.0019624672514313435,0.0003463725421028032,-0.0003463725421028032,-6.223250902314037e-05
0.0,0.0015646460846321375,0.00023452297500703933,-0.00023452297500703933,4.9617058072623475e-05
0.0,0.0007115345908383919,0.00026157630223914546,-0.00026157630223914546,2.2563730840517344e-05
0.0,0.0008370427393644686,0.0002575962679328762,-0.0002575962679328762,2.6543765146786618e-05
0.0,0.007695488006902673,4.010562869521153e-05,-4.010562869521153e-05,0.0002440344043844513
0.0,0.0005031528617669423,0.0002681843706414274,-0.0002681843706414274,1.595566243823539e-05
0.0,-0.0005925944462060739,0.0003029320099616641,-0.0003029320099616641,-1.8791976882001263e-05
0.0,-0.003756184245747196,0.00040325375066936907,-0.00040325375066936907,-0.00011911371758970624
0.0,-0.0015827522106851566,0.0003343312610662794,-0.0003343312610662794,-5.0191227986616586e-05
0.0,0.0021749356911917594,0.00021516986049302669,-0.00021516986049302669,6.897017258663613e-05
0.0,0.007507291353015866,4.6073600875431786e-05,-4.6073600875431786e-05,0.00023806643220423103
0.0,0.0021955703874654287,0.0002145155061739397,-0.0002145155061739397,6.962452690572312e-05
0.0,0.004174424362754614,0.00015176335182189049,-0.00015176335182189049,0.00013237668125777233
0.0,-0.004011219709926239,0.0004113412725447874,-0.0004113412725447874,-0.00012720123946512459
0.0,-0.008631020716408422,0.000557841453687338,-0.000557841453687338,-0.00027370142060767526
0.0,-0.00663809511563529,0.0004946430689285082,-0.0004946430689285082,-0.0002105030358488454
0.0,0.00632356747139462,8.361109715220884e-05,-8.361109715220884e-05,0.00020052893592745397
0.0,0.0015002511791302187,0.00023656502515323648,-0.00023656502515323648,4.757500792642635e-05
0.0,0.009135724328457329,-5.5662263694946355e-06,5.5662263694946355e-06,0.00028970625944915745
0.0,-0.00316282139344648,0.0003844374065836943,-0.0003844374065836943,-0.00010029737350403145
0.0,-0.0010969340964486207,0.0003189253070786248,-0.0003189253070786248,-3.478527399896199e-05
0.0,0.002908158040315856,0.00019191838130296497,-0.00019191838130296497,9.222165177669785e-05
0.0,0.008575225775086182,1.2207946042649357e-05,-1.2207946042649357e-05,0.00027193208703701346
0.0,7.258178414493166e-05,0.00028183836586283636,-0.00028183836586283636,2.3016672168264767e-06
0.0,0.007147785279833618,5.7474028030009804e-05,-5.7474028030009804e-05,0.000226666005049653
0.0,0.00033529222633799094,0.0002735074599828384,-0.0002735074599828384,1.0632573096824407e-05
0.0,-0.00043230017186479675,0.00029784886023418426,-0.00029784886023418426,-1.370882715452146e-05
0.0,0.004459292004863613,0.00014272981095896965,-0.00014272981095896965,0.00014141022212069317
0.0,0.004944781081796634,0.00012733429119229122,-0.00012733429119229122,0.0001568057418873716
0.0,0.0008661436002121992,0.0002566734400059558,-0.0002566734400059558,2.7466593073707008e-05
0.0,-0.00019544819997963092,0.0002903379616616137,-0.0002903379616616137,-6.197928581950888e-06
0.0,0.005128166675301138,0.00012151888428847709,-0.00012151888428847709,0.00016262114879118573
0.0,3.398471712534601e-05,0.0002830623314193628,-0.0002830623314193628,1.0777016603000163e-06
0.0,-0.005780822450430323,0.00046745778528428525,-0.00046745778528428525,-0.00018331775220462244
0.0,0.0029460216619106028,0.00019071767429966328,-0.00019071767429966328,9.342235877999955e-05
0.0,0.008378802677341701,1.8436789960335628e-05,-1.8436789960335628e-05,0.0002657032431193272
0.0,-0.007059870562045378,0.0005080181427063307,-0.0005080181427063307,-0.00022387810962666796
0.0,0.0035333728907271933,0.00017209196698127552,-0.00017209196698127552,0.0001120480660983873
0.0,-0.0028032386528962228,0.0003730345482024713,-0.0003730345482024713,-8.889451512280852e-05
0.0,0.004902451368978156,0.00012867662403020307,-0.00012867662403020307,0.00015546340904945975
0.0,0.006655262605488987,7.309259274893592e-05,-7.309259274893592e-05,0.0002110474403307269
0.0,-0.002855178689662563,0.0003746816375000716,-0.0003746816375000716,-9.054160442040876e-05
0.0,0.006976215252569862,6.29147472379378e-05,-6.29147472379378e-05,0.00022122528584172502
0.0,-0.001514532772802224,0.00033216792979004706,-0.00033216792979004706,-4.802789671038423e-05
0.0,0.0018701968845122874,0.0002248335430449517,-0.0002248335430449517,5.930649003471114e-05
0.0,0.00836655302646827,1.882524307105887e-05,-1.882524307105887e-05,0.00026531479000860395
0.0,0.003862162248501333,0.0001616656087021919,-0.0001616656087021919,0.00012247442437747093
0.0,-0.0026519776473655776,0.00036823785573044694,-0.00036823785573044694,-8.409782265078411e-05
0.0,0.0002890760711180551,0.0002749730372018426,-0.0002749730372018426,9.166995877820235e-06
0.0,0.0011409766124783616,0.0002479581109204711,-0.0002479581109204711,3.6181922159191704e-05
0.0,-0.009042160974207403,0.000570879271151344,-0.000570879271151344,-0.00028673923807168123
0.0,-0.015730711659182384,0.0007829823218141487,-0.0007829823218141487,-0.0004988422887344859
0.0,0.010053584595046017,-3.467282536155473e-05,3.467282536155473e-05,0.00031881285844121755
0.0,-0.0008668741908683941,0.0003116297941779933,-0.0003116297941779933,-2.7489761098330458e-05
0.0,0.003134358792605374,0.0001847452474085617,-0.0001847452474085617,9.939478567110111e-05
0.0,-0.01770582037552626,0.0008456157089047631,-0.0008456157089047631,-0.0005614756758251003
0.0,0.007254613892351713,5.408634724827295e-05,-5.408634724827295e-05,0.00023005368583138986
0.0,0.014980414164082134,-0.00019090930033299026,0.00019090930033299026,0.0004750493334126531
0.0,0.01125059589785371,-7.26316838589124e-05,7.26316838589124e-05,0.0003567717169385752
0.0,0.003325672876785646,0.00017867841726843127,-0.00017867841726843127,0.00010546161581123154
0.0,-0.005400853672730133,0.00045540845790341205,-0.00045540845790341205,-0.0001712684248237492
0.0,0.007326397804890528,5.180998162661492e-05,-5.180998162661492e-05,0.0002323300514530479
0.0,0.0016884725532351208,0.00023059626906123652,-0.00023059626906123652,5.354376401842629e-05
0.0,0.006462646466197652,7.920071282977175e-05,-7.920071282977175e-05,0.00020493932024989107
0.0,-0.0016304457368023773,0.0003358436877283144,-0.0003358436877283144,-5.170365464865159e-05
0.0,0.0018435333204338544,0.0002256790809722164,-0.0002256790809722164,5.846095210744641e-05
0.0,-0.002919942636890105,0.00037673539046194777,-0.00037673539046194777,-9.259535738228497e-05
0.0,0.004705785881164548,0.0001349131544670672,-0.0001349131544670672,0.00014922687861259563
0.0,-0.00381551976362815,0.00040513536074425103,-0.00040513536074425103,-0.00012099532766458823
0.0,-0.01051810302712286,0.000617683403581427,-0.000617683403581427,-0.0003335433705017642
0.0,-0.03351362667122315,0.0013469027735502994,-0.0013469027735502994,-0.0010627627404706365
0.0,-0.030279995565056117,0.0012443599276275084,-0.0012443599276275084,-0.0009602198945478456
0.0,-0.0037785406053220116,0.00040396270127628976,-0.00040396270127628976,-0.00011982266819662696
0.0,-0.04416324258407911,0.0016846165967523952,-0.0016846165967523952,-0.0014004765636727325
0.0,-0.008238340444361891,0.000545389027510279,-0.000545389027510279,-0.00026124899443061614
0.0,0.046039229006110016,-0.001175826614746666,0.001175826614746666,0.0014599666478263286
0.0,-0.028107896121075893,0.0011754796963023405,-0.0011754796963023405,-0.0008913396632226777
0.0,0.04220259077449118,-0.0010541615917030456,0.0010541615917030456,0.0013383016247827083
0.0,-0.033922077046888544,0.0013598552911887785,-0.0013598552911887785,-0.0010757152581091156
0.0,-0.01705385200037013,0.0008249409038805706,-0.0008249409038805706,-0.0005408008708009078
0.0,-0.07596969747745097,0.0026932425953274954,-0.0026932425953274954,-0.0024091025622478327
0.0,0.04939630628156144,-0.0012822841068059767,0.0012822841068059767,0.0015664241398856396
0.0,-0.048868445131273974,0.00183382497705043,-0.00183382497705043,-0.0015496849439707674
0.0,-0.09511268097833658,0.003300292670980882,-0.003300292670980882,-0.0030161526379012195
0.0,0.09287124972971839,-0.0026609337675555377,0.0026609337675555377,0.0029450738006352004
0.0,-0.11984055240393443,0.004084447148205498,-0.004084447148205498,-0.003800307115125835
0.0,0.05995484974402432,-0.001617109898584,0.001617109898584,0.001901249931663663
0.0,-0.051830762729157875,0.0019277641021518853,-0.0019277641021518853,-0.0016436240690722223
0.0,0.0047078080405855705,0.00013484902903805775,-0.00013484902903805775,0.00014929100404160507
0.0,-0.04335951230846191,0.0016591292151958178,-0.0016591292151958178,-0.0013749891821161551
0.0,-0.02929386782180443,0.0012130884739840811,-0.0012130884739840811,-0.0009289484409044183
0.0,0.09382773976227554,-0.0026912653690323225,0.0026912653690323225,0.002975405402111985
0.0,0.011535011448221999,-8.165088827707858e-05,8.165088827707858e-05,0.0003657909213567414
0.0,0.062414163303876835,-0.0016950980806505422,0.0016950980806505422,0.001979238113730205
0.0,-0.033687352562252526,0.001352411858134082,-0.001352411858134082,-0.0010682718250544193
0.0,0.03351600948370015,-0.0007786982696195241,0.0007786982696195241,0.0010628383026991869
0.0,-0.016012721914555605,0.0007919252510524999,-0.0007919252510524999,-0.0005077852179728371
0.0,-0.04414243033166543,0.0016839566118863132,-0.0016839566118863132,-0.0013998165788066503
0.0,0.02282934723487151,-0.0004398096566541787,0.0004398096566541787,0.0007239496897338415
0.0,-0.015137125124949469,0.0007641588844697947,-0.0007641588844697947,-0.00048001885139013187
0.0,0.07033131865275055,-0.0019461618583146174,0.0019461618583146174,0.00223030189139428
0.0,-0.0016030527844311804,0.000334975019905008,-0.000334975019905008,-5.083498682534518e-05
0.0,0.03405645287963033,-0.0007958364656781798,0.0007958364656781798,0.0010799764987578426
0.0,0.014487410153376512,-0.00017527547178257516,0.00017527547178257516,0.00045941550486223797
0.0,-0.010104660822607414,0.0006045725882522599,-0.0006045725882522599,-0.0003204325551725971
0.0,0.030572589146256046,-0.0006853584023808308,0.0006853584023808308,0.0009694984354604936
0.0,-0.022030438529415775,0.0009827552398127422,-0.0009827552398127422,-0.0006986152067330795
0.0,0.005816689462164515,9.968488908939242e-05,-9.968488908939242e-05,0.0001844551439902704
0.0,0.026793594848223412,-0.000565521346970513,0.000565521346970513,0.0008496613800501758
0.0,-0.01788104803401469,0.0008511724165797735,-0.0008511724165797735,-0.0005670323835001107
0.0,-0.030674795694063395,0.0012568795773556058,-0.0012568795773556058,-0.000972739544275943
0.0,0.022930247703843776,-0.00044300934793115455,0.00044300934793115455,0.0007271493810108174
0.0,-0.0005394221197431159,0.00030124584307965677,-0.00030124584307965677,-1.7105809999993975e-05
0.0,0.013918057304545428,-0.00015722051760365152,0.00015722051760365152,0.00044136055068331434
0.0,0.014714069804799612,-0.00018246315799343133,0.00018246315799343133,0.00046660319107309415
0.0,-0.005242380698498916,0.00045038306408266165,-0.00045038306408266165,-0.0001662430310029988
0.0,0.026583916282167053,-0.000558872154101412,0.000558872154101412,0.0008430121871810749
0.0,-0.009212446303987654,0.000576279250852574,-0.000576279250852574,-0.0002921392177729112
0.0,-0.028059034078492195,0.0011739302143918724,-0.0011739302143918724,-0.0008897901813122095
0.0,0.004249827591976452,0.00014937221273944243,-0.00014937221273944243,0.0001347678203402204
0.0,0.009040556385797371,-2.548321308414069e-06,2.548321308414069e-06,0.0002866883543880769
0.0,-0.006979410390386298,0.0005054666410926733,-0.0005054666410926733,-0.00022132660801301042
0.0,0.011504630788313985,-8.068747617913125e-05,8.068747617913125e-05,0.00036482750925879407
0.0,0.016871538638701944,-0.00025087943274912155,0.00025087943274912155,0.0005350194658287844
0.0,0.00013307822091168653,0.0002799199414691508,-0.0002799199414691508,4.2200916105120216e-06
0.0,-0.020500317528877154,0.0009342330191728492,-0.0009342330191728492,-0.0006500929860931864
0.0,-0.01746272460422804,0.0008379068109500229,-0.0008379068109500229,-0.00055376677787036
0.0,0.01152482269503552,-8.132778903853093e-05,8.132778903853093e-05,0.00036546782211819374
0.0,0.0039263632504382695,0.0001596297075020975,-0.0001596297075020975,0.00012451032557756533
0.0,0.03150119163168075,-0.0007148056517608925,0.0007148056517608925,0.0009989456848405554
0.0,-0.010484399194493177,0.0006166146091509919,-0.0006166146091509919,-0.00033247457607132907
0.0,0.01665110025908012,-0.00024388903153918756,0.00024388903153918756,0.0005280290646188504
0.0,-0.007773596407737116,0.00053065136122229,-0.00053065136122229,-0.0002465113281426272
0.0,0.002353711326488428,0.00020950064164180612,-0.00020950064164180612,7.46393914378567e-05
0.0,0.012289184036080147,-0.00010556672806735052,0.00010556672806735052,0.00038970676114701334
0.0,0.014827297215913804,-0.0001860537533925094,0.0001860537533925094,0.0004701937864721722
0.0,-0.0021079145460738413,0.00035098487388547563,-0.00035098487388547563,-6.68448408058128e-05
0.0,0.004812335824971425,0.000131534310649653,-0.000131534310649653,0.00015260572243000982
0.0,0.003751234813537785,0.0001651832687254345,-0.0001651832687254345,0.00011895676435422833
0.0,0.008210832780053412,2.3763344144098577e-05,-2.3763344144098577e-05,0.00026037668893556424
0.0,0.013648979133831007,-0.00014868768238069334,0.00014868768238069334,0.00043282771546035616
0.0,-0.0033687022311144066,0.00039096616831386634,-0.00039096616831386634,-0.00010682613523420353
0.0,0.026211650818398713,-0.0005470671092956607,0.0005470671092956607,0.0008312071423753235
0.0,0.012041579421169235,-9.771484854152615e-05,9.771484854152615e-05,0.00038185488162118897
0.0,-0.007799170822611612,0.0005314623607450988,-0.0005314623607450988,-0.000247322327665436
0.0,-0.0053130910724373814,0.0004526253863333619,-0.0004526253863333619,-0.00016848535325369912
0.0,-0.05894405927443824,0.00215333642246223,-0.00215333642246223,-0.0018691963893825675
0.0,0.013060843963234703,-0.000130037115200902,0.000130037115200902,0.0004141771482805648
0.0,0.008312217041285264,2.054831115574484e-05,-2.054831115574484e-05,0.000263591721923918
0.0,0.01896239819380252,-0.00031718343656575193,0.00031718343656575193,0.0006013234696454148
0.0,-0.0036002995561740248,0.00039831043487984126,-0.00039831043487984126,-0.00011417040180017841
0.0,0.0005942198825281686,0.0002652965113983751,-0.0002652965113983751,1.884352168128773e-05
0.0,-0.005649494809462974,0.0004632932069477411,-0.0004632932069477411,-0.00017915317386807828
0.0,0.006495095537691675,7.81717085836772e-05,-7.81717085836772e-05,0.00020596832449598561
0.0,0.004307419569164139,0.00014754589271429082,-0.00014754589271429082,0.000136594140365372
0.0,-0.025855145939064572,0.0011040419202443458,-0.0011040419202443458,-0.000819901887164683
0.0,0.010959447267809841,-6.339896431515197e-05,6.339896431515197e-05,0.0003475389973948148
0.0,-0.024226905044785974,0.0010524081841546693,-0.0010524081841546693,-0.0007682681510750065
0.0,0.014685678433118632,-0.00018156282893416818,0.00018156282893416818,0.000465702862013831
0.0,0.015409875731554612,-0.00020452811147663092,0.00020452811147663092,0.0004886681445562937
0.0,0.005022132820864389,0.000124881362209156,-0.000124881362209156,0.0001592586708705068
0.0,0.004541250844364075,0.00014013078454718186,-0.00014013078454718186,0.00014400924853248096
0.0,0.01588172586745884,-0.00021949112184982953,0.00021949112184982953,0.0005036311549294923
0.0,-0.010818532028197159,0.0006272104163285355,-0.0006272104163285355,-0.00034307038324887264
0.0,0.007827461915415501,3.592055633471565e-05,-3.592055633471565e-05,0.00024821947674494717
0.0,-0.005643606159361103,0.00046310646983387,-0.00046310646983387,-0.0001789664367542072
0.0,0.01046620127324438,-4.775746212700864e-05,4.775746212700864e-05,0.00033189749520667146
0.0,-0.009362541127788226,0.0005810389621138362,-0.0005810389621138362,-0.0002968989290341733
0.0,0.013406370782667931,-0.00014099424118220536,0.00014099424118220536,0.0004251342742618682
0.0,0.009082050740923053,-3.864163816300493e-06,3.864163816300493e-06,0.0002880041968959633
0.0,-0.0034061012455366413,0.00039215214199102744,-0.00039215214199102744,-0.00010801210891136464
0.0,0.002848612194617406,0.00019380666115936335,-0.00019380666115936335,9.033337192029947e-05
0.0,0.0084069387471426,1.75445568713589e-05,-1.75445568713589e-05,0.0002665954762083039
0.0,0.0016790373419135474,0.00023089547246107762,-0.00023089547246107762,5.32445606185852e-05
0.0,0.005747082068739751,0.0001018922343259687,-0.0001018922343259687,0.00018224779875369412
0.0,-0.012319859824193036,0.0006748195652419045,-0.0006748195652419045,-0.0003906795321622417
0.0,-0.006190400054688405,0.0004804460488764938,-0.0004804460488764938,-0.00019630601579683098
0.0,0.007395138795039502,4.963011121777853e-05,-4.963011121777853e-05,0.0002345099218618843
0.0,-0.006473392152297919,0.0004894201136692268,-0.0004894201136692268,-0.00020528008058956395
0.0,0.01242838167815008,-0.0001099808748561944,0.0001099808748561944,0.0003941209079358572
0.0,-0.003750251937389204,0.0004030656290927427,-0.0004030656290927427,-0.00011892559601307992
0.0,0.007670504990141325,4.089787417848874e-05,-4.089787417848874e-05,0.00024324215890117408
0.0,0.00718102343932614,5.6420000728905955e-05,-5.6420000728905955e-05,0.00022772003235075686
0.0,0.0036119303819721615,0.00016960080195461226,-0.00016960080195461226,0.00011453923112505057
0.0,0.006429743053199433,8.024412486368483e-05,-8.024412486368483e-05,0.00020389590821597798
0.0,0.00642769555966427,8.030905367195355e-05,-8.030905367195355e-05,0.00020383097940770926
0.0,0.0006330295486443038,0.00026406580403498043,-0.00026406580403498043,2.00742290446824e-05
0.0,0.002742218294476073,0.00019718055661964345,-0.00019718055661964345,8.695947646001937e-05
0.0,-0.007969132154236114,0.0005368520660235906,-0.0005368520660235906,-0.00025271203294392774
0.0,0.013996549490237653,-0.00015970961170230444,0.00015970961170230444,0.00044384964478196725
0.0,-0.002047174350497949,0.00034905871956800253,-0.00034905871956800253,-6.491868648833972e-05
0.0,-0.00017188262276812694,0.00028959066511672574,-0.00028959066511672574,-5.450632037062919e-06
0.0,0.0027098425110787527,0.0001982072368003881,-0.0001982072368003881,8.593279627927471e-05
0.0,0.002303389154016955,0.00021109642625941484,-0.00021109642625941484,7.304360682024799e-05
0.0,-0.0044043954214108005,0.00042380940978111397,-0.00042380940978111397,-0.00013966937670145115
0.0,0.0031586327691348615,0.00018397548655660505,-0.00018397548655660505,0.00010016454652305776
0.0,0.0034411070444764214,0.00017501784261315722,-0.00017501784261315722,0.0001091221904665056
0.0,0.010043718303008653,-3.4359951805171924e-05,3.4359951805171924e-05,0.00031849998488483474
0.0,0.0035963511532906,0.00017009484051183746,-0.00017009484051183746,0.00011404519256782537
0.0,0.010195626139483993,-3.917715616730445e-05,3.917715616730445e-05,0.00032331718924696727
0.0,0.0016730440109038458,0.00023108552914909006,-0.00023108552914909006,5.3054503930572764e-05
0.0,0.00673256535528588,7.064121728229315e-05,-7.064121728229315e-05,0.00021349881579736966
0.0,-0.0021949627140287475,0.00035374528983318147,-0.00035374528983318147,-6.960525675351866e-05
0.0,0.007525003016613407,4.551193990307931e-05,-4.551193990307931e-05,0.0002386280931765835
0.0,0.015365910154807594,-0.00020313390316583193,0.00020313390316583193,0.00048727393624549474
0.0,-0.03512584371534122,0.001398028371530169,-0.001398028371530169,-0.001113888338450506
0.0,-0.008133027264274895,0.0005420494031546422,-0.0005420494031546422,-0.0002579093700749794
0.0,-0.027756342102360998,0.0011643314396239989,-0.0011643314396239989,-0.0008801914065443362
0.0,0.02014498633677464,-0.00035468491702332064,0.00035468491702332064,0.0006388249501029835
0.0,-0.01758479659017942,0.0008417778798616957,-0.0008417778798616957,-0.0005576378467820329
0.0,0.0005330721905940639,0.00026723558798029406,-0.00026723558798029406,1.6904445099368772e-05
0.0,0.012741829089357504,-0.00011992071911704443,0.00011992071911704443,0.00040406075219670724
0.0,0.005219359577689042,0.00011862703316761769,-0.00011862703316761769,0.00016551299991204513
0.0,-0.004618946596211537,0.00043061311970899873,-0.00043061311970899873,-0.00014647308662933594
0.0,-0.008412365876402483,0.0005509076109474411,-0.0005509076109474411,-0.00026676757786777826
0.0,-0.011182581807410497,0.0006387549305889605,-0.0006387549305889605,-0.00035461489750929773
0.0,-0.011571097930805796,0.0006510753059415677,-0.0006510753059415677,-0.0003669352728619049
0.0,0.010517945160813724,-4.939833126645695e-05,4.939833126645695e-05,0.00033353836434611977
0.0,-0.023721455093028143,0.0010363796778646546,-0.0010363796778646546,-0.0007522396447849918
0.0,0.0029874591429570607,0.00018940363534627992,-0.00018940363534627992,9.473639773338289e-05
0.0,0.0159767237756141,-0.00022250363488521383,0.00022250363488521383,0.0005066436679648766
0.0,0.016110590199083896,-0.00022674872147221469,0.00022674872147221469,0.0005108887545518775
0.0,-0.0048126645432444715,0.00043675617961375817,-0.00043675617961375817,-0.00015261614653409535
0.0,0.008253718228220741,2.2403388181476433e-05,-2.2403388181476433e-05,0.0002617366448981864
0.0,0.005292907769290922,0.00011629471985428146,-0.00011629471985428146,0.00016784531322538136
0.0,-0.009577652178616392,0.0005878604264729877,-0.0005878604264729877,-0.00030372039339332486
0.0,0.01797270867614209,-0.0002857990342054128,0.0002857990342054128,0.0005699390672850756
0.0,-0.013973515692226712,0.0007272592447593668,-0.0007272592447593668,-0.000443119211679704
0.0,0.01739675486921799,-0.00026753475465620053,0.00026753475465620053,0.0005516747877358633
0.0,0.008010123642494982,3.012810422099748e-05,-3.012810422099748e-05,0.00025401192885866534
0.0,0.00879353312061526,5.285122825830183e-06,-5.285122825830183e-06,0.00027885491025383263
0.0,0.01641581296364758,-0.00023642775098769997,0.00023642775098769997,0.0005205677840673628
0.0,-0.006306918994084421,0.0004841410231197789,-0.0004841410231197789,-0.00020000099004011606
0.0,-0.006623141753502759,0.0004941688774518554,-0.0004941688774518554,-0.0002100288443721926
0.0,-0.0015277553060997207,0.000332587234327305,-0.000332587234327305,-4.8447201247642146e-05
0.0,0.00013491955745537076,0.00027986155017982564,-0.00027986155017982564,4.278482899837176e-06
0.0,-0.016329861778318078,0.0008019821880122381,-0.0008019821880122381,-0.0005178421549325753
0.0,0.004727334073110212,0.00013422983195622638,-0.00013422983195622638,0.00014991020112343643
0.0,-0.0021956999281005363,0.00035376866789533313,-0.00035376866789533313,-6.962863481567032e-05
0.0,0.005218925396392127,0.00011864080164780927,-0.00011864080164780927,0.00016549923143185355
0.0,0.003445761353703114,0.00017487024812935862,-0.00017487024812935862,0.00010926978495030418
0.0,-0.018589516294535646,0.0008736389099102082,-0.0008736389099102082,-0.0005894988768305454
0.0,-0.0030256189119989285,0.0003800865290551881,-0.0003800865290551881,-9.594649597552524e-05
0.0,-0.035287878760604796,0.0014031667234741699,-0.0014031667234741699,-0.0011190266903945072
0.0,0.011947330894238384,-9.472609940527232e-05,9.472609940527232e-05,0.00037886613248493513
0.0,-0.012129550130175693,0.0006687845856816151,-0.0006687845856816151,-0.00038464455260195233
0.0,0.01231820260127181,-0.00010648694628694711,0.00010648694628694711,0.00039062697936660993
0.0,0.01779929009643455,-0.0002802996948821409,0.0002802996948821409,0.0005644397279618037
0.0,0.02204704770168342,-0.0004150018731243298,0.0004150018731243298,0.0006991419062039926
0.0,0.01946019413896294,-0.0003329692238833663,0.0003329692238833663,0.0006171092569630291
0.0,-0.00028771518741854685,0.00029326387348212554,-0.00029326387348212554,-9.12384040246271e-06
0.0,0.01169988923568721,-8.687938744752864e-05,8.687938744752864e-05,0.00037101942052719146
0.0,-0.0013997945931910616,0.0003285294258645714,-0.0003285294258645714,-4.438939278490857e-05
0.0,0.007651855318760337,4.148928065502965e-05,-4.148928065502965e-05,0.00024265075242463317
0.0,-0.009978532303877019,0.000600572881161994,-0.000600572881161994,-0.00031643284808233115
0.0,0.013610335409063534,-0.00014746223724344305,0.00014746223724344305,0.00043160227032310587
0.0,0.011648051240012336,-8.523553401189793e-05,8.523553401189793e-05,0.00036937556709156074
0.0,-0.004791925698091615,0.00043609852259188263,-0.00043609852259188263,-0.0001519584895122198
0.0,-0.011563829610944043,0.0006508448176207819,-0.0006508448176207819,-0.00036670478454111906
0.0,0.003946442467421596,0.0001589929681877568,-0.0001589929681877568,0.00012514706489190602
0.0,-0.006792562915180156,0.0004995414532057231,-0.0004995414532057231,-0.00021540142012606032
0.0,0.005635930617216234,0.00010541699821939277,-0.00010541699821939277,0.00017872303486027004
0.0,0.016161668273416252,-0.00022836847676721615,0.00022836847676721615,0.000512508509846879
0.0,-0.001584418237524976,0.00033438409304615896,-0.00033438409304615896,-5.024405996649611e-05
0.0,0.002396979198154181,0.00020812855850926615,-0.00020812855850926615,7.601147457039668e-05
0.0,-0.004595548640170977,0.00042987113865970727,-0.00042987113865970727,-0.00014573110558004445
0.0,0.011271187194776155,-7.328466192547104e-05,7.328466192547104e-05,0.00035742469500513386
0.0,0.0017911667548251575,0.00022733969608025308,-0.00022733969608025308,5.6800336999409733e-05
0.0,-0.000624157213091503,0.0003039329082816539,-0.0003039329082816539,-1.9792875201991117e-05
0.0,0.008836275129611826,3.929715514647866e-06,-3.929715514647866e-06,0.00028021031756501495
0.0,-0.0019356376714373402,0.0003455217395847759,-0.0003455217395847759,-6.138170650511308e-05
0.0,0.002787148065356293,0.00019575577239984486,-0.00019575577239984486,8.838426067981797e-05
0.0,-0.007949201604598555,0.0005362200411532388,-0.0005362200411532388,-0.00025208000807357595
0.0,-0.0012851080682624305,0.00032489255997942196,-0.00032489255997942196,-4.075252689975913e-05
0.0,-0.0012649972997506032,0.0003242548201231457,-0.0003242548201231457,-4.0114787043482926e-05
0.0,-0.004359258971957769,0.00042237807150231747,-0.00042237807150231747,-0.00013823803842265463
0.0,0.012921249154708825,-0.00012561037372288035,0.00012561037372288035,0.00040975040680254316
0.0,0.0017727951669590514,0.00022792228414984404,-0.00022792228414984404,5.6217748929818776e-05
0.0,0.005757654753379748,0.00010155696009819364,-0.00010155696009819364,0.00018258307298146917
0.0,-0.0035111185091528663,0.00039548238243239815,-0.00039548238243239815,-0.00011134234935273532
0.0,-0.0039062790518439305,0.0004080134613692183,-0.0004080134613692183,-0.0001238734282895555
0.0,-0.002073092860288006,0.00034988063080917085,-0.00034988063080917085,-6.574059772950801e-05
0.0,0.000745811250824957,0.00026048934267314955,-0.00026048934267314955,2.365069040651327e-05
0.0,0.0035365890047962534,0.00017198997962445403,-0.00017198997962445403,0.0001121500534552088
0.0,0.008722529021144565,7.536759513151797e-06,-7.536759513151797e-06,0.000276603273566511
0.0,-0.00222738052560012,0.0003547733027845591,-0.0003547733027845591,-7.063326970489629e-05
0.0,0.0013415471654707467,0.00024159774554888543,-0.00024159774554888543,4.254228753077739e-05
0.0,0.006438845522919845,7.99554731531428e-05,-7.99554731531428e-05,0.00020418455992652002
0.0,-0.014754827521051062,0.0007520357068387896,-0.0007520357068387896,-0.00046789567375912674
0.0,0.007082595157549276,5.954129558330068e-05,-5.954129558330068e-05,0.00022459873749636214
0.0,0.005709842747752214,0.00010307314390684561,-0.00010307314390684561,0.0001810668891728172
0.0,0.014847403800101189,-0.00018669136055815934,0.00018669136055815934,0.00047083139363782216
0.0,0.005491862685268911,0.00010998558853259047,-0.00010998558853259047,0.00017415444454707234
0.0,-0.006554750898592476,0.0004920001103082507,-0.0004920001103082507,-0.00020786007722858792
0.0,0.0004157884466327033,0.0002709548152178541,-0.0002709548152178541,1.3185217861808726e-05
0.0,0.0022756417379066196,0.00021197633461059664,-0.00021197633461059664,7.216369846906617e-05
0.0,-0.0037534511943366766,0.0004031670818872827,-0.0004031670818872827,-0.00011902704880761992
0.0,-0.007190027975370938,0.0005121456115307424,-0.0005121456115307424,-0.00022800557845107953
0.0,0.008136379515524483,2.6124358552476266e-05,-2.6124358552476266e-05,0.00025801567452718655
0.0,0.013935625421946263,-0.00015777762653062578,0.00015777762653062578,0.0004419176596102886
0.0,0.0003167233075522802,0.0002740963056846145,-0.0002740963056846145,1.0043727395048307e-05
0.0,-0.0030106116552376383,0.0003796106285064638,-0.0003796106285064638,-9.547059542680097e-05
0.0,0.0036158389430824833,0.00016947685615914066,-0.00016947685615914066,0.00011466317692052216
0.0,-0.0014888337468982327,0.0003313529786817982,-0.0003313529786817982,-4.721294560213537e-05
0.0,-0.025677883699462,0.0010984206932315214,-0.0010984206932315214,-0.0008142806601518587
0.0,0.009760625975629766,-2.5382708589959612e-05,2.5382708589959612e-05,0.00030952274166962243
0.0,-0.019311475173124593,0.00089653320911105,-0.00089653320911105,-0.0006123931760313872
0.0,0.016051767614439383,-0.00022488337720877078,0.00022488337720877078,0.0005090234102884336
0.0,0.013898223484416938,-0.00015659156015775816,0.00015659156015775816,0.00044073159323742097
0.0,0.0010087690809532646,0.000252150591784833,-0.000252150591784833,3.198944129482985e-05
0.0,0.010853322230420792,-6.003359485888299e-05,6.003359485888299e-05,0.0003441736279385458
0.0,0.003897495164625342,0.00016054515381567214,-0.00016054515381567214,0.00012359487926399067
0.0,0.007399348360373592,4.949662016846487e-05,-4.949662016846487e-05,0.00023464341291119795
0.0,-0.0011135249921484514,0.00031945142697468353,-0.00031945142697468353,-3.531139389502071e-05
0.0,-0.00034518493235935477,0.00029508631735627316,-0.00029508631735627316,-1.0946284276610349e-05
0.0,0.0016624551635393559,0.0002314213159188691,-0.0002314213159188691,5.271871716079372e-05
0.0,0.0047110331133788375,0.00013474675758789169,-0.00013474675758789169,0.00014939327549177113
0.0,-0.0005692724183511411,0.00030219243669853753,-0.00030219243669853753,-1.8052403618874728e-05
0.0,-0.0003204020092266724,0.0002943004171144477,-0.0002943004171144477,-1.0160384034784883e-05
0.0,-0.004415835627354592,0.00042417219429081944,-0.00042417219429081944,-0.00014003216121115662
0.0,-0.0018548966445751658,0.0003429613316701607,-0.0003429613316701607,-5.882129859049791e-05
0.0,-0.0077328394581538396,0.0005293589028483492,-0.0005293589028483492,-0.00024521886976868644
0.0,0.0012563181187927874,0.000244300474683627,-0.000244300474683627,3.98395583960358e-05
0.0,0.01135161376597904,-7.583509802290566e-05,7.583509802290566e-05,0.0003599751311025685
0.0,-0.02447880752512621,0.0010603963548460739,-0.0010603963548460739,-0.0007762563217664111
0.0,-0.004750214169902844,0.00043477579323042024,-0.00043477579323042024,-0.0001506357601507574
0.0,0.023790763506800205,-0.00047029747588996876,0.00047029747588996876,0.0007544375089696316
0.0,-0.008080851690870694,0.0005403948446695026,-0.0005403948446695026,-0.00025625481158983974
0.0,-0.01306622187199813,0.000698487722170731,-0.000698487722170731,-0.00041434768909106825
0.0,-0.013417213930100202,0.0007096181583127642,-0.0007096181583127642,-0.0004254781252331014
0.0,0.01949596819778221,-0.0003341036680054992,0.0003341036680054992,0.000618243701085162
0.0,-0.005359231030161227,0.0004540885472259996,-0.0004540885472259996,-0.0001699485141463368
0.0,0.01415464230382213,-0.00016472295011124544,0.00016472295011124544,0.00044886298319090826
0.0,0.006030313342701321,9.291058492540255e-05,-9.291058492540255e-05,0.00019122944815426027
0.0,0.010395487004435822,-4.551501636467371e-05,4.551501636467371e-05,0.0003296550494443365
0.0,0.0010153984958789497,0.0002519403640096281,-0.0002519403640096281,3.219966907003473e-05
0.0,0.006491921301497117,7.827236793606914e-05,-7.827236793606914e-05,0.00020586766514359367
0.0,-0.0015696837343783798,0.00033391684188599144,-0.00033391684188599144,-4.9776808806328606e-05
0.0,0.00287938213053085,0.00019283090458916926,-0.00019283090458916926,9.130912849049354e-05
0.0,-0.014760539319459198,0.0007522168357446163,-0.0007522168357446163,-0.00046807680266495354
0.0,-0.0006027039747036333,0.00030325259687743816,-0.00030325259687743816,-1.911256379777537e-05
0.0,0.007025118077311765,6.136397206969597e-05,-6.136397206969597e-05,0.00022277606100996685
0.0,-0.007630854183940605,0.0005261248109198987,-0.0005261248109198987,-0.00024198477784023595
0.0,-0.00546733601831495,0.00045751670361730563,-0.00045751670361730563,-0.0001733766705376428
0.0,0.005240265846959469,0.00011796406689897645,-0.00011796406689897645,0.00016617596618068636
0.0,0.016631202604519668,-0.0002432580498165272,0.0002432580498165272,0.00052739808289619
0.0,-0.0008680126852336212,0.0003116658973847118,-0.0003116658973847118,-2.7525864305048997e-05
0.0,-0.0031578329337678124,0.00038427921573401877,-0.00038427921573401877,-0.00010013918265435595
0.0,0.0036224990395776757,0.00016926565542958467,-0.00016926565542958467,0.00011487437765007815
0.0,0.011825201774944727,-9.085321871751194e-05,9.085321871751194e-05,0.00037499325179717475
0.0,0.014438226417743616,-0.00017371578854743656,0.00017371578854743656,0.0004578558216270994
0.0,-0.0009735307519511682,0.00031501201897441713,-0.00031501201897441713,-3.0871985894754313e-05
0.0,0.001475232784985625,0.00023735839250151313,-0.00023735839250151313,4.678164057814968e-05
0.0,0.0042206328286402695,0.00015029801844214765,-0.00015029801844214765,0.00013384201463751517
0.0,0.007719934348738189,3.933040190467433e-05,-3.933040190467433e-05,0.0002448096311749885
0.0,-0.00019607884876882142,0.000290357960393534,-0.000290357960393534,-6.2179273138711815e-06
0.0,0.0032944868090414303,0.00017966736994566582,-0.00017966736994566582,0.000104472663133997
0.0,-0.004087726727828533,0.0004137674142694279,-0.0004137674142694279,-0.00012962738118976505
0.0,0.01109419052516647,-6.767185649877321e-05,6.767185649877321e-05,0.00035181188957843603
0.0,0.0036088195555097347,0.00016969945049804717,-0.00016969945049804717,0.00011444058258161566
0.0,-0.005306560094486046,0.00045241828012866474,-0.00045241828012866474,-0.00016827824704900195
0.0,-0.006802319771775922,0.0004998508564152241,-0.0004998508564152241,-0.00021571082333556136
0.0,0.009306055472153574,-1.0967658892389995e-05,1.0967658892389995e-05,0.0002951076919720528
0.0,-0.009210657476561801,0.000576222524698882,-0.000576222524698882,-0.0002920824916192192
0.0,0.010928696540176919,-6.242381686569096e-05,6.242381686569096e-05,0.00034656384994535377
0.0,0.001782270924804541,0.00022762179496451347,-0.00022762179496451347,5.651823811514934e-05
0.0,-0.00021489588801437698,0.0002909546743329812,-0.0002909546743329812,-6.8146412533184365e-06
0.0,-0.0008455399168898481,0.0003109532552972024,-0.0003109532552972024,-2.681322221753963e-05
0.0,0.006762806734045723,6.96822219792268e-05,-6.96822219792268e-05,0.000214457811100436
0.0,-0.007194706699326425,0.0005122939802388389,-0.0005122939802388389,-0.00022815394715917605
0.0,0.002748090747253684,0.00019699433314498212,-0.00019699433314498212,8.714569993468071e-05
0.0,-0.006678337608227225,0.000495919213170668,-0.000495919213170668,-0.00021177918009100517
0.0,0.0007034637617677753,0.0002618322392197983,-0.0002618322392197983,2.230779385986453e-05
0.0,0.008165456466051824,2.5202288854376447e-05,-2.5202288854376447e-05,0.00025893774422528637
0.0,0.007373341616968343,5.03213294177271e-05,-5.03213294177271e-05,0.00023381870366193572
0.0,-0.010435647322188157,0.0006150686208900901,-0.0006150686208900901,-0.0003309285878104272
0.0,-0.00867391280271812,0.0005592016201544945,-0.0005592016201544945,-0.00027506158707483173
0.0,-0.021449400664502738,0.0009643297378612506,-0.0009643297378612506,-0.0006801897047815878
0.0,0.012173141406923493,-0.000101886858270393,0.000101886858270393,0.0003860268913500558
0.0,0.014917956876899785,-0.00018892869470234778,0.00018892869470234778,0.0004730687277820106
0.0,-0.0025300521932207776,0.0003643714335419072,-0.0003643714335419072,-8.023140046224436e-05
0.0,-0.008517292959364653,0.000554234991637464,-0.000554234991637464,-0.0002700949585578012
0.0,-0.002943411456817757,0.00037747961870160114,-0.00037747961870160114,-9.333958562193831e-05
0.0,0.010554741756143349,-5.056520141381941e-05,5.056520141381941e-05,0.0003347052344934822
0.0,-0.0007838806801412357,0.0003089979569325957,-0.0003089979569325957,-2.48579238529329e-05
0.0,0.009911292190138532,-3.016053942869615e-05,3.016053942869615e-05,0.00031430057250835897
0.0,-0.0021252837802967495,0.0003515356759560395,-0.0003515356759560395,-6.739564287637667e-05
0.0,0.0018768165702687245,0.0002246236237949528,-0.0002246236237949528,5.9516409284710016e-05
0.0,0.0011653145418315525,0.0002471863220373841,-0.0002471863220373841,3.69537110422787e-05
0.0,0.0007688818911402162,0.00025975774125124463,-0.00025975774125124463,2.4382291828418183e-05
0.0,-0.0004923335226864056,0.0002997525995419206,-0.0002997525995419206,-1.561256646225779e-05
0.0,0.0014469348384307246,0.00023825575892280233,-0.00023825575892280233,4.5884274156860486e-05
0.0,-0.0036287033416374515,0.0003992111575970508,-0.0003992111575970508,-0.000115071124517388
0.0,0.008834095710505974,3.998827862418874e-06,-3.998827862418874e-06,0.00028014120521724394
0.0,-0.0007967387044511831,0.0003094057023934715,-0.0003094057023934715,-2.526566931380871e-05
0.0,0.00017502486450582388,0.000278589756278005,-0.000278589756278005,5.550276801657838e-06
0.0,-0.0018238673194856947,0.00034197734951595967,-0.00034197734951595967,-5.7837316436296845e-05
0.0,0.004652243012262192,0.00013661107175443103,-0.00013661107175443103,0.00014752896132523178
0.0,0.0019484346695590737,0.0002223525163372074,-0.0002223525163372074,6.178751674245541e-05
0.0,0.0018152018730952513,0.00022657750974897805,-0.00022657750974897805,5.7562523330684766e-05
0.0,-0.0020116937805257917,0.00034793358237688357,-0.00034793358237688357,-6.379354929722074e-05
0.0,-0.005390124612855707,0.00045506822480400206,-0.00045506822480400206,-0.00017092819172433925
0.0,-0.00043571559205179966,0.00029795716785942006,-0.00029795716785942006,-1.3817134779757218e-05
0.0,-0.013124468779900589,0.0007003348109407302,-0.0007003348109407302,-0.0004161947778610674
0.0,0.014002289962720793,-0.00015989164990209785,0.00015989164990209785,0.00044403168298176067
0.0,0.005124491902218642,0.00012163541634721469,-0.00012163541634721469,0.00016250461673244813
0.0,-0.0010832833431588806,0.0003184924231022645,-0.0003184924231022645,-3.435239002260172e-05
0.0,0.005811249724885448,9.985739056632463e-05,-9.985739056632463e-05,0.00018428264251333818
0.0,0.0033305973193167304,0.00017852225648968395,-0.00017852225648968395,0.00010561777658997888
0.0,0.0023149642620619026,0.00021072936382037253,-0.00021072936382037253,7.34106692592903e-05
0.0,0.00027733619326086867,0.00027534532471601387,-0.00027534532471601387,8.794708363648953e-06
0.0,0.0013281596467464851,0.00024202228199870257,-0.00024202228199870257,4.211775108096025e-05
0.0,0.0052216268542757405,0.00011855513473948506,-0.00011855513473948506,0.00016558489834017775
0.0,0.007500081663913916,4.630222993498115e-05,-4.630222993498115e-05,0.00023783780314468167
0.0,-0.0020218560598241897,0.00034825584209238807,-0.00034825584209238807,-6.411580901272527e-05
0.0,0.003358975310182588,0.00017762235175429025,-0.00017762235175429025,0.00010651768132537255
0.0,-0.008561024934316985,0.0005556217921172354,-0.0005556217921172354,-0.0002714817590375726
0.0,0.011277947808795874,-7.349905020261413e-05,7.349905020261413e-05,0.00035763908328227694
0.0,0.0034511743312370946,0.00017469859524038442,-0.00017469859524038442,0.0001094414378392784
0.0,-0.0035168126585656267,0.00039566295166454726,-0.00039566295166454726,-0.00011152291858488442
0.0,0.0011649345752446916,0.0002471983712952905,-0.0002471983712952905,3.694166178437233e-05
0.0,-0.0032622408541723713,0.0003875901330723463,-0.0003875901330723463,-0.0001034500999926835
0.0,-0.007538854211077806,0.000523207366495215,-0.000523207366495215,-0.0002390673334155522
0.0,-0.015869512427409305,0.0007873838831929694,-0.0007873838831929694,-0.0005032438501133066
0.0,0.015162609437855634,-0.0001966869605771615,0.0001966869605771615,0.0004808269936568243
0.0,0.008241819990835397,2.2780697491938957e-05,-2.2780697491938957e-05,0.00026135933558772386
0.0,0.0020166699583279435,0.0002201886824077963,-0.0002201886824077963,6.39513506718665e-05
0.0,0.010145452020822843,-3.758606653764019e-05,3.758606653764019e-05,0.000321726099617303
0.0,0.0023821998626283314,0.00020859723136523235,-0.00020859723136523235,7.554280171443048e-05
0.0,-0.0047124448070912095,0.00043357807530149226,-0.00043357807530149226,-0.00014943804222182944
0.0,-0.0001862618826539153,0.00029004665102932417,-0.00029004665102932417,-5.9066179496613245e-06
0.0,0.004206152980007483,0.00015075719416089475,-0.00015075719416089475,0.00013338283891876806
0.0,-0.0054060480514769305,0.00045557317872715766,-0.00045557317872715766,-0.00017143314564749488
0.0,-0.001842805614891363,0.00034257790865337026,-0.00034257790865337026,-5.843787557370744e-05
0.0,0.0082034265474622,2.3998205865344584e-05,-2.3998205865344584e-05,0.00026014182721431823
0.0,-0.004632387901412294,0.0004310393618012318,-0.0004310393618012318,-0.00014689932872156896
0.0,0.006005446813494242,9.369913642970159e-05,-9.369913642970159e-05,0.00019044089664996123
0.0,0.001675266241764728,0.00023101505918226615,-0.00023101505918226615,5.3124973897396655e-05
0.0,-0.0009399082741974318,0.000313945804417887,-0.000313945804417887,-2.9805771338224202e-05
0.0,0.0009926793341701323,0.00025266081956628055,-0.00025266081956628055,3.147921351338228e-05
0.0,0.0012757437876824707,0.000243684460269335,-0.000243684460269335,4.045557281032782e-05
0.0,0.004146380281677686,0.00015265266782316016,-0.00015265266782316016,0.00013148736525650265
0.0,0.001607306655808216,0.00023317015020004638,-0.00023317015020004638,5.096988287961645e-05
0.0,0.002620850702215849,0.00020102928824812917,-0.00020102928824812917,8.311074483153366e-05
0.0,-0.00706069881494753,0.0005080444077337695,-0.0005080444077337695,-0.00022390437465410676
0.0,-0.010748470745585936,0.0006249886776477521,-0.0006249886776477521,-0.00034084864456808926
0.0,0.0012566922329095842,0.00024428861101551624,-0.00024428861101551624,3.985142206414657e-05
0.0,0.008141567655737925,2.5959835561118925e-05,-2.5959835561118925e-05,0.0002581801975185439
0.0,0.00852379036424833,1.3839032964859603e-05,-1.3839032964859603e-05,0.0002703010001148032
0.0,0.0014957363013194946,0.00023670819807695753,-0.00023670819807695753,4.743183500270529e-05
0.0,0.002220118224179668,0.00021373706084258282,-0.00021373706084258282,7.040297223708e-05
0.0,-0.005824918819612557,0.00046885614120131754,-0.00046885614120131754,-0.00018471610812165472
0.0,0.008807632480425154,4.838012925805239e-06,-4.838012925805239e-06,0.0002793020201538576
0.0,0.004306570844779589,0.00014757280692031448,-0.00014757280692031448,0.00013656722615934834
0.0,-0.0013491160395050494,0.0003269223399133311,-0.0003269223399133311,-4.278230683366829e-05
0.0,0.0003116886257619189,0.0002742559623003969,-0.0002742559623003969,9.884070779265916e-06
0.0,0.002842638410522902,0.00019399609798807598,-0.00019399609798807598,9.014393509158685e-05
0.0,-0.0003350311257153127,0.00029476432632017627,-0.00029476432632017627,-1.062429324051347e-05
0.0,-0.003395574405981705,0.0003918183215733314,-0.0003918183215733314,-0.00010767828849366854
0.0,-0.001318566739775151,0.00032595358001697876,-0.00032595358001697876,-4.181354693731593e-05
0.0,-0.004605608657393345,0.0004301901555055208,-0.0004301901555055208,-0.000146050122425858
0.0,-0.007722578759925436,0.0005290335221345478,-0.0005290335221345478,-0.00024489348905488496
0.0,0.0022764876184568905,0.00021194951058643073,-0.00021194951058643073,7.21905224932321e-05
0.0,-0.00574663850657553,0.00046637376587308827,-0.00046637376587308827,-0.00018223373279342546
0.0,0.008473996979569742,1.5418049001454757e-05,-1.5418049001454757e-05,0.00026872198407820806
0.0,-0.0015511404489350067,0.0003333288090524082,-0.0003333288090524082,-4.9188775972745414e-05
0.0,-0.009110872450405094,0.0005730582056325932,-0.0005730582056325932,-0.00028891817255293043
0.0,-0.01697731100841482,0.0008225136847924432,-0.0008225136847924432,-0.0005383736517127804
0.0,-0.0008123585165593639,0.00030990102790642117,-0.00030990102790642117,-2.576099482675836e-05
0.0,0.009519611195260236,-1.773980169145347e-05,1.773980169145347e-05,0.0003018798347711163
0.0,0.012134715784494876,-0.00010066832945531876,0.00010066832945531876,0.0003848083625349816
0.0,0.001461009046688222,0.00023780944661275515,-0.00023780944661275515,4.633058646690766e-05
0.0,-0.0027763826213396126,0.00037218290686937217,-0.00037218290686937217,-8.804287378970934e-05
0.0,-0.020364110556098214,0.0009299137105799045,-0.0009299137105799045,-0.0006457736775002417
0.0,0.0015691842194003325,0.00023437906457352564,-0.00023437906457352564,4.976096850613717e-05
0.0,-0.011909714125195148,0.0006618132865918675,-0.0006618132865918675,-0.0003776732535122047
0.0,0.01149147763018199,-8.027037162284617e-05,8.027037162284617e-05,0.000364410404702509
0.0,-0.012985898136748442,0.0006959405471414139,-0.0006959405471414139,-0.00041180051406175116
0.0,0.010524514660609219,-4.9606659051291296e-05,4.9606659051291296e-05,0.0003337466921309541
0.0,0.004102792854185466,0.00015403488450612727,-0.00015403488450612727,0.00013010514857353554
0.0,0.008298280656405366,2.0990252898800995e-05,-2.0990252898800995e-05,0.0002631497801808618
0.0,-0.0019137230947889883,0.00034482679851607163,-0.00034482679851607163,-6.06867654364088e-05
0.0,-0.006865763848056816,0.0005018627544719871,-0.0005018627544719871,-0.00021772272139232424
0.0,-0.0024167805585421087,0.0003607794357533761,-0.0003607794357533761,-7.663940267371324e-05
0.0,0.00302251448379387,0.0001882919827501182,-0.0001882919827501182,9.58480503295446e-05
0.0,0.01706310194558336,-0.0002569541660804957,0.0002569541660804957,0.0005410941991601585
0.0,0.007460210377712606,4.756660271698678e-05,-4.756660271698678e-05,0.00023657343036267604
0.0,0.00337476955709759,0.00017712149467607167,-0.00017712149467607167,0.00010701853840359114
0.0,0.007393339551406308,4.968716768359005e-05,-4.968716768359005e-05,0.00023445286539607277
0.0,0.0036640298040166996,0.0001679486583327901,-0.0001679486583327901,0.0001161913747468727
0.0,0.002995871849622578,0.00018913685696152525,-0.00018913685696152525,9.500317611813757e-05
0.0,-0.0010725536274130976,0.00031815216920428067,-0.00031815216920428067,-3.401213612461786e-05
0.0,0.004748196569493546,0.00013356825378544462,-0.00013356825378544462,0.0001505717792942182
0.0,0.0018197952535197182,0.00022643184740047065,-0.00022643184740047065,5.7708185679192166e-05
0.0,-0.005051568068462853,0.00044433213573632233,-0.00044433213573632233,-0.00016019210265665954
0.0,0.009829281576461124,-2.755987118725154e-05,2.755987118725154e-05,0.00031169990426691436
0.0,0.001949334719149265,0.0002223239745390184,-0.0002223239745390184,6.18160585406444e-05
0.0,0.0018000771431341267,0.0002270571355328436,-0.0002270571355328436,5.708289754681921e-05
0.0,0.0036803630854131963,0.00016743070773710827,-0.00016743070773710827,0.00011670932534255454
0.0,0.006461279195357994,7.92440708500414e-05,-7.92440708500414e-05,0.00020489596222962142
0.0,0.004181942361150437,0.00015152494585477804,-0.00015152494585477804,0.00013261508722488478
0.0,0.003732799652949259,0.00016576787277262646,-0.00016576787277262646,0.00011837216030703635
0.0,0.0008877879113036169,0.00025598706942610847,-0.00025598706942610847,2.815296365355433e-05
0.0,-0.003498775895770745,0.0003950909813539283,-0.0003950909813539283,-0.00011095094827426547
0.0,-0.008225823395229703,0.0005449920948366286,-0.0005449920948366286,-0.00026085206175696575
0.0,0.0005509400447352153,0.000266668973993104,-0.000266668973993104,1.74710590865588e-05
0.0,0.007222656026415475,5.5099774697208316e-05,-5.5099774697208316e-05,0.0002290402583824545
0.0,-1.0739820344718431e-05,0.0002844806074082393,-0.0002844806074082393,-3.4057432857649853e-07
0.0,0.003865229864862485,0.00016156833040991176,-0.00016156833040991176,0.00012257170266975106
0.0,-0.002601625374463401,0.00036664111658718995,-0.00036664111658718995,-8.250108350752715e-05
0.0,0.0033847802152713324,0.00017680404307290703,-0.00017680404307290703,0.00010733599000675579
0.0,-0.001398665559303236,0.0003284936226624745,-0.0003284936226624745,-4.435358958281168e-05
0.0,-0.0031971365563219223,0.0003855255871287296,-0.0003855255871287296,-0.00010138555404906675
0.0,0.001657132912945114,0.00023159009173303263,-0.00023159009173303263,5.2549941346630204e-05
0.0,0.0022938506357221833,0.00021139890566405906,-0.00021139890566405906,7.274112741560376e-05
0.0,-0.022724822637582465,0.0010047751054922797,-0.0010047751054922797,-0.0007206350724126168
0.0,0.013200199537034996,-0.00013445627021998644,0.00013445627021998644,0.00041859630329964926
0.0,-0.01896131033450521,0.0008854290052253173,-0.0008854290052253173,-0.0006012889721456545
0.0,-0.011815187417889228,0.0006588157159770953,-0.0006588157159770953,-0.0003746756828974325
0.0,0.01419443613158311,-0.00016598486658062566,0.00016598486658062566,0.0004501248996602885
0.0,-0.008448563730297565,0.0005520554941885504,-0.0005520554941885504,-0.0002679154611088876
0.0,0.011730872577451423,-8.786191140786585e-05,8.786191140786585e-05,0.00037200194448752866
0.0,0.020707080374404274,-0.0003725096844140256,0.0003725096844140256,0.0006566497174936884
0.0,0.0030852853123166657,0.0001863014342965908,-0.0001863014342965908,9.783859878307203e-05
0.0,-0.007181080169894716,0.0005118618644340047,-0.0005118618644340047,-0.00022772183135434188
0.0,0.009549073338481762,-1.8674086374439818e-05,1.8674086374439818e-05,0.00030281411945410263
0.0,-0.009136167611567658,0.0005738603496399099,-0.0005738603496399099,-0.0002897203165602472
0.0,-0.0074706775774360246,0.0005210453925997602,-0.0005210453925997602,-0.0002369053595200974
0.0,0.016348464630746795,-0.0002342920436367189,0.0002342920436367189,0.0005184320767163817
0.0,-0.008743415379980468,0.0005614056415278224,-0.0005614056415278224,-0.00027726560844815954
0.0,-0.010287680637092622,0.0006103763958052557,-0.0006103763958052557,-0.0003262363627255929
0.0,-0.01138805785140995,0.0006452708557606588,-0.0006452708557606588,-0.00036113082268099606
0.0,0.017777934551572505,-0.0002796224814726677,0.0002796224814726677,0.0005637625145523305
0.0,0.010180197220578835,-3.868788413778027e-05,3.868788413778027e-05,0.0003228279172174431
0.0,0.006223699921661829,8.677803315347552e-05,-8.677803315347552e-05,0.0001973619999261873
0.0,0.01383893524747526,-0.0001547114494258476,0.0001547114494258476,0.0004388514825055104
0.0,-0.0010101548486260992,0.0003161734189545313,-0.0003161734189545313,-3.203338587486845e-05
0.0,0.0014018951394270118,0.00023968402911309658,-0.00023968402911309658,4.4456003966566234e-05
0.0,-0.0029897555945093135,0.0003789492544190664,-0.0003789492544190664,-9.48092213394036e-05
0.0,-0.0026261799136575448,0.000367419774463312,-0.000367419774463312,-8.32797413836492e-05
0.0,0.006374052530970564,8.201014716269832e-05,-8.201014716269832e-05,0.0002021298859169645
0.0,-0.000629621957060511,0.0003041062027547782,-0.0003041062027547782,-1.9966169675115397e-05
0.0,-0.019392757790687165,0.0008991107916043109,-0.0008991107916043109,-0.0006149707585246481
0.0,-0.0009637690162076495,0.00031470246104049645,-0.00031470246104049645,-3.056242796083366e-05
0.0,-0.004050216740091761,0.00041257792147733976,-0.00041257792147733976,-0.00012843788839767692
0.0,-0.0014410312534549607,0.00032983709651746284,-0.00032983709651746284,-4.569706343780001e-05
0.0,0.009159984668711818,-6.335554796601237e-06,6.335554796601237e-06,0.00029047558787626405
0.0,0.002817754443029452,0.00019478520248418317,-0.00019478520248418317,8.935483059547964e-05
0.0,-0.0142436152864307,0.0007358244707121498,-0.0007358244707121498,-0.0004516844376324869
0.0,0.0008199802697488323,0.0002581373420799926,-0.0002581373420799926,2.6002690999670185e-05
0.0,-0.018387945694007368,0.0008672468316693985,-0.0008672468316693985,-0.0005831067985897357
0.0,-0.009689541868338813,0.0005914086009050289,-0.0005914086009050289,-0.0003072685678253661
0.0,-0.01103737849414832,0.000634150335788111,-0.000634150335788111,-0.00035001030270844814
0.0,-0.018914821867908604,0.0008839547926417264,-0.0008839547926417264,-0.0005998147595620636
0.0,0.002771738943381896,0.0001962444166417352,-0.0001962444166417352,8.789561643792761e-05
0.0,-0.012171906253646725,0.0006701277560372855,-0.0006701277560372855,-0.0003859877229576226
0.0,-0.0014966358477518371,0.0003316003939247365,-0.0003316003939247365,-4.74603608450737e-05
0.0,-0.00538408875771057,0.00045487681961774574,-0.00045487681961774574,-0.00017073678653808295
0.0,0.024347646888076113,-0.00048795700627184537,0.00048795700627184537,0.0007720970393515082
0.0,0.018885951732779516,-0.0003147592151822199,0.0003147592151822199,0.0005988992482618827
0.0,0.00686300355780145,6.650484425028874e-05,-6.650484425028874e-05,0.00021763518882937408
0.0,0.00942251544733641,-1.4660763300177945e-05,1.4660763300177945e-05,0.00029880079637984076
0.0,-0.024391082077444004,0.0010576144614358983,-0.0010576144614358983,-0.0007734744283562356
0.0,0.0051569298644233985,0.0001206067643918114,-0.0001206067643918114,0.00016353326868785142
0.0,-0.0037017126347429485,0.0004015263817051969,-0.0004015263817051969,-0.00011738634862553404
0.0,0.008401207191663262,1.772631230081864e-05,-1.772631230081864e-05,0.0002664137207788442
0.0,0.014517207887505545,-0.00017622039851024498,0.00017622039851024498,0.0004603604315899078
0.0,-0.01811572566845976,0.0008586143639511143,-0.0008586143639511143,-0.0005744743308714515
0.0,-0.01896945434456343,0.0008856872628747446,-0.0008856872628747446,-0.0006015472297950817
0.0,-0.0038405967262932217,0.00040593058538007046,-0.00040593058538007046,-0.00012179055230040765
0.0,0.01576672117072042,-0.0002158441663033066,0.0002158441663033066,0.0004999841993829694
0.0,0.0008812077558950637,0.0002561957351149437,-0.0002561957351149437,2.7944297964719127e-05
0.0,-0.021173138152195015,0.0009555690773827604,-0.0009555690773827604,-0.0006714290443030976
0.0,-0.0071661613961429005,0.0005113887698020067,-0.0005113887698020067,-0.0002272487367223439
0.0,-0.010142945264832837,0.0006057866400508322,-0.0006057866400508322,-0.0003216466069711694
0.0,-0.018412122845487655,0.000868013522067189,-0.000868013522067189,-0.0005838734889875262
0.0,0.014956856067329216,-0.0001901622410036309,0.0001901622410036309,0.0004743022740832937
0.0,0.022372677655603468,-0.0004253280424047363,0.0004253280424047363,0.0007094680754843991
0.0,-0.002442603440647617,0.0003615983145104419,-0.0003615983145104419,-7.74582814307791e-05
0.0,-0.015473503680411893,0.0007748259065425136,-0.0007748259065425136,-0.0004906858734628508
0.0,0.018642691757321028,-0.0003070451100899449,0.0003070451100899449,0.0005911851431696077
0.0,-0.005254666430088317,0.0004507726613620229,-0.0004507726613620229,-0.0001666326282823601
0.0,-0.007934042550334475,0.0005357393268989837,-0.0005357393268989837,-0.00025159929381932095
0.0,-0.029518158313449172,0.001220201030912053,-0.001220201030912053,-0.0009360609978323901
0.0,-0.00723375351819977,0.0005135322080391184,-0.0005135322080391184,-0.00022939217495945554
0.0,0.02569824789143582,-0.0005307864033315629,0.0005307864033315629,0.0008149264364112257
0.0,-0.004291813651667864,0.00042023928854915027,-0.00042023928854915027,-0.00013609925546948748
0.0,-0.012961545123475138,0.000695168279926679,-0.000695168279926679,-0.00041102824684701616
0.0,-0.007421002465963666,0.0005194701271675986,-0.0005194701271675986,-0.00023533009408793578
0.0,0.021408574170870942,-0.0003947550079915009,0.0003947550079915009,0.0006788950410711637
0.0,0.02238376135718223,-0.00042567952167554043,0.00042567952167554043,0.0007098195547552032
0.0,0.01234781757145198,-0.00010742607732091121,0.00010742607732091121,0.00039156611040057403
0.0,0.011662294827948783,-8.568721758222517e-05,8.568721758222517e-05,0.000369827250661888
0.0,-0.00043466036210393355,0.00029792370508076516,-0.00029792370508076516,-1.3783672001102354e-05
0.0,0.0113041136006502,-7.432880309478818e-05,7.432880309478818e-05,0.000358468836174451
0.0,-0.012272698789159042,0.0006733240245972629,-0.0006733240245972629,-0.0003891839915176001
0.0,0.01434391292056647,-0.00017072497911619651,0.00017072497911619651,0.00045486501219585933
0.0,0.005066170567449069,0.0001234848652945242,-0.0001234848652945242,0.00016065516778513862
0.0,0.007144955276586762,5.7563771286855026e-05,-5.7563771286855026e-05,0.0002265762617928078
0.0,0.012256547427530462,-0.00010453177676583372,0.00010453177676583372,0.00038867180984549654
0.0,-0.0062937001746978805,0.000483721836355695,-0.000483721836355695,-0.00019958180327603217
0.0,-0.015652540713177343,0.0007805034146634393,-0.0007805034146634393,-0.0004963633815837765
0.0,0.0034102225843584133,0.00017599723090183666,-0.00017599723090183666,0.00010814280217782617
0.0,0.008090938687879357,2.7565349078245217e-05,-2.7565349078245217e-05,0.0002565746840014176
0.0,-0.012551720801807331,0.0006821721925894292,-0.0006821721925894292,-0.00039803215950976644
0.0,-0.009716916613271898,0.000592276691345678,-0.000592276691345678,-0.00030813665826601513
0.0,0.004253385628492534,0.00014925938255619717,-0.00014925938255619717,0.00013488065052346564
0.0,-0.002651026482054286,0.00036820769298313264,-0.00036820769298313264,-8.406765990346985e-05
0.0,-0.01687729010355421,0.000819341885691235,-0.000819341885691235,-0.0005352018526115722
0.0,-0.003417447717741773,0.00039251195407623377,-0.00039251195407623377,-0.00010837192099657097
0.0,0.011174577597236057,-7.022104002490123e-05,7.022104002490123e-05,0.00035436107310456405
0.0,-0.01214413784439794,0.0006692471819650949,-0.0006692471819650949,-0.0003851071488854321
0.0,-0.0002048682840329885,0.0002906366853551794,-0.0002906366853551794,-6.496652275516598e-06
0.0,0.016057604355527166,-0.0002250684682171156,0.0002250684682171156,0.0005092085012967784
0.0,-0.0006184750715809706,0.0003037527198364368,-0.0003037527198364368,-1.9612686756773978e-05
0.0,-0.014752948498371943,0.0007519761204707888,-0.0007519761204707888,-0.0004678360873911261
0.0,-0.027740054250753654,0.0011638149296687972,-0.0011638149296687972,-0.0008796748965891345
0.0,0.005697936985382235,0.00010345069184481843,-0.00010345069184481843,0.00018068934123484438
0.0,-0.028146308431003852,0.00117669780295989,-0.00117669780295989,-0.0008925577698802272
0.0,0.0020980468517017847,0.00021760811030017567,-0.00021760811030017567,6.653192277948716e-05
0.0,0.02474690007293945,-0.0005006178684652925,0.0005006178684652925,0.0007847579015449553
0.0,-0.036284507106413955,0.0014347711655243742,-0.0014347711655243742,-0.0011506311324447115
0.0,0.005675242812353654,0.00010417035497639111,-0.00010417035497639111,0.0001799696781032717
0.0,0.004837126381486367,0.00013074816834288098,-0.00013074816834288098,0.00015339186473678184
0.0,0.02986242108440229,-0.0006628380060353501,0.0006628380060353501,0.0009469780391150129
0.0,-0.035649708609806985,0.0014146408407308495,-0.0014146408407308495,-0.0011305008076511866
0.0,-0.0056742248424840325,0.00046407742997210146,-0.00046407742997210146,-0.00017993739689243861
0.0,-0.03203710063235676,0.0013000801221304428,-0.0013000801221304428,-0.0010159400890507799
0.0,0.0024578974498534745,0.00020619675778964388,-0.00020619675778964388,7.794327529001895e-05
0.0,-0.01646320750393837,0.0008062107625613468,-0.0008062107625613468,-0.000522070729481684
0.0,-0.0012959645058717717,0.0003252368324002686,-0.0003252368324002686,-4.109679932060576e-05
0.0,0.02386969542307149,-0.0004728005144441071,0.0004728005144441071,0.0007569405475237699
0.0,-0.003946400929555671,0.00040928578074927427,-0.00040928578074927427,-0.00012514574766961145
0.0,0.020169632234863677,-0.00035546647201441196,0.00035546647201441196,0.0006396065050940748
0.0,-0.04039526078745259,0.001565128762758447,-0.001565128762758447,-0.001280988729678784
0.0,-0.005833781800992588,0.0004691371984104518,-0.0004691371984104518,-0.000184997165330789
0.0,0.00014614176965843662,0.0002795056785485016,-0.0002795056785485016,4.634354531161223e-06
0.0,0.018555039930923556,-0.0003042655513109656,0.0003042655513109656,0.0005884055843906284
0.0,-0.008120797617175213,0.0005416615843908256,-0.0005416615843908256,-0.0002575215513111627
0.0,0.009450764734207695,-1.555658665663512e-05,1.555658665663512e-05,0.00029969661973629794
0.0,0.019883256167224195,-0.0003463850969237515,0.0003463850969237515,0.0006305251300034143
0.0,0.02474226295510973,-0.0005004708191441031,0.0005004708191441031,0.0007846108522237659
0.0,-0.006274368617659065,0.00048310880635635516,-0.00048310880635635516,-0.00019896877327669232
0.0,-0.007482768681131846,0.0005214288179635726,-0.0005214288179635726,-0.0002372887848839098
0.0,0.018431018038486124,-0.000300332648209245,0.000300332648209245,0.0005844726812889078
0.0,-0.016347313992415624,0.0008025356214876283,-0.0008025356214876283,-0.0005183955884079655
0.0,0.003137400778913113,0.0001846487818801782,-0.0001846487818801782,9.949125119948462e-05
0.0,0.009523393173235029,-1.785973336331702e-05,1.785973336331702e-05,0.00030199976644297984
0.0,-0.010793945785935621,0.0006264307531049732,-0.0006264307531049732,-0.00034229072002531046
0.0,-0.02379869397635359,0.0010388290280385149,-0.0010388290280385149,-0.000754688994958852
0.0,-0.029110303335524668,0.001207267394146748,-0.001207267394146748,-0.0009231273610670851
0.0,-0.038768430665237275,0.001513539764172081,-0.001513539764172081,-0.001229399731092418
0.0,-0.0037736797459957394,0.0004038085568075544,-0.0004038085568075544,-0.00011966852372789159
0.0,0.014592504858983224,-0.00017860816801492437,0.00017860816801492437,0.0004627482010945872
0.0,-0.03251195148816344,0.0013151382894181166,-0.0013151382894181166,-0.0010309982563384537
0.0,0.002200865698254617,0.00021434758465768092,-0.00021434758465768092,6.979244842198188e-05
0.0,0.024477242280086964,-0.0004920666526350091,0.0004920666526350091,0.0007762066857146719
0.0,-0.0013015723144006452,0.0003254146636454109,-0.0003254146636454109,-4.127463056574813e-05
0.0,0.009532217409177868,-1.8139561901874554e-05,1.8139561901874554e-05,0.00030227959498153737
0.0,0.03056329358583576,-0.0006850636275012456,0.0006850636275012456,0.0009692036605809084
0.0,-0.0029730715337762392,0.00037842018013293176,-0.00037842018013293176,-9.428014705326895e-05
0.0,-0.020143036075892073,0.0009229031377542025,-0.0009229031377542025,-0.0006387631046745396
0.0,-0.0007117454091590814,0.0003067104492562208,-0.0003067104492562208,-2.2570416176557977e-05
0.0,-0.008759278267998716,0.0005619086753089,-0.0005619086753089,-0.00027776864222923725
0.0,0.010553814029047315,-5.053578192422902e-05,5.053578192422902e-05,0.00033467581500389184
0.0,0.0015841285142366157,0.00023390516063318464,-0.00023390516063318464,5.023487244647817e-05
0.0,0.0035731642904301975,0.00017083012750892027,-0.00017083012750892027,0.00011330990557074255
0.0,0.014964587965241805,-0.00019040743001570753,0.00019040743001570753,0.00047454746309537034
0.0,-0.000830271529819071,0.0003104690739507581,-0.0003104690739507581,-2.6329040871095298e-05
0.0,-0.011527461422777274,0.0006496915328479567,-0.0006496915328479567,-0.00036555149976829395
0.0,-0.009243878717321574,0.0005772760154839306,-0.0005772760154839306,-0.0002931359824042678
0.0,-0.0044569025122100925,0.00042547448113431106,-0.00042547448113431106,-0.00014133444805464825
0.0,-0.00299863390215227,0.0003792307976448693,-0.0003792307976448693,-9.509076456520649e-05
0.0,0.01920124935943668,-0.0003247577322945973,0.0003247577322945973,0.0006088977653742601
0.0,-0.008363571580831342,0.0005493602773869986,-0.0005493602773869986,-0.00026522024430733585
0.0,0.02762829164595959,-0.0005919907191135724,0.0005919907191135724,0.0008761307521932352
0.0,0.005895806193263242,9.717598980539578e-05,-9.717598980539578e-05,0.00018696404327426703
0.0,0.00986137270919718,-2.8577524707891348e-05,2.8577524707891348e-05,0.00031271755778755416
0.0,-0.00933246697634671,0.0005800852698167635,-0.0005800852698167635,-0.0002959452367371006
0.0,0.0013151670479691902,0.00024243429499920096,-0.00024243429499920096,4.170573808046186e-05
0.0,-0.01154320266205866,0.0006501907089819278,-0.0006501907089819278,-0.00036605067590226496
0.0,0.026156273782937722,-0.0005453110280889616,0.0005453110280889616,0.0008294510611686245
0.0,0.012133338697180918,-0.000100624660141281,0.000100624660141281,0.0003847646932209438
0.0,0.014207760082581844,-0.0001664073872113,0.0001664073872113,0.0004505474202909628
0.0,-0.0028230841271976725,0.00037366387521805985,-0.00037366387521805985,-8.952384213839702e-05
0.0,-0.006662395550704803,0.0004954136688168002,-0.0004954136688168002,-0.00021127363573713738
0.0,0.015638477163140152,-0.00021177737418074673,0.00021177737418074673,0.0004959174072604095
0.0,-0.0007773401640558397,0.0003087905482606785,-0.0003087905482606785,-2.4650515181015686e-05
0.0,-0.0016257460597355333,0.00033569465456852285,-0.00033569465456852285,-5.155462148886006e-05
0.0,-0.0012375507238541195,0.00032338445182482817,-0.00032338445182482817,-3.924441874516537e-05
0.0,-0.004248692893594086,0.00041887187058895056,-0.00041887187058895056,-0.00013473183750928775
0.0,0.021290637641290244,-0.00039101508003299074,0.00039101508003299074,0.0006751551131126536
0.0,-0.0007054739583503,0.0003065115730106371,-0.0003065115730106371,-2.237153993097426e-05
0.0,0.017322368774566943,-0.00026517587029612215,0.00026517587029612215,0.000549315903375785
0.0,0.0039695418998517695,0.00015826045372867894,-0.00015826045372867894,0.00012587957935098387
0.0,0.0018756797165810912,0.00022465967497355057,-0.00022465967497355057,5.948035810611224e-05
0.0,-0.007237794954094601,0.0005136603674749551,-0.0005136603674749551,-0.00022952033439529226
0.0,0.002269561170191503,0.0002121691576933364,-0.0002121691576933364,7.197087538632642e-05
0.0,-0.012900001139847905,0.0006932166363955025,-0.0006932166363955025,-0.00040907660331583964
0.0,-0.0214000649197158,0.0009627652342088319,-0.0009627652342088319,-0.0006786252011291691
0.0,-0.0022378626777133093,0.0003551057061026222,-0.0003551057061026222,-7.096567302295941e-05
0.0,0.0029161604463010526,0.0001916646141115291,-0.0001916646141115291,9.247541896813372e-05
0.0,0.014091605518061545,-0.0001627239677915282,0.0001627239677915282,0.00044686400087119103
0.0,-0.03368805871951874,0.001352434251342636,-0.001352434251342636,-0.0010682942182629732
0.0,-0.006666355799502699,0.0004955392536992329,-0.0004955392536992329,-0.00021139922061957006
0.0,-0.011028155571448206,0.0006338578643495502,-0.0006338578643495502,-0.0003497178312698874
0.0,-0.007817025105971265,0.0005320285443843268,-0.0005320285443843268,-0.000247888511304664
0.0,0.0029962320243361873,0.00018912543533087216,-0.00018912543533087216,9.501459774879065e-05
0.0,-0.010736500458081055,0.0006246090835298815,-0.0006246090835298815,-0.00034046905045021864
0.0,-0.004095056983834944,0.0004139998666697052,-0.0004139998666697052,-0.0001298598335900424
0.0,0.018341016392734,-0.00029747857345855484,0.00029747857345855484,0.0005816186065382177
0.0,0.006610721877456038,7.450503989025052e-05,-7.450503989025052e-05,0.0002096349931894123
0.0,0.015271449816332883,-0.00020013843719707817,0.00020013843719707817,0.000484278470276741
0.0,0.0105842727693497,-5.15016700578115e-05,5.15016700578115e-05,0.0003356417031374743
0.0,-0.0432366134006168,0.0016552319234647956,-0.0016552319234647956,-0.0013710918903851329
0.0,0.0033870120853238816,0.00017673326743418877,-0.00017673326743418877,0.00010740676564547406
0.0,-0.011317739184353415,0.0006430409550686095,-0.0006430409550686095,-0.00035890092198894667
0.0,-0.007182134089448455,0.0005118952856582774,-0.0005118952856582774,-0.00022775525257861452
0.0,0.006857100716286535,6.669203139319325e-05,-6.669203139319325e-05,0.00021744800168646956
0.0,-0.011272103097361819,0.0006415937726030606,-0.0006415937726030606,-0.0003574537395233978
0.0,-0.017116493600784488,0.000826927354334797,-0.000826927354334797,-0.0005427873212551342
0.0,-0.00842758097968943,0.0005513901025925385,-0.0005513901025925385,-0.00026725006951287567
0.0,-0.017232619015461026,0.0008306098493733272,-0.0008306098493733272,-0.0005464698162936643
0.0,-0.010340526208282075,0.000612052200832566,-0.000612052200832566,-0.00032791216775290323
0.0,-0.0021203598092424114,0.0003513795301284618,-0.0003513795301284618,-6.723949704879902e-05
0.0,0.019672139926234733,-0.0003396903134247017,0.0003396903134247017,0.0006238303465043645
0.0,-0.021126437880238824,0.0009540881481627814,-0.0009540881481627814,-0.0006699481150831186
0.0,-0.015066695771983274,0.0007619254737768183,-0.0007619254737768183,-0.0004777854406971555
0.0,0.025883894952576147,-0.0005366735244537668,0.0005366735244537668,0.0008208135575334296
0.0,0.030583700679551518,-0.0006857107642332729,0.0006857107642332729,0.0009698507973129357
0.0,-0.002017948757084831,0.0003481319362015734,-0.0003481319362015734,-6.399190312191057e-05
0.0,-0.010245080846639998,0.0006090254984377744,-0.0006090254984377744,-0.0003248854653581116
0.0,-0.028003617786773516,0.0011721728883157829,-0.0011721728883157829,-0.0008880328552361202
0.0,-0.00749246363390188,0.0005217362581184593,-0.0005217362581184593,-0.00023759622503879646
0.0,-0.006519175777754405,0.0004908719747804146,-0.0004908719747804146,-0.00020673194170075178
0.0,-0.0032907731480149582,0.0003884949309652613,-0.0003884949309652613,-0.00010435489788559846
0.0,0.02596564246086497,-0.0005392658492650434,0.0005392658492650434,0.0008234058823447062
0.0,-0.02366266361565439,0.0010345153200551282,-0.0010345153200551282,-0.0007503752869754654
0.0,0.026480052302171098,-0.0005555784858541772,0.0005555784858541772,0.0008397185189338401
0.0,0.011427569666488724,-7.824376306451693e-05,7.824376306451693e-05,0.00036238379614417975
0.0,-0.0066720972934503076,0.0004957213242910556,-0.0004957213242910556,-0.0002115812912113928
0.0,-0.007950909706564868,0.0005362742073926771,-0.0005362742073926771,-0.0002521341743130143
0.0,0.02372481982226482,-0.00046820631185149914,0.00046820631185149914,0.000752346344931162
0.0,0.011881976654619875,-9.265362746782064e-05,9.265362746782064e-05,0.00037679366054748346
0.0,0.016266654579669915,-0.0002316977355084624,0.0002316977355084624,0.0005158377685881252
0.0,-0.007387716072364547,0.0005184145702972895,-0.0005184145702972895,-0.00023427453721762667
0.0,-0.006082610618211248,0.0004770278990585688,-0.0004770278990585688,-0.00019288786597890595
0.0,0.024626377895927698,-0.000496795946105619,0.000496795946105619,0.0007809359791852819
0.0,-0.00745440410765752,0.0005205293387119361,-0.0005205293387119361,-0.0002363893056322733
0.0,-0.004101230608784645,0.0004141956407240786,-0.0004141956407240786,-0.00013005560764441578
0.0,-0.02500198485734284,0.0010769870205115145,-0.0010769870205115145,-0.0007928469874318518
0.0,-0.010585992315429671,0.0006198362653650042,-0.0006198362653650042,-0.0003356962322853413
0.0,0.013618724670070526,-0.00014772827213443767,0.00014772827213443767,0.0004318683052141005
0.0,0.009613981920559844,-2.0732425904389858e-05,2.0732425904389858e-05,0.0003048724589840527
0.0,0.005597892802462701,0.00010662322912497515,-0.00010662322912497515,0.00017751680395468767
0.0,-0.02077788695478977,0.0009430351236615004,-0.0009430351236615004,-0.0006588950905818375
0.0,0.05543448436034493,-0.0014737629564515694,0.0014737629564515694,0.0017579029895312323
0.0,0.009240746788147902,-8.89663158545889e-06,8.89663158545889e-06,0.0002930366646651217
0.0,-0.008935777048800997,0.000567505692003492,-0.000567505692003492,-0.0002833656589238292
0.0,0.008713116550319144,7.835241780891947e-06,-7.835241780891947e-06,0.00027630479129877087
0.0,-0.008252046497990273,0.0005458236651356853,-0.0005458236651356853,-0.0002616836320560225
0.0,-0.0030893228355314273,0.0003821066672221583,-0.0003821066672221583,-9.796663414249549e-05
0.0,0.00475858190881473,0.0001332389205328553,-0.0001332389205328553,0.0001509011125468075
0.0,-0.003883688698329779,0.0004072970904958292,-0.0004072970904958292,-0.0001231570574161664
0.0,0.013579987927526016,-0.0001464998772768063,0.0001464998772768063,0.0004306399103564691
0.0,0.0059146891478476515,9.657718560079022e-05,-9.657718560079022e-05,0.0001875628474788726
0.0,-0.0002830441976333642,0.0002931157500351017,-0.0002931157500351017,-8.975716955438889e-06
0.0,-0.015444192913123267,0.0007738964221965026,-0.0007738964221965026,-0.0004897563891168398
0.0,-0.0015918653377758885,0.00033462025073654746,-0.00033462025073654746,-5.048021765688464e-05
0.0,0.030947872397389053,-0.0006972591453335268,0.0006972591453335268,0.0009813991784131896
0.0,-0.0008676332180498347,0.000311653863963557,-0.000311653863963557,-2.7513830883894194e-05
0.0,-0.001194660488065602,0.0003220243440402184,-0.0003220243440402184,-3.788431096055559e-05
0.0,-0.017894212283564803,0.0008515898728600313,-0.0008515898728600313,-0.0005674498397803684
0.0,-0.014399194981406072,0.0007407581147076408,-0.0007407581147076408,-0.00045661808162797803
0.0,-0.0018623708845491027,0.0003431983499981251,-0.0003431983499981251,-5.905831691846231e-05
0.0,0.00752178195750397,4.56140840738653e-05,-4.56140840738653e-05,0.00023852594900579751
0.0,-0.007349578247904498,0.0005172051679477207,-0.0005172051679477207,-0.00023306513486805785
0.0,0.014279296218109305,-0.0001686758954865063,0.0001686758954865063,0.0004528159285661691
0.0,0.0072896644387934195,5.2974846688908964e-05,-5.2974846688908964e-05,0.00023116518639075385
0.0,-0.006052724634100337,0.0004760801738037951,-0.0004760801738037951,-0.0001919401407241323
0.0,-0.024921675023714007,0.001074440286321526,-0.001074440286321526,-0.0007903002532418632
0.0,-0.011137750774080746,0.0006373332774713477,-0.0006373332774713477,-0.0003531932443916849
0.0,-0.009007516001852345,0.0005697806318985768,-0.0005697806318985768,-0.00028564059881891403
0.0,0.0010373383615349674,0.00025124462099205224,-0.00025124462099205224,3.2895412087610566e-05
0.0,0.014867993802734736,-0.00018734429758105446,0.00018734429758105446,0.0004714843306607173
0.0,-0.01445169956861636,0.0007424231066686213,-0.0007424231066686213,-0.00045828307358895847
0.0,0.005868102525282026,9.805451084382721e-05,-9.805451084382721e-05,0.0001860855222358356
0.0,-0.004049622110409712,0.0004125590649603576,-0.0004125590649603576,-0.00012841903188069476
0.0,-0.012020638322615351,0.0006653308439482018,-0.0006653308439482018,-0.000381190810868539
0.0,0.01746133164481911,-0.00026958257215091343,0.00026958257215091343,0.0005537226052305762
0.0,-0.0025407424823445934,0.00036471043716801747,-0.00036471043716801747,-8.057040408835462e-05
0.0,-0.004000548879248611,0.0004110028859725042,-0.0004110028859725042,-0.00012686285289284136
0.0,0.007538970575044379,4.5069009604266585e-05,-4.5069009604266585e-05,0.00023907102347539623
0.0,-0.011645528874622113,0.0006534356125297522,-0.0006534356125297522,-0.0003692955794500894
0.0,0.02284078102943865,-0.0004401722378503996,0.0004401722378503996,0.0007243122709300624
0.0,-0.0007676325452631305,0.0003084827064489643,-0.0003084827064489643,-2.4342673369301448e-05
0.0,0.006978233159061986,6.285075667509534e-05,-6.285075667509534e-05,0.00022128927640456748
0.0,0.012849424614881588,-0.00012333271975458035,0.00012333271975458035,0.00040747275283424316
0.0,0.0034159058663651987,0.0001758170062899302,-0.0001758170062899302,0.00010832302678973261
0.0,0.003996858363534361,0.00015739421146585022,-0.00015739421146585022,0.0001267458216138126
0.0,-0.0020304911890052235,0.0003485296737980039,-0.0003485296737980039,-6.43896407183411e-05
0.0,-0.015562598500411085,0.0007776512246136665,-0.0007776512246136665,-0.0004935111915340037
0.0,-0.007638350296294338,0.0005263625228508122,-0.0005263625228508122,-0.00024222248977114942
0.0,0.018918401045981525,-0.00031578822709320384,0.00031578822709320384,0.0005999282601728667
0.0,0.01188134498366522,-9.263359632164154e-05,9.263359632164154e-05,0.00037677362940130436
0.0,-0.0007115031258156934,0.00030670276612146147,-0.00030670276612146147,-2.2562733041798633e-05
0.0,-0.0001817250594663422,0.0002899027821878181,-0.0002899027821878181,-5.762749108155251e-06
0.0,0.011007853469181317,-6.493399088001778e-05,6.493399088001778e-05,0.0003490740239596806
0.0,0.002494840970949097,0.00020502522842615867,-0.00020502522842615867,7.911480465350415e-05
0.0,-0.012968740984683369,0.0006953964704848877,-0.0006953964704848877,-0.0004112564374052249
0.0,0.014642470285510134,-0.00018019263973281574,0.00018019263973281574,0.00046433267281247855
0.0,0.010452303944590291,-4.7316758910059516e-05,4.7316758910059516e-05,0.00033145679198972233
0.0,0.014699373244309921,-0.00018199711004658446,0.00018199711004658446,0.0004661371431262473
0.0,-0.010354610691310495,0.0006124988389695913,-0.0006124988389695913,-0.0003283588058899285
0.0,-0.006140463017754394,0.0004788624774312541,-0.0004788624774312541,-0.00019472244435159126
0.0,0.01287251059802652,-0.00012406480771850803,0.00012406480771850803,0.00040820484079817084
0.0,-0.011080724476164705,0.0006355248959062399,-0.0006355248959062399,-0.00035138486282657705
0.0,-0.00882979617773516,0.0005641448942576572,-0.0005641448942576572,-0.00028000486117799446
0.0,0.0021952617756952897,0.0002145252926734371,-0.0002145252926734371,6.961474040622571e-05
0.0,0.011448609342766147,-7.891095985102311e-05,7.891095985102311e-05,0.00036305099293068593
0.0,-0.0002804145319874607,0.0002930323597564017,-0.0002930323597564017,-8.892326676738864e-06
0.0,0.002773175690496066,0.00019619885543418827,-0.00019619885543418827,8.794117764547455e-05
0.0,-0.013788741489130674,0.000721399803154402,-0.000721399803154402,-0.0004372597700747392
0.0,-0.002767405825327751,0.0003718982404432702,-0.0003718982404432702,-8.775820736360739e-05
0.0,-0.020041234255327334,0.0009196748633907722,-0.0009196748633907722,-0.0006355348303111094
0.0,-0.0015735561458868341,0.0003340396413283594,-0.0003340396413283594,-4.9899608248696586e-05
0.0,0.005329429416074394,0.00011513656869974136,-0.00011513656869974136,0.00016900346437992146
0.0,-0.010537551485558128,0.0006183001406832441,-0.0006183001406832441,-0.0003341601076035814
0.0,0.0030730045671669703,0.0001866908734491585,-0.0001866908734491585,9.744915963050431e-05
0.0,-0.0030360018281855305,0.00038041578546687996,-0.00038041578546687996,-9.627575238721717e-05
0.0,-0.004725264845680033,0.0004339846161834224,-0.0004339846161834224,-0.00014984458310375958
0.0,0.0075821940867943916,4.3698333185063877e-05,-4.3698333185063877e-05,0.00024044169989459894
0.0,0.0161477371607488,-0.00022792670221319638,0.00022792670221319638,0.0005120667352928592
0.0,0.0006871667698291617,0.0002623490390273518,-0.0002623490390273518,2.1790994052311002e-05
0.0,-0.015326919115337678,0.000770177510365721,-0.000770177510365721,-0.0004860374772860582
0.0,0.0014147940136839399,0.00023927498824477273,-0.00023927498824477273,4.48650448348901e-05
0.0,-0.01845935787384867,0.0008695114091409943,-0.0008695114091409943,-0.0005853713760613315
0.0,-0.01447813845705137,0.0007432615198252706,-0.0007432615198252706,-0.0004591214867456078
0.0,-0.001509761003189447,0.0003320166104774486,-0.0003320166104774486,-4.787657739778582e-05
0.0,0.016476655480623936,-0.00023835715005612271,0.00023835715005612271,0.0005224971831357855
0.0,-0.00698088356543769,0.0005055133574797169,-0.0005055133574797169,-0.0002213733244000541
0.0,0.017562006217166637,-0.0002727750999382936,0.0002727750999382936,0.0005569151330179564
0.0,-0.011019457310067593,0.0006335820306359125,-0.0006335820306359125,-0.00034944199755624966
0.0,0.008918403718310097,1.3253061246337717e-06,-1.3253061246337717e-06,0.00028281472695502904
0.0,0.012982193897784988,-0.00012754301452013903,0.00012754301452013903,0.00041168304759980185
0.0,-0.01646322377571363,0.0008062112785614992,-0.0008062112785614992,-0.0005220712454818364
0.0,0.0029845287333754023,0.00018949656262473466,-0.00018949656262473466,9.464347045492816e-05
0.0,0.005639807253104534,0.00010529406481618714,-0.00010529406481618714,0.00017884596826347568
0.0,0.0016469543057482383,0.00023191286922843313,-0.00023191286922843313,5.2227163851229676e-05
0.0,-0.0015738434957162095,0.0003340487535827608,-0.0003340487535827608,-4.990872050309796e-05
0.0,0.014237268879836451,-0.0001673431513572087,0.0001673431513572087,0.0004514831844368715
0.0,0.005715269388667954,0.00010290105773342906,-0.00010290105773342906,0.00018123897534623375
0.0,0.014436542471763847,-0.00017366238832722703,0.00017366238832722703,0.00045780242140688984
0.0,0.0036988464765423945,0.0001668445742337914,-0.0001668445742337914,0.00011729545884587141
0.0,-0.005796972083329965,0.00046796991213604003,-0.00046796991213604003,-0.00018382987905637721
0.0,-0.002492370531228194,0.00036317649672538196,-0.00036317649672538196,-7.903646364571914e-05
0.0,0.0035791630944272956,0.00017063989726502437,-0.00017063989726502437,0.00011350013581463843
0.0,0.0009963029974375814,0.0002525459082693792,-0.0002525459082693792,3.1594124810283605e-05
0.0,-4.1352477946232646e-05,0.0002854513764689811,-0.0002854513764689811,-1.3113433893182949e-06
0.0,-0.004134884052006904,0.0004152628372377842,-0.0004152628372377842,-0.00013112280415812142
0.0,0.01326268999363811,-0.00013643792769813136,0.00013643792769813136,0.0004205779607777942
0.0,-0.0020693734728036706,0.00034976268396699517,-0.00034976268396699517,-6.562265088733236e-05
0.0,0.00330615690296554,0.0001792972953750439,-0.0001792972953750439,0.00010484273770461893
0.0,0.0008552202959737354,0.00025701983285867063,-0.00025701983285867063,2.7120200220992192e-05
0.0,-8.42619976980652e-05,0.0002868120957743284,-0.0002868120957743284,-2.6720626946656233e-06
0.0,-0.00595254815297297,0.00047290344116730483,-0.00047290344116730483,-0.00018876340808764202
0.0,0.0009031888869577287,0.000255498683515128,-0.000255498683515128,2.8641349564534822e-05
0.0,0.0008515791660903549,0.0002571352980457491,-0.0002571352980457491,2.7004735033913717e-05
0.0,-0.015810858882773227,0.0007855238994183909,-0.0007855238994183909,-0.0005013838663387281
0.0,-0.003841187197329843,0.00040594931002074287,-0.00040594931002074287,-0.00012180927694108005
0.0,0.01956614972249704,-0.0003363292197271332,0.0003363292197271332,0.000620469252806796
0.0,0.008253202753460531,2.2419734588094214e-05,-2.2419734588094214e-05,0.0002617202984915686
0.0,-0.0003861064902076494,0.0002963839956824605,-0.0002963839956824605,-1.224396260279772e-05
0.0,-0.011586262936400304,0.0006515562089206151,-0.0006515562089206151,-0.0003674161758409523
0.0,-0.006998305064656485,0.0005060658169444746,-0.0005060658169444746,-0.0002219257838648118
0.0,-0.007218732334382416,0.0005130558658444805,-0.0005130558658444805,-0.0002289158327648177
0.0,0.018474751389515376,-0.00030171949232628953,0.00030171949232628953,0.0005858595254059523
0.0,0.0004521286642489297,0.0002698024174292769,-0.0002698024174292769,1.4337615650385945e-05
0.0,-0.004579421277258522,0.0004293597180195734,-0.0004293597180195734,-0.00014521968493991057
0.0,0.004483965263404999,0.000141947388330675,-0.000141947388330675,0.0001421926447489878
0.0,-0.0016966239932159066,0.000337942290360479,-0.000337942290360479,-5.3802257280816197e-05
0.0,-0.0015833068345566526,0.00033434884894452914,-0.00033434884894452914,-5.0208815864866346e-05
0.0,0.0029581644391338813,0.00019033261029792643,-0.00019033261029792643,9.38074227817364e-05
0.0,-0.006377683373153031,0.00048638505794670005,-0.00048638505794670005,-0.00020224502486703726
0.0,0.011890829058788244,-9.293434925916914e-05,9.293434925916914e-05,0.00037707438233883196
0.0,0.009445048649426635,-1.5375321824085753e-05,1.5375321824085753e-05,0.00029951535490374857
0.0,-0.0014458676054706077,0.0003299904638260043,-0.0003299904638260043,-4.585043074634149e-05
0.0,0.0001550346964389604,0.00027922367172993816,-0.00027922367172993816,4.916361349724653e-06
0.0,-0.011222026747550129,0.0006400057833567539,-0.0006400057833567539,-0.0003558657502770912
0.0,-0.007318600335353365,0.0005162228161551237,-0.0005162228161551237,-0.00023208278307546086
0.0,0.008757581265902425,6.425205097869793e-06,-6.425205097869793e-06,0.000277714827981793
0.0,0.01304908677799732,-0.00012966427884613562,0.00012966427884613562,0.00041380431192579843
0.0,1.660326849850513e-05,0.00028361352082530893,-0.00028361352082530893,5.265122543539123e-07
0.0,-0.006108624209833935,0.00047785282547413183,-0.00047785282547413183,-0.00019371279239446901
0.0,0.009854453563032717,-2.835810916054993e-05,2.835810916054993e-05,0.00031249814224021275
0.0,0.014534424705965554,-0.0001767663672694081,0.0001767663672694081,0.0004609064003490709
0.0,-0.0020035816359177394,0.0003476763352242753,-0.0003476763352242753,-6.35363021446125e-05
0.0,0.0023538963079141606,0.00020949477562888914,-0.00020949477562888914,7.464525745077366e-05
0.0,-0.0038120096998572883,0.0004050240518420859,-0.0004050240518420859,-0.00012088401876242304
0.0,0.0061886426142414575,8.788974811268008e-05,-8.788974811268008e-05,0.00019625028496698274
0.0,0.001148059539441082,0.0002477335016609809,-0.0002477335016609809,3.64065314186819e-05
0.0,0.009321148810237156,-1.1446289197069367e-05,1.1446289197069367e-05,0.0002955863222767322
0.0,0.006932489951473775,6.430133608063929e-05,-6.430133608063929e-05,0.00021983869699902353
0.0,0.0008194255259321714,0.0002581549337618669,-0.0002581549337618669,2.59850993177959e-05
0.0,0.01217813742034668,-0.00010204528865959383,0.00010204528865959383,0.00038618532173925665
0.0,-0.0036716195284263176,0.00040057208832322165,-0.00040057208832322165,-0.0001164320552435588
0.0,-0.0047351076976228645,0.000434296746422487,-0.000434296746422487,-0.00015015671334282419
0.0,-0.005245281583003636,0.0004504750550807195,-0.0004504750550807195,-0.0001663350220010567
0.0,0.003710798414438443,0.00016646556200700528,-0.00016646556200700528,0.00011767447107265754
0.0,-0.007658808766684566,0.0005270112888071516,-0.0005270112888071516,-0.00024287125572748877
0.0,-0.004486838293256468,0.00042642378551772155,-0.00042642378551772155,-0.00014228375243805874
0.0,0.011455854954693034,-7.914072807227083e-05,7.914072807227083e-05,0.00036328076115193364
0.0,-0.00035407668843834283,0.0002953682870502966,-0.0002953682870502966,-1.1228253970633825e-05
0.0,0.004473544672805918,0.0001422778394492915,-0.0001422778394492915,0.00014186219363037132
0.0,0.012269004495714109,-0.00010492680736192404,0.00010492680736192404,0.00038906684044158685
0.0,0.0011706778016009611,0.0002470162457664299,-0.0002470162457664299,3.7123787313232895e-05
0.0,-0.0019683184132291975,0.00034655809041150246,-0.00034655809041150246,-6.241805733183965e-05
0.0,-0.007922511336500904,0.0005353736564051592,-0.0005353736564051592,-0.0002512336233254964
0.0,-0.0028651005386203243,0.0003749962728420574,-0.0003749962728420574,-9.085623976239459e-05
0.0,0.002405026057131332,0.0002078733816529195,-0.0002078733816529195,7.626665142674332e-05
0.0,0.0067422110558885695,7.033533898070438e-05,-7.033533898070438e-05,0.00021380469409895843
0.0,0.007411233485312474,4.9119726671536124e-05,-4.9119726671536124e-05,0.0002350203064081267
0.0,0.008470153458069118,1.5539932302332138e-05,-1.5539932302332138e-05,0.0002686001007773307
0.0,-0.0010244071333035398,0.00031662537831035864,-0.00031662537831035864,-3.248534523069581e-05
0.0,0.0038553825145495324,0.00016188060329841875,-0.00016188060329841875,0.00012225942978124406
0.0,0.007117275205842377,5.844154402477188e-05,-5.844154402477188e-05,0.00022569848905489094
0.0,0.002357910335732072,0.00020936748534049576,-0.00020936748534049576,7.477254773916706e-05
0.0,-0.006756896218903741,0.00049841041369603,-0.00049841041369603,-0.00021427038061636725
0.0,0.0003240945218980773,0.00027386255443961834,-0.00027386255443961834,1.0277478640044493e-05
0.0,0.004034153877153557,0.00015621151994010048,-0.00015621151994010048,0.00012792851313956233
0.0,0.002814673351556163,0.00019488290809061953,-0.00019488290809061953,8.925712498904327e-05
0.0,-0.00015543889679858758,0.0002890692121732297,-0.0002890692121732297,-4.929179093566905e-06
0.0,-0.006424666064487883,0.0004878749430697741,-0.0004878749430697741,-0.0002037349099901113
0.0,0.009877842794752345,-2.909981354974389e-05,2.909981354974389e-05,0.0003132398466294067
0.0,0.0014687129405193122,0.0002375651456482387,-0.0002375651456482387,4.657488743142412e-05
0.0,-0.002665087639215691,0.0003686535914251498,-0.0003686535914251498,-8.451355834548699e-05
0.0,-0.013839541336347905,0.0007230107354886943,-0.0007230107354886943,-0.00043887070240903144
0.0,-0.0025479738404268204,0.0003649397533804401,-0.0003649397533804401,-8.079972030077729e-05
0.0,-0.005300074155050516,0.00045221260215663707,-0.00045221260215663707,-0.00016807256907697425
0.0,0.00902409277936278,-2.0262379282981273e-06,2.0262379282981273e-06,0.00028616627100796094
0.0,-0.004218283044793103,0.0004179075328714578,-0.0004179075328714578,-0.00013376749979179502
0.0,-0.007038730380597102,0.0005073477587639893,-0.0005073477587639893,-0.00022320772568432644
0.0,0.00025071394456976925,0.0002761895524760831,-0.0002761895524760831,7.950480603579708e-06
0.0,-0.0010696923700230787,0.00031806143483599405,-0.00031806143483599405,-3.392140175633121e-05
0.0,0.005750475751703066,0.00010178461601769774,-0.00010178461601769774,0.00018235541706196508
0.0,-0.011550909428841738,0.0006504351010516642,-0.0006504351010516642,-0.00036629506797200133
0.0,-0.007555395210577687,0.0005237319041148248,-0.0005237319041148248,-0.00023959187103516207
0.0,-0.007712913029036983,0.0005287270086453202,-0.0005287270086453202,-0.0002445869755656574
0.0,-0.00014870682600087726,0.00028885572904052654,-0.00028885572904052654,-4.715695960863743e-06
0.0,0.006879188518795987,6.599159709653519e-05,-6.599159709653519e-05,0.00021814843598312762
0.0,-0.002777466728829614,0.00037221728539421346,-0.00037221728539421346,-8.807725231455063e-05
0.0,0.011044879965972587,-6.610815151580793e-05,6.610815151580793e-05,0.00035024818459547074
0.0,-0.013457974663146133,0.000710910736665458,-0.000710910736665458,-0.00042677070358579524
0.0,0.006717966037625089,7.11041815266107e-05,-7.11041815266107e-05,0.00021303585155305212
0.0,0.006264619755036449,8.548040951269676e-05,-8.548040951269676e-05,0.00019865962356696606
0.0,0.01450830719454621,-0.00017593814541557552,0.00017593814541557552,0.00046007817849523833
0.0,0.003833182103508026,0.00016258460856497813,-0.00016258460856497813,0.00012155542451468469
0.0,-0.0015969365120942491,0.0003347810645800881,-0.0003347810645800881,-5.064103150042527e-05
0.0,0.0017991292600010311,0.0002270871941978176,-0.0002270871941978176,5.7052838881845196e-05
0.0,-0.004194177587506065,0.0004171431159941681,-0.0004171431159941681,-0.00013300308291450529
0.0,-0.006971599351452862,0.0005052189424110516,-0.0005052189424110516,-0.0002210789093313888
0.0,-0.0032112659361860363,0.00038597364900555504,-0.00038597364900555504,-0.00010183361592589222
0.0,0.0014266227216406246,0.00023889988380717785,-0.00023889988380717785,4.524014927248496e-05
0.0,0.006723453106275201,7.093017910744695e-05,-7.093017910744695e-05,0.00021320985397221587
0.0,-0.005695885604828921,0.00046476432224359953,-0.00046476432224359953,-0.00018062428916393674
0.0,0.0012416323054647016,0.00024476618182334397,-0.00024476618182334397,3.9373851256318857e-05
0.0,0.00842991886716793,1.6815825971117884e-05,-1.6815825971117884e-05,0.00026732420710854493
0.0,-0.012159612938677844,0.0006697379182786338,-0.0006697379182786338,-0.000385597885198971
0.0,0.0007212876971294246,0.0002612670179569147,-0.0002612670179569147,2.287301512274812e-05
0.0,-0.002151010615372817,0.0003523515089310053,-0.0003523515089310053,-6.821147585134249e-05
0.0,-0.0093947947580596,0.0005820617686526093,-0.0005820617686526093,-0.0002979217355729465
0.0,-0.01640093410321941,0.0008042359882208743,-0.0008042359882208743,-0.0005200959551412115
0.0,-0.002295598477193961,0.00035693658692854035,-0.00035693658692854035,-7.279655384887753e-05
0.0,0.0040230650909416354,0.00015656316045154633,-0.00015656316045154633,0.00012757687262811648
0.0,-0.014734533990868215,0.0007513921713610412,-0.0007513921713610412,-0.00046725213828137835
0.0,0.00022931406074522265,0.00027686817193443787,-0.00027686817193443787,7.271861145224969e-06
0.0,0.005893173970516585,9.725946117324294e-05,-9.725946117324294e-05,0.00018688057190641987
0.0,-0.002709582086142026,0.00037006457092954824,-0.00037006457092954824,-8.592453784988545e-05
0.0,7.936755559079245e-05,0.000281623179809451,-0.000281623179809451,2.5168532702118236e-06
0.0,-0.013744071674259506,0.0007199832624936574,-0.0007199832624936574,-0.0004358432294139947
0.0,0.008109754957160709,2.696865955541136e-05,-2.696865955541136e-05,0.00025717137352425145
0.0,-0.001304030159777203,0.00032549260526938586,-0.00032549260526938586,-4.1352572189723025e-05
0.0,0.011814893014644445,-9.052631388996042e-05,9.052631388996042e-05,0.00037466634696962323
0.0,0.00630385429964031,8.423622867385845e-05,-8.423622867385845e-05,0.00019990380440580436
0.0,0.005207990781392224,0.00011898755318017225,-0.00011898755318017225,0.00016515247989949057
0.0,0.00429300817103373,0.0001480028977743919,-0.0001480028977743919,0.0001361371353052709
0.0,-0.00624643434611849,0.0004822229725650214,-0.0004822229725650214,-0.0001980829394853586
0.0,-0.005018858888767519,0.00044329488310494995,-0.00044329488310494995,-0.0001591548500252871
0.0,0.01059436938392988,-5.182184745567938e-05,5.182184745567938e-05,0.0003359618805353422
0.0,-9.824505308242415e-05,0.00028725551750263676,-0.00028725551750263676,-3.1154844229739563e-06
0.0,-0.013399820506516447,0.000709066589164627,-0.000709066589164627,-0.0004249265560849641
0.0,-0.008482848196321058,0.0005531427012946076,-0.0005531427012946076,-0.00026900266821494476
0.0,-0.012585283719027562,0.0006832365184003326,-0.0006832365184003326,-0.00039909648532066976
0.0,-0.0016855698941634634,0.00033759174982609703,-0.00033759174982609703,-5.3451716746434224e-05
0.0,0.007265792222727274,5.3731867169457204e-05,-5.3731867169457204e-05,0.0002304081659102056
0.0,-0.014339628627712542,0.0007388691845147908,-0.0007388691845147908,-0.00045472915143512796
0.0,-0.011832519778109618,0.0006593653487228244,-0.0006593653487228244,-0.0003752253156431616
0.0,-0.004800280229768528,0.0004363634561685262,-0.0004363634561685262,-0.00015222342308886336
0.0,0.012010022325859904,-9.671413007493788e-05,9.671413007493788e-05,0.0003808541631546007
0.0,0.006474957307233353,7.881031929567433e-05,-7.881031929567433e-05,0.00020532971378398848
0.0,0.010505999486313922,-4.9019517660495225e-05,4.9019517660495225e-05,0.00033315955074015804
0.0,0.01885855702012762,-0.0003138904915380153,0.0003138904915380153,0.0005980305246176781
0.0,0.009393730253031363,-1.3747945589199487e-05,1.3747945589199487e-05,0.0002978879786688623
0.0,0.0017529924220356374,0.00022855025615866633,-0.00022855025615866633,5.558977692099648e-05
0.0,0.0028401189192852616,0.0001940759944862549,-0.0001940759944862549,9.006403859340794e-05
0.0,0.0010049156221052513,0.0002522727902125287,-0.0002522727902125287,3.186724286713411e-05
0.0,-0.008083839306732843,0.0005404895860370149,-0.0005404895860370149,-0.0002563495529573521
0.0,0.015616441094852496,-0.00021107858044671322,0.00021107858044671322,0.000495218613526376
0.0,-0.0008358389332403515,0.0003106456238949152,-0.0003106456238949152,-2.6505590815252378e-05
0.0,0.019075017703661823,-0.0003207547545881999,0.0003207547545881999,0.0006048947876678627
0.0,0.0015970120755575135,0.0002334966053589154,-0.0002334966053589154,5.0643427720747413e-05
0.0,0.0011904273935798848,0.0002463899593098609,-0.0002463899593098609,3.775007376980193e-05
0.0,0.0012820490603360213,0.0002434845114869952,-0.0002434845114869952,4.0655521592667626e-05
0.0,0.007390278097329839,4.978425056143115e-05,-4.978425056143115e-05,0.00023435578251823166
0.0,-0.0020209310950652926,0.00034822651020027004,-0.00034822651020027004,-6.408647712060723e-05
0.0,0.00406112922094648,0.00015535609505350887,-0.00015535609505350887,0.00012878393802615395
0.0,0.0005968736678840791,0.0002652123562508246,-0.0002652123562508246,1.8927676828838205e-05
0.0,-0.001954157460090089,0.00034610902730313056,-0.00034610902730313056,-6.196899422346774e-05
0.0,0.0009801185306033133,0.0002530591397526377,-0.0002530591397526377,3.108089332702512e-05
0.0,-0.0009462486392383118,0.00031414686602761774,-0.00031414686602761774,-3.0006832947954903e-05
0.0,0.0037840728581564065,0.00016414192961185687,-0.00016414192961185687,0.00011999810346780596
0.0,0.005873742123607695,9.787567150093725e-05,-9.787567150093725e-05,0.00018626436157872557
0.0,-0.005408509126972105,0.00045565122278259267,-0.00045565122278259267,-0.00017151118970292988
0.0,-0.0005688697261614362,0.0003021796667808173,-0.0003021796667808173,-1.803963370115453e-05
0.0,-0.003906202808869552,0.0004080110436006734,-0.0004080110436006734,-0.00012387101052101058
0.0,0.007968189065892917,3.145790675139189e-05,-3.145790675139189e-05,0.00025268212632827093
0.0,0.00409549786994079,0.00015426621839080708,-0.00015426621839080708,0.00012987381468885573
0.0,0.003924494286698943,0.00015968897488741906,-0.00015968897488741906,0.00012445105819224375
0.0,0.00459935752021523,0.0001382881427264971,-0.0001382881427264971,0.00014585189035316572
0.0,0.013650676351045998,-0.0001487415034498445,0.0001487415034498445,0.0004328815365295073
0.0,0.0026470624846992585,0.00020019807693047703,-0.00020019807693047703,8.394195614918578e-05
0.0,-7.62494933082003e-05,0.00028655800834872857,-0.00028655800834872857,-2.4179752690657657e-06
0.0,0.004528344366900416,0.00014054006652354517,-0.00014054006652354517,0.00014359996655611765
0.0,0.005866407818910568,9.810825229071066e-05,-9.810825229071066e-05,0.00018603178078895215
0.0,-0.014684266911006771,0.0007497981338051214,-0.0007497981338051214,-0.0004656581007254586
0.0,0.010301467821202559,-4.253354002938973e-05,4.253354002938973e-05,0.00032667357310905255
0.0,0.0016600585268868873,0.00023149731653084932,-0.00023149731653084932,5.26427165488135e-05
0.0,0.0042316894655107795,0.0001499473974300988,-0.0001499473974300988,0.000134192635649564
0.0,0.0014304577464787638,0.0002387782699470386,-0.0002387782699470386,4.536176313262422e-05
0.0,0.0003701746080437829,0.00027240129215625635,-0.00027240129215625635,1.173874092340649e-05
0.0,-0.0028264750133749628,0.0003737714048364373,-0.0003737714048364373,-8.963137175677448e-05
0.0,-0.005660579005492328,0.00046364470189824686,-0.00046364470189824686,-0.00017950466881858405
0.0,-0.008016314922730805,0.0005383482958658674,-0.0005383482958658674,-0.0002542082627862046
0.0,-0.0034283812973570083,0.000392858672775139,-0.000392858672775139,-0.00010871863969547618
0.0,0.0018256861788026324,0.00022624503813751035,-0.00022624503813751035,5.789499494215246e-05
0.0,0.014114629309846638,-0.00016345408358274337,0.00016345408358274337,0.0004475941166624062
0.0,-0.0014779006799081618,0.00033100627623893506,-0.00033100627623893506,-4.686624315927222e-05
0.0,0.00566597189372442,0.00010446434843122497,-0.00010446434843122497,0.00017967568464843784
0.0,-0.0006710555783868699,0.00030542011931118104,-0.00030542011931118104,-2.1280086231518233e-05
0.0,0.0007509755941104146,0.0002603255743147851,-0.0002603255743147851,2.3814458764877682e-05
0.0,-0.0037313402367431525,0.00040246591331137625,-0.00040246591331137625,-0.00011832588023171341
0.0,-0.005616897183990499,0.0004622594918526897,-0.0004622594918526897,-0.00017811945877302683
0.0,0.008805260963896,4.913216944466676e-06,-4.913216944466676e-06,0.00027922681613519614
0.0,0.012313502764936146,-0.00010633790807652437,0.00010633790807652437,0.0003904779411561872
0.0,0.0021943252026270788,0.00021455499268085163,-0.00021455499268085163,6.958504039881119e-05
0.0,0.002921374261968035,0.00019149927691657526,-0.00019149927691657526,9.264075616308757e-05
0.0,0.0008119284117831249,0.000258392677461074,-0.000258392677461074,2.5747355618588816e-05
0.0,0.005260365527706368,0.0001173266786508254,-0.0001173266786508254,0.0001668133544288374
0.0,-0.0006517852510764532,0.0003048090309899111,-0.0003048090309899111,-2.066899791024831e-05
0.0,0.007556774896180896,4.450441033517253e-05,-4.450441033517253e-05,0.00023963562274449028
0.0,-0.0006006499345398986,0.00030318746046666226,-0.00030318746046666226,-1.904742738699945e-05
0.0,-0.016105744611597972,0.0007948751274536595,-0.0007948751274536595,-0.0005107350943739967
0.0,0.012493688211609788,-0.0001120518339663844,0.0001120518339663844,0.0003961918670460472
0.0,0.01068444607751462,-5.4678302075341636e-05,5.4678302075341636e-05,0.00033881833515500445
0.0,-0.0031863375266721894,0.0003851831351924601,-0.0003851831351924601,-0.00010104310211279725
0.0,0.0023104108269635937,0.00021087375944819008,-0.00021087375944819008,7.326627363147275e-05
0.0,0.008241457963390042,2.279217787523873e-05,-2.279217787523873e-05,0.0002613478552044241
0.0,0.0005705832608251526,0.000266046060860837,-0.000266046060860837,1.8093972218825805e-05
0.0,0.0057423415255595245,0.00010204256340586688,-0.00010204256340586688,0.00018209746967379594
0.0,-0.0009489536011326738,0.0003142326440528945,-0.0003142326440528945,-3.0092610973231683e-05
0.0,-0.013674255653625456,0.0007177693014041671,-0.0007177693014041671,-0.0004336292683245042
0.0,0.009579763275017639,-1.964730605542842e-05,1.964730605542842e-05,0.00030378733913509124
0.0,0.005821250684729495,9.954024651040176e-05,-9.954024651040176e-05,0.00018459978656926106
0.0,-0.0048034698371121065,0.00043646460296098595,-0.00043646460296098595,-0.0001523245698813231
0.0,-0.006005322001165325,0.00047457697176070515,-0.00047457697176070515,-0.00019043693868104234
0.0,0.001264199922982101,0.00024405053193937368,-0.00024405053193937368,4.008950114028915e-05
0.0,0.02112288421741404,-0.0003856953905159177,0.0003856953905159177,0.0006698354235955805
0.0,0.0003479475462115911,0.0002731061425556813,-0.0002731061425556813,1.1033890523981536e-05
0.0,-0.003786751350190576,0.0004042230751774323,-0.0004042230751774323,-0.00012008304209776948
0.0,0.0017063496993998672,0.00023002936041132446,-0.00023002936041132446,5.411067266833836e-05
0.0,-0.001658155060430544,0.0003367223881150125,-0.0003367223881150125,-5.258235503534965e-05
0.0,0.005229094697149161,0.00011831831927228956,-0.00011831831927228956,0.00016582171380737326
0.0,0.00800782894888763,3.0200872080191402e-05,-3.0200872080191402e-05,0.0002539391609994714
0.0,-0.0011932620709189656,0.00032197999832813957,-0.00032197999832813957,-3.783996524847674e-05
0.0,-0.010193100883444606,0.0006073771430187374,-0.0006073771430187374,-0.0003232371099390745
0.0,0.005141103203274655,0.00012110864936952349,-0.00012110864936952349,0.00016303138371013932
0.0,0.010304127925951478,-4.261789557349823e-05,4.261789557349823e-05,0.00032675792865316105
0.0,-0.0065285190034379825,0.0004911682611904092,-0.0004911682611904092,-0.00020702822811074635
0.0,-0.001122238087346461,0.00031972773108887147,-0.00031972773108887147,-3.5587698009208664e-05
0.0,0.011201787981366396,-7.108391836066925e-05,7.108391836066925e-05,0.00035522395144033206
0.0,-0.0019245297153407392,0.0003451694911701814,-0.0003451694911701814,-6.1029458090518556e-05
0.0,-0.0028710915621273925,0.000375186256356019,-0.000375186256356019,-9.104622327635618e-05
0.0,-0.006482917484461503,0.0004897221749236943,-0.0004897221749236943,-0.00020558214184403145
0.0,0.006318059504952345,8.378576226882061e-05,-8.378576226882061e-05,0.0002003542708108422
0.0,0.0056491496501236416,0.0001049978046842714,-0.0001049978046842714,0.0001791422283953914
0.0,0.008904173912846591,1.7765526339751396e-06,-1.7765526339751396e-06,0.0002823634804456877
0.0,0.0032365354015160275,0.0001815050879962972,-0.0001815050879962972,0.00010263494508336562
0.0,-0.0014021878490156903,0.0003286053192658968,-0.0003286053192658968,-4.4465286186234e-05
0.0,-0.0030549644525015296,0.0003810171161071682,-0.0003810171161071682,-9.687708302750536e-05
0.0,-0.002799795225030266,0.0003729253524155952,-0.0003729253524155952,-8.878531933593238e-05
0.0,0.008630626525532925,1.0451112801457166e-05,-1.0451112801457166e-05,0.00027368892027820565
0.0,0.0011164855071790214,0.0002487347572214049,-0.0002487347572214049,3.5405275858257905e-05
0.0,-0.0020135845401164643,0.0003479935409383328,-0.0003479935409383328,-6.385350785867001e-05
0.0,-0.0072390590731691296,0.0005137004544122808,-0.0005137004544122808,-0.000229560421332618
0.0,0.001091122364688113,0.00024953905700922016,-0.00024953905700922016,3.460097607044263e-05
0.0,-0.012334336350379616,0.0006752786356013579,-0.0006752786356013579,-0.00039113860252169505
0.0,0.011099194174331695,-6.783052902775244e-05,6.783052902775244e-05,0.00035197056210741525
0.0,-0.00037463099831791524,0.00029602009220735696,-0.00029602009220735696,-1.1880059127694131e-05
0.0,0.0014454931932483817,0.0002383014754547612,-0.0002383014754547612,4.58385576249016e-05
0.0,-0.009456980649108493,0.0005840337679422738,-0.0005840337679422738,-0.00029989373486261094
0.0,0.007444797710585593,4.805535938049436e-05,-4.805535938049436e-05,0.00023608467369916846
0.0,-0.01455068829580164,0.0007455621740101292,-0.0007455621740101292,-0.0004614221409304664
0.0,-0.01202135494776202,0.0006653535691074999,-0.0006653535691074999,-0.0003812135360278371
0.0,-0.0020565070133361507,0.00034935467101578576,-0.00034935467101578576,-6.521463793612296e-05
0.0,-0.005780602724641426,0.0004674508174802976,-0.0004674508174802976,-0.00018331078440063478
0.0,-0.002208160119998248,0.00035416379754865034,-0.00035416379754865034,-7.00237644689875e-05
0.0,-0.00875854812743615,0.0005618855215573585,-0.0005618855215573585,-0.0002777454884776957
0.0,0.008731248071466746,7.260266553866688e-06,-7.260266553866688e-06,0.00027687976652579613
0.0,0.011964576270872662,-9.527297378303194e-05,9.527297378303194e-05,0.00037941300686269476
0.0,0.0002130100613548791,0.0002773851939578284,-0.0002773851939578284,6.754839121834366e-06
0.0,-0.004576430353515626,0.0004292648717546579,-0.0004292648717546579,-0.00014512483867499504
0.0,0.01020914263474304,-3.960578263867941e-05,3.960578263867941e-05,0.0003237458157183422
0.0,0.0031784486665891176,0.00018334709746311868,-0.00018334709746311868,0.00010079293561654414
0.0,-0.01573051358686217,0.0007829760406711406,-0.0007829760406711406,-0.0004988360075914778
0.0,-0.0034354388154940185,0.00039308247628616426,-0.00039308247628616426,-0.00010894244320650146
0.0,0.009128437077573048,-5.335137720204248e-06,5.335137720204248e-06,0.00028947517079986706
0.0,0.012556739721478527,-0.00011405128320762244,0.00011405128320762244,0.00039819131628728526
0.0,0.01032612390701182,-4.331541808696293e-05,4.331541808696293e-05,0.00032745545116662575
0.0,0.0013434298232750663,0.00024153804390611438,-0.00024153804390611438,4.2601989173548424e-05
0.0,-5.835618166138978e-06,0.00028432508847863315,-0.00028432508847863315,-1.8505539897033593e-07
0.0,0.005090947698625836,0.00012269914872350824,-0.00012269914872350824,0.00016144088435615458
0.0,0.001649398844549843,0.00023183534957407084,-0.00023183534957407084,5.2304683505591975e-05
0.0,-0.00024130405535727206,0.0002917921132819638,-0.0002917921132819638,-7.652080202300976e-06
0.0,0.004837813139759728,0.00013072639030280799,-0.00013072639030280799,0.00015341364277685483
0.0,0.011715927882596233,-8.738799478238057e-05,8.738799478238057e-05,0.0003715280278620434
0.0,-0.0020816677921287052,0.00035015255357514813,-0.00035015255357514813,-6.601252049548534e-05
0.0,0.0011647735102702228,0.00024720347888496856,-0.00024720347888496856,3.6936554194694266e-05
0.0,0.0009163899374069473,0.00025508006022824424,-0.00025508006022824424,2.9059972851418582e-05
0.0,0.002501874243978186,0.00020480219376052246,-0.00020480219376052246,7.933783931914036e-05
0.0,-0.002706123039226127,0.0003699548798413285,-0.0003699548798413285,-8.581484676166568e-05
0.0,-0.0073807894850155265,0.0005181949187798524,-0.0005181949187798524,-0.00023405488570018957
0.0,0.0070010425881694704,6.21274386163054e-05,-6.21274386163054e-05,0.00022201259446335742
0.0,0.0002488018529340774,0.0002762501875057298,-0.0002762501875057298,7.889845573932984e-06
0.0,-0.007367046509680453,0.000517759110316847,-0.000517759110316847,-0.00023361907723718416
0.0,-0.005975035585443322,0.0004736165482742376,-0.0004736165482742376,-0.00018947651519457477
0.0,0.00802787620486467,2.9565146292884442e-05,-2.9565146292884442e-05,0.0002545748867867784
0.0,0.0011160825806737495,0.0002487475345695908,-0.0002487475345695908,3.5392498510072e-05
0.0,0.0015028090913065117,0.00023648391027477136,-0.00023648391027477136,4.765612280489144e-05
0.0,0.011847649793331305,-9.156507595017426e-05,9.156507595017426e-05,0.0003757051090298371
0.0,-0.00019981663563317653,0.0002904764907051063,-0.0002904764907051063,-6.3364576254434626e-06
0.0,-0.0011152197300303701,0.0003195051694208066,-0.0003195051694208066,-3.536513634114379e-05
0.0,0.0025808546645145203,0.0002022976170700865,-0.0002022976170700865,8.184241600957631e-05
0.0,0.0027103813151374556,0.00019819015058994535,-0.00019819015058994535,8.594988248971745e-05
0.0,0.008503672791998707,1.447698857692662e-05,-1.447698857692662e-05,0.0002696630445027362
0.0,0.0023446558536817097,0.00020978780301621474,-0.00020978780301621474,7.435223006344809e-05
0.0,-0.000393860697500914,0.0002966298921553792,-0.0002966298921553792,-1.2489859075716404e-05
0.0,0.007664386564552705,4.109189778595196e-05,-4.109189778595196e-05,0.00024304813529371085
0.0,0.0025213273947457537,0.000204185307858458,-0.000204185307858458,7.995472522120481e-05
0.0,-0.0025259318472709014,0.00036424077176076553,-0.00036424077176076553,-8.010073868110273e-05
0.0,-0.001562130321101196,0.0003336773128647632,-0.0003336773128647632,-4.953727978510035e-05
0.0,-0.003065171894990004,0.00038134080800893307,-0.00038134080800893307,-9.720077492927028e-05
0.0,0.003933590015736899,0.00015940053693309713,-0.00015940053693309713,0.00012473949614656568
0.0,0.0015724312002203256,0.00023427609838999784,-0.00023427609838999784,4.9863934689664975e-05
0.0,0.0009073212238914774,0.0002553676414835585,-0.0002553676414835585,2.877239159610432e-05
0.0,-0.004083652583445674,0.0004136382176028934,-0.0004136382176028934,-0.00012949818452323062
0.0,0.0026755639309195,0.00019929425725767483,-0.00019929425725767483,8.484577582198798e-05
0.0,0.006195317856513505,8.767806708991457e-05,-8.767806708991457e-05,0.00019646196598974825
0.0,0.005084444409779065,0.00012290537686899275,-0.00012290537686899275,0.00016123465621067007
0.0,0.005448765178485582,0.00011135226916270656,-0.00011135226916270656,0.00017278776391695626
0.0,0.0010166989647510949,0.00025189912437071895,-0.00025189912437071895,3.224090870894389e-05
0.0,0.0007410719362856977,0.0002606396327911695,-0.0002606396327911695,2.3500400288493292e-05
0.0,0.010208065293514812,-3.957161868121321e-05,3.957161868121321e-05,0.00032371165176087603
0.0,-0.008763028841120457,0.0005620276110901064,-0.0005620276110901064,-0.00027788757801044354
0.0,0.0055170270744306915,0.00010918759148350335,-0.00010918759148350335,0.00017495244159615946
0.0,0.0028262026252154904,0.00019451729912236236,-0.00019451729912236236,8.962273395730047e-05
0.0,0.006389375498743188,8.152423498787063e-05,-8.152423498787063e-05,0.00020261579809179218
0.0,-0.013927543241993745,0.000725801395757376,-0.000725801395757376,-0.0004416613626777131
0.0,-0.007816403936922511,0.0005320088462678852,-0.0005320088462678852,-0.0002478688131882225
0.0,-0.007140265531926926,0.0005105675766828312,-0.0005105675766828312,-0.0002264275436031684
0.0,0.01079203564940956,-5.8090113915189735e-05,5.8090113915189735e-05,0.00034223014699485255
0.0,-0.001558102589770738,0.0003335495880193255,-0.0003335495880193255,-4.94095549396627e-05
0.0,-0.02314909375473495,0.0010182293203879382,-0.0010182293203879382,-0.0007340892873082754
0.0,-0.005142620237842288,0.0004472195240218335,-0.0004472195240218335,-0.00016307949094217073
0.0,0.011090468702846357,-6.75538324446393e-05,6.75538324446393e-05,0.0003516938655243021
0.0,0.0008133101292933098,0.0002583488613172085,-0.0002583488613172085,2.5791171762454297e-05
0.0,-0.004960171878030217,0.00044143383807472764,-0.00044143383807472764,-0.00015729380499506483
0.0,0.0157933986591674,-0.0002166901457912601,0.0002166901457912601,0.0005008301788709229
0.0,-0.013693502993456064,0.000718379660761148,-0.000718379660761148,-0.0004342396276814852
0.0,-0.018381860868696753,0.0008670538735725075,-0.0008670538735725075,-0.0005829138404928447
0.0,-0.02996879838863975,0.0012344914413762438,-0.0012344914413762438,-0.000950351408296581
0.0,0.010354085880061037,-4.4202130330859516e-05,4.4202130330859516e-05,0.00032834216341052233
0.0,-0.007734647858502863,0.0005294162496860893,-0.0005294162496860893,-0.00024527621660642654
0.0,0.023042611519136447,-0.0004465725575306908,0.0004465725575306908,0.0007307125906103536
0.0,0.004671676849538509,0.0001359947983094752,-0.0001359947983094752,0.0001481452347701876
0.0,4.303397765514916e-05,0.000282775367044715,-0.000282775367044715,1.3646660349477859e-06
0.0,0.016847579753558328,-0.00025011966387410113,0.00025011966387410113,0.0005342596969537639
0.0,0.0038237284285767004,0.00016288439747102812,-0.00016288439747102812,0.00012125563560863468
0.0,0.016133247764330783,-0.0002274672237211775,0.0002274672237211775,0.0005116072568008403
0.0,0.001989779357261412,0.00022104141998713172,-0.00022104141998713172,6.309861309253109e-05
0.0,0.009722284736913167,-2.4166855697306847e-05,2.4166855697306847e-05,0.00030830688877696966
0.0,-0.0019845553982971165,0.00034707298731946916,-0.00034707298731946916,-6.293295423980633e-05
0.0,0.004239676828782013,0.00014969410726360782,-0.00014969410726360782,0.000134445925816055
0.0,-0.008932805548120926,0.000567411461670349,-0.000567411461670349,-0.0002832714285906861
0.0,0.01148337085011919,-8.001329458727334e-05,8.001329458727334e-05,0.00036415332766693615
0.0,-0.0031537266931381813,0.0003841490012517907,-0.0003841490012517907,-0.00010000896817212787
0.0,0.0015951960865450143,0.00023355419284350852,-0.00023355419284350852,5.0585840236154306e-05
0.0,-0.00597597320797616,0.0004736462815616046,-0.0004736462815616046,-0.00018950624848194177
0.0,-3.937906806072977e-05,0.00028538879695412994,-0.00028538879695412994,-1.2487638744671097e-06
0.0,0.010093051774424433,-3.592438336589535e-05,3.592438336589535e-05,0.00032006441644555816
0.0,-0.02115107439771169,0.0009548694056817594,-0.0009548694056817594,-0.0006707293726020965
0.0,-0.0016025435809103872,0.0003349588723679323,-0.0003349588723679323,-5.0818839288269465e-05
0.0,-0.003018017615584734,0.00037984548159447813,-0.00037984548159447813,-9.57054485148153e-05
0.0,-0.01726024985928465,0.0008314860610585496,-0.0008314860610585496,-0.0005473460279788868
0.0,0.0115800702824842,-8.307976527247783e-05,8.307976527247783e-05,0.00036721979835214064
0.0,0.004472672652839682,0.00014230549238993423,-0.00014230549238993423,0.00014183454068972858
0.0,0.010665025888896507,-5.40624614479241e-05,5.40624614479241e-05,0.0003382024945275869
0.0,0.007495302358939249,4.6453788204166714e-05,-4.6453788204166714e-05,0.0002376862448754961
0.0,0.005407711405364557,0.00011265414021524245,-0.00011265414021524245,0.00017148589286442037
0.0,0.0012566297656613212,0.00024429059193702634,-0.00024429059193702634,3.9849441142636497e-05
0.0,0.00026455008109871336,0.0002757507897447535,-0.0002757507897447535,8.389243334909313e-06
0.0,-0.002896455862498093,0.0003759905928617793,-0.0003759905928617793,-9.185055978211646e-05
0.0,0.01697685316676334,-0.00025421909985086214,0.00025421909985086214,0.000538359132930525
0.0,-0.0019410273951238066,0.00034569265506257844,-0.00034569265506257844,-6.155262198291563e-05
0.0,0.0028092730585327352,0.00019505415873649043,-0.00019505415873649043,8.90858743431724e-05
0.0,0.0025111788443470395,0.0002045071322118576,-0.0002045071322118576,7.963290086780521e-05
0.0,-0.0018612489301417234,0.00034316277129599397,-0.00034316277129599397,-5.9022738216331175e-05
0.0,0.00403867571712313,0.00015606812623684125,-0.00015606812623684125,0.00012807190684282157
0.0,-0.0012532169669905446,0.00032388124972891304,-0.00032388124972891304,-3.974121664925024e-05
0.0,0.004236552581176722,0.00014979318140975978,-0.00014979318140975978,0.00013434685166990304
0.0,-0.009324107094664358,0.0005798201665841618,-0.0005798201665841618,-0.00029568013350449895
0.0,0.00013839090212397487,0.00027975146911312054,-0.00027975146911312054,4.388563966542249e-06
0.0,-0.001681413492255035,0.00033745994466140885,-0.00033745994466140885,-5.3319911581746044e-05
0.0,0.008970249395274354,-3.1879089514361266e-07,3.1879089514361266e-07,0.00028445882397480643
0.0,-0.009586022165882668,0.0005881258501674173,-0.0005881258501674173,-0.0003039858170877545
0.0,0.009689347495581924,-2.3122370920886277e-05,2.3122370920886277e-05,0.0003072624040005491
0.0,0.007113411987488272,5.856405193969627e-05,-5.856405193969627e-05,0.00022557598113996655
0.0,-0.002070122839989974,0.0003497864474209582,-0.0003497864474209582,-6.564641434129535e-05
0.0,0.006051847587953629,9.222770468320064e-05,-9.222770468320064e-05,0.00019191232839646218
0.0,0.0077076668832223305,3.971941994196891e-05,-3.971941994196891e-05,0.0002444206131376939
0.0,-0.007609466332438197,0.0005254465730228646,-0.0005254465730228646,-0.0002413065399432018
0.0,0.004679145956573816,0.00013575794275398476,-0.00013575794275398476,0.00014838209032567805
0.0,-0.00017116047891174713,0.00028956776495162723,-0.00028956776495162723,-5.427731871964427e-06
0.0,0.00397155273894878,0.0001581966872825599,-0.0001581966872825599,0.00012594334579710292
0.0,-0.0018227694906369774,0.0003419425358681478,-0.0003419425358681478,-5.780250278848497e-05
0.0,-0.0004748538883844189,0.0002991982965345068,-0.0002991982965345068,-1.5058263454843941e-05
0.0,-0.009191323428069387,0.0005756094156921558,-0.0005756094156921558,-0.0002914693826124929
0.0,0.002145772011323821,0.00021609468049662455,-0.00021609468049662455,6.804535258303825e-05
0.0,-0.00029944716993013376,0.000293635910624136,-0.000293635910624136,-9.49587754447318e-06
0.0,0.0026514435020339455,0.00020005914890474177,-0.00020005914890474177,8.408088417492103e-05
0.0,0.001614127248163344,0.0002329538599282092,-0.0002329538599282092,5.118617315145363e-05
0.0,-0.003300233889343751,0.00038879494395639794,-0.00038879494395639794,-0.00010465491087673514
0.0,-0.018614700871699585,0.0008744375471483357,-0.0008744375471483357,-0.0005902975140686729
0.0,0.004092509543626166,0.00015436098228773494,-0.00015436098228773494,0.00012977905079192788
0.0,-0.002812083478299976,0.0003733150296608731,-0.0003733150296608731,-8.917499658121029e-05
0.0,0.012265644545291332,-0.00010482025875845042,0.00010482025875845042,0.00038896029183811324
0.0,0.025295927786425976,-0.0005180282849237501,0.0005180282849237501,0.0008021683180034129
0.0,0.007431229727488331,4.8485618601335054e-05,-4.8485618601335054e-05,0.00023565441447832776
0.0,0.0037568333092317108,0.0001650057328029705,-0.0001650057328029705,0.00011913430027669232
0.0,0.0009690634297987444,0.00025340971205394376,-0.00025340971205394376,3.073032102571906e-05
0.0,-0.00289265965137242,0.0003758702098373187,-0.0003758702098373187,-9.173017675765587e-05
0.0,0.00023222772482434095,0.0002767757756786726,-0.0002767757756786726,7.364257400990195e-06
0.0,-0.006049734794859041,0.00047598536192990223,-0.00047598536192990223,-0.0001918453288502394
0.0,-0.013203489851361216,0.0007028406767273338,-0.0007028406767273338,-0.00041870064364767095
0.0,0.003917814394541086,0.0001599008033643958,-0.0001599008033643958,0.00012423922971526702
0.0,0.003963584828470035,0.00015844936057451034,-0.00015844936057451034,0.00012569067250515248
0.0,2.195086225209586e-05,0.0002834439413450502,-0.0002834439413450502,6.960917346126008e-07
0.0,0.0053404615405816536,0.000114786725008112,-0.000114786725008112,0.00016935330807155082
0.0,0.003467959094991535,0.00017416632752430527,-0.00017416632752430527,0.00010997370555535756
0.0,0.003020480305938378,0.00018835648930005136,-0.00018835648930005136,9.578354377961147e-05
0.0,0.005722005647630368,0.0001026874417883197,-0.0001026874417883197,0.00018145259129134311
0.0,-0.003801238017440034,0.0004046824671237996,-0.0004046824671237996,-0.00012054243404413679
0.0,0.005607785488815242,0.00010630951856891436,-0.00010630951856891436,0.00017783051451074846
0.0,0.0024484564662998753,0.00020649614423482308,-0.00020649614423482308,7.764388884483973e-05
0.0,0.0004514491145146682,0.0002698239668767585,-0.0002698239668767585,1.4316066202904334e-05
0.0,0.006051417924264779,9.22413299038884e-05,-9.22413299038884e-05,0.00019189870317577441
0.0,-0.0018697756269248078,0.00034343316446260806,-0.00034343316446260806,-5.929313138294522e-05
0.0,0.0024954538421815275,0.00020500579344477263,-0.00020500579344477263,7.913423963489018e-05
0.0,-0.006144213927296471,0.00047898142388080737,-0.00047898142388080737,-0.00019484139080114452
0.0,-0.002963883313944371,0.00037812880916958126,-0.00037812880916958126,-9.398877608991845e-05
0.0,0.008165786048233592,2.519183735456886e-05,-2.519183735456886e-05,0.00025894819572509396
0.0,-0.005414022527810203,0.00045582606023129656,-0.00045582606023129656,-0.00017168602715163375
0.0,-2.6466639124200775e-05,0.0002849793262484572,-0.0002849793262484572,-8.392931687943877e-07
0.0,0.0037993543260221863,0.00016365733345558963,-0.00016365733345558963,0.0001204826996240732
0.0,-0.003863994965801476,0.0004066725754185086,-0.0004066725754185086,-0.00012253254233884575
0.0,-0.02949284635160343,0.0012193983541321936,-0.0012193983541321936,-0.0009352583210525307
0.0,-0.0008651123249070469,0.00031157392300905677,-0.00031157392300905677,-2.743388992939394e-05
0.0,0.010869123768910471,-6.053468316286428e-05,6.053468316286428e-05,0.0003446747162425271
0.0,0.007287273468533639,5.305066761186056e-05,-5.305066761186056e-05,0.00023108936546780226
0.0,0.01104275925539211,-6.604090089532558e-05,6.604090089532558e-05,0.0003501809339749884
0.0,-0.00040565878647391695,0.0002970040256233047,-0.0002970040256233047,-1.2863992543641896e-05
0.0,-0.011055736101235558,0.000634732480508165,-0.000634732480508165,-0.00035059244742850223
0.0,-0.010701995701766776,0.000623514890718713,-0.000623514890718713,-0.0003393748576390502
0.0,-0.004284800394927402,0.00042001688862728455,-0.00042001688862728455,-0.00013587685554762173
0.0,-0.0022238866412221947,0.00035466250695297694,-0.00035466250695297694,-7.052247387331415e-05
0.0,0.01259602672149196,-0.00011529712747893186,0.00011529712747893186,0.0003994371605585947
0.0,0.005538045085450305,0.00010852108173182594,-0.00010852108173182594,0.00017561895134783688
0.0,-0.01110391288210788,0.0006362602318365788,-0.0006362602318365788,-0.00035212019875691596
0.0,0.001560360190925314,0.00023465888653299605,-0.00023465888653299605,4.948114654666676e-05
0.0,-0.01541164380306681,0.0007728642455913612,-0.0007728642455913612,-0.0004887242125116984
0.0,0.0015754440882007614,0.00023418055560919912,-0.00023418055560919912,4.995947747046371e-05
0.0,0.0011462798112440442,0.00024778993926573593,-0.00024778993926573593,3.6350093813926905e-05
0.0,0.018312792279639112,-0.0002965835483968288,0.0002965835483968288,0.0005807235814764916
0.0,-0.0021126894641922966,0.0003511362930414767,-0.0003511362930414767,-6.69962599618139e-05
0.0,0.009991058969353706,-3.2690052623698246e-05,3.2690052623698246e-05,0.00031683008570336106
0.0,0.008768227105582893,6.087611024139161e-06,-6.087611024139161e-06,0.00027805242205552365
0.0,0.006137941522227575,8.949754878498977e-05,-8.949754878498977e-05,0.00019464248429467305
0.0,0.00531348622041139,0.00011564214914559692,-0.00011564214914559692,0.0001684978839340659
0.0,-0.002855132319398823,0.00037468016703586155,-0.00037468016703586155,-9.054013395619872e-05
0.0,-0.014580715690809543,0.0007465143835970194,-0.0007465143835970194,-0.0004623743505173565
0.0,0.009217869449967608,-8.171160037491844e-06,8.171160037491844e-06,0.00029231119311715466
0.0,-0.004678895760321544,0.0004325141893414651,-0.0004325141893414651,-0.00014837415626180224
0.0,0.005275414405311762,0.00011684945824845549,-0.00011684945824845549,0.00016729057483120733
0.0,-0.005046825754019935,0.0004441817504872721,-0.0004441817504872721,-0.00016004171740760927
0.0,-0.007608597684666707,0.0005254190270191094,-0.0005254190270191094,-0.0002412789939394467
0.0,0.007224881828679752,5.5029191476319234e-05,-5.5029191476319234e-05,0.00022911084160334358
0.0,0.003908672930614365,0.00016019069163432205,-0.00016019069163432205,0.00012394934144534077
0.0,0.003644298722618622,0.00016857435779363289,-0.00016857435779363289,0.00011556567528602993
0.0,-0.009464770111542897,0.0005842807824037283,-0.0005842807824037283,-0.0003001407493240655
0.0,0.006712541085862833,7.127621413466998e-05,-7.127621413466998e-05,0.00021286381894499283
0.0,0.00033958278885926063,0.0002733714004024176,-0.0002733714004024176,1.0768632677245184e-05
0.0,-0.0027238667143857365,0.0003705175559439074,-0.0003705175559439074,-8.637752286424457e-05
0.0,0.010426292122230674,-4.6491888600237784e-05,4.6491888600237784e-05,0.0003306319216799006
0.0,-7.194380749464546e-05,0.0002864214691881146,-0.0002864214691881146,-2.281436108451786e-06
0.0,0.0024449877750611915,0.00020660614115765194,-0.00020660614115765194,7.753389192201086e-05
0.0,0.0023769693899173827,0.00020876309677773388,-0.00020876309677773388,7.537693630192895e-05
0.0,-0.0043341850761716705,0.0004215829441214067,-0.0004215829441214067,-0.0001374429110417439
0.0,-0.01706412670256352,0.0008252667286791724,-0.0008252667286791724,-0.0005411266955995096
0.0,-0.00496910650440241,0.00044171716724412924,-0.00044171716724412924,-0.0001575771341644664
0.0,-0.004679730915472358,0.00043254067324860837,-0.00043254067324860837,-0.00014840064016894558
0.0,0.00013602428004699796,0.0002798265179220382,-0.0002798265179220382,4.313515157624593e-06
0.0,-0.015864553655509872,0.0007872266337832022,-0.0007872266337832022,-0.0005030866007035393
0.0,0.01585414463498891,-0.00021861648340819318,0.00021861648340819318,0.000502756516487856
0.0,-0.0175967394669998,0.0008421566047494331,-0.0008421566047494331,-0.0005580165716697703
0.0,-0.012234826602200433,0.0006721230459746088,-0.0006721230459746088,-0.000387983012894946
0.0,0.011159277893187936,-6.973586557445794e-05,6.973586557445794e-05,0.00035387589865412076
0.0,-0.017819007085749905,0.0008492050136231756,-0.0008492050136231756,-0.0005650649805435128
0.0,0.00552061780274804,0.00010907372459872041,-0.00010907372459872041,0.0001750663084809424
0.0,-0.0269730913054258,0.001139493490225302,-0.001139493490225302,-0.0008553534571456393
0.0,-0.007567865323653167,0.0005241273483821997,-0.0005241273483821997,-0.00023998731530253692
0.0,0.004886869929446425,0.00012917073269649786,-0.00012917073269649786,0.00015496930038316496
0.0,-0.013890984206835322,0.0007246420589665508,-0.0007246420589665508,-0.00044050202588688796
0.0,0.021265869083087807,-0.00039022963532266543,0.00039022963532266543,0.0006743696684023282
0.0,0.006416130719105961,8.06757905150123e-05,-8.06757905150123e-05,0.0002034642425646505
0.0,-0.010653512117636543,0.0006219774102411875,-0.0006219774102411875,-0.0003378373771615247
0.0,0.010798495567894584,-5.8294966727441663e-05,5.8294966727441663e-05,0.0003424349998071045
0.0,-0.0021848931523151816,0.0003534259703185544,-0.0003534259703185544,-6.928593723889158e-05
0.0,0.0008246534476661349,0.0002579891492443195,-0.0002579891492443195,2.615088383534332e-05
0.0,0.017646000146633645,-0.0002754386618242981,0.0002754386618242981,0.0005595786949039609
0.0,0.0015743334544251475,0.0002342157753186806,-0.0002342157753186806,4.992425776098224e-05
0.0,-0.011156934922627149,0.0006379416329466528,-0.0006379416329466528,-0.00035380159986699
0.0,-0.003306980860763864,0.00038900889960812913,-0.00038900889960812913,-0.00010486886652846629
0.0,-0.01973722070834405,0.0009100341798114692,-0.0009100341798114692,-0.0006258941467318064
0.0,0.005538521570653376,0.00010850597173716085,-0.00010850597173716085,0.00017563406134250197
0.0,0.0037812354559083605,0.0001642319075011057,-0.0001642319075011057,0.0001199081255785571
0.0,0.006728194715792668,7.077981621254271e-05,-7.077981621254271e-05,0.0002133602168671201
0.0,-0.04839563335990149,0.0018188314719069817,-0.0018188314719069817,-0.001534691438827319
0.0,-0.05974960534553109,0.002178881385366084,-0.002178881385366084,-0.0018947413522864209
0.0,-0.0023314724921273955,0.00035807420079517324,-0.00035807420079517324,-7.393416771551041e-05
0.0,-0.015700524562941354,0.0007820250478836756,-0.0007820250478836756,-0.0004978850148040128
0.0,0.09515387644904849,-0.0027333189692976627,0.0027333189692976627,0.0030174590023773254
0.0,-0.03460757958472693,0.001381593510178317,-0.001381593510178317,-0.0010974534770986544
0.0,0.018092095201708958,-0.00028958494351124327,0.00028958494351124327,0.0005737249765909061
0.0,0.007944712390868913,3.220238408684756e-05,-3.220238408684756e-05,0.00025193764899281526
0.0,-0.0017277808903947145,0.0003389303179993601,-0.0003389303179993601,-5.479028491969731e-05
0.0,-0.0224083715440897,0.0009947400103757584,-0.0009947400103757584,-0.0007105999772960957
0.0,0.0013268380955802073,0.00024206419018586847,-0.00024206419018586847,4.207584289379435e-05
0.0,-0.023567493023827546,0.001031497330985358,-0.001031497330985358,-0.0007473572979056952
0.0,0.025117204723895226,-0.0005123607332265302,0.0005123607332265302,0.000796500766306193
0.0,0.01666113847096007,-0.0002442073569078985,0.0002442073569078985,0.0005283473899875613
0.0,0.020259113708281262,-0.0003583040513920053,0.0003583040513920053,0.0006424440844716681
0.0,0.007373133469998461,5.032793004159579e-05,-5.032793004159579e-05,0.00023381210303806703
0.0,0.0006407067039131409,0.0002638223509866855,-0.0002638223509866855,2.0317682092977337e-05
0.0,0.005802410694099036,0.00010013768826951943,-0.00010013768826951943,0.0001840023448101434
0.0,0.00147999135976562,0.0002372074916150309,-0.0002372074916150309,4.6932541464631904e-05
0.0,0.006299102138585644,8.43869261723763e-05,-8.43869261723763e-05,0.00019975310690728651
0.0,0.01472657412963474,-0.00018285968716229403,0.00018285968716229403,0.00046699972024195685
0.0,-0.006381597588933863,0.00048650918305947403,-0.00048650918305947403,-0.00020236914997981122
0.0,-0.007693239651855532,0.0005281031390637681,-0.0005281031390637681,-0.0002439631059841053
0.0,0.00434635623313584,0.000146311158075951,-0.000146311158075951,0.00013782887500371182
0.0,0.005799775094835535,0.00010022126671131384,-0.00010022126671131384,0.00018391876636834897
0.0,-0.0007114809122162891,0.00030670206169797394,-0.00030670206169797394,-2.2562028618311126e-05
0.0,0.032558782749008364,-0.000748343306314812,0.000748343306314812,0.0010324833393944748
0.0,0.0072482009835321826,5.428970932001452e-05,-5.428970932001452e-05,0.0002298503237596483
0.0,0.001024415597859818,0.0002516544194263604,-0.0002516544194263604,3.2485613653302385e-05
0.0,0.004132332074135769,0.0001530981556151086,-0.0001530981556151086,0.0001310418774645542
0.0,0.007005272294898557,6.199330885592791e-05,-6.199330885592791e-05,0.0002221467242237349
0.0,0.0008761131291423752,0.0002563572926671143,-0.0002563572926671143,2.778274041254852e-05
0.0,-0.0038802294486252054,0.0004071873929769044,-0.0004071873929769044,-0.0001230473598972416
0.0,-0.01613513066101424,0.000795806999098457,-0.000795806999098457,-0.0005116669660187942
0.0,-0.00044487103794299543,0.0002982474995164804,-0.0002982474995164804,-1.410746643681756e-05
0.0,-0.006708297825321674,0.0004968692924544398,-0.0004968692924544398,-0.00021272925937477702
0.0,0.0204590558452733,-0.0003646444888364455,0.0003646444888364455,0.0006487845219161083
0.0,-0.005571225417268844,0.0004608111779343121,-0.0004608111779343121,-0.00017667114485464926
0.0,0.004011194261904327,0.00015693960060596807,-0.00015693960060596807,0.00012720043247369474
0.0,-8.118516130162234e-05,0.0002867145251021734,-0.0002867145251021734,-2.5744920225106107e-06
0.0,0.0041020419271569075,0.0001540586974248124,-0.0001540586974248124,0.00013008133565485042
0.0,0.005800290454605506,0.00010020492395119315,-0.00010020492395119315,0.00018393510912846967
0.0,7.36874595066439e-05,0.00028180330339141205,-0.00028180330339141205,2.3367296882507693e-06
0.0,-0.005277383403094138,0.00045149304751192275,-0.00045149304751192275,-0.00016735301443225996
0.0,0.010280683010067904,-4.187442536363506e-05,4.187442536363506e-05,0.0003260144584432979
0.0,0.0009199480792858594,0.0002549672267038002,-0.0002549672267038002,2.9172806375862623e-05
0.0,0.00548298940767844,0.00011026697224857912,-0.00011026697224857912,0.0001738730608310837
0.0,-0.002743888954607865,0.00037115248844755977,-0.00037115248844755977,-8.701245536789693e-05
0.0,0.0038224199557175265,0.0001629258909272658,-0.0001629258909272658,0.00012121414215239704
0.0,-0.011296379879250695,0.0006423636224167839,-0.0006423636224167839,-0.000358223589337121
0.0,0.009392659896159117,-1.371400311517279e-05,1.371400311517279e-05,0.0002978540361948356
0.0,-0.008352184790166306,0.0005489991867485232,-0.0005489991867485232,-0.00026485915366886045
0.0,-0.0003092402101070313,0.00029394646126426936,-0.00029394646126426936,-9.806428184606536e-06
0.0,-0.002178658486505891,0.0003532282605753982,-0.0003532282605753982,-6.90882274957354e-05
0.0,0.009606504133156335,-2.049529508260287e-05,2.049529508260287e-05,0.0003046353281622657
0.0,0.01112172017970181,-6.85448593338651e-05,6.85448593338651e-05,0.0003526848924135279
0.0,-3.2861029504172024e-06,0.0002842442398792227,-0.0002842442398792227,-1.0420679955991673e-07
0.0,0.008020121275230219,2.9811065672225826e-05,-2.9811065672225826e-05,0.000254328967407437
0.0,0.005218970885222163,0.00011863935913506232,-0.00011863935913506232,0.0001655006739446005
0.0,0.005164427424532603,0.00012036900655060039,-0.00012036900655060039,0.00016377102652906242
